File name,Original_node,Original_edge,Pruning_node,Pruning_edge,Reduction_node,Reduction_edge
3240f093f1718cc253c808a6bffe7c0141e8f0785716b977a46bf2ed4ed3d608.apk,4655,6403,279,518,4376,5885
11acb017813db485091ab8ee320161ab34a72168f51b166d93b085684598480a.apk,3779,8253,1093,3058,2686,5195
0e80d8288f42d8e6771ed2f5336e4d08cfaff73d7121f971bc7b20924a687243.apk,3170,3744,95,120,3075,3624
05f39b361d503f51f50ead20767c1255c042b34629350c2031c75a2b6ff2d23d.apk,3949,5173,84,99,3865,5074
385a51890cd15f869e251d4528bdde5dc9655434b8825f6a48b667c12a0d1f98.apk,15706,22128,436,649,15270,21479
2eea52e778f230fe1c5765c305f902fb2ce5ed7123b17ea676140827d0ea2b6c.apk,3671,4737,186,312,3485,4425
1f62ef5118c523dc7421165768cab080ec0ffd60dd21dcadbebdf7a5682a082f.apk,3759,4977,272,525,3487,4452
1a0c1551e9f9fb7bb0a2c51e40dd85d0b0b4a4cd6ab1e9df9d641286717b0d56.apk,2155,3916,153,248,2002,3668
49df32a46c54a0770c8ebd08e72c95ae1439765a3ce41939aa6ea9313589a9de.apk,15706,22128,436,649,15270,21479
226c2d55deeaf5e62fb3b2c6e1c60ee4ff5d3ce2f6f64511a79d961acd09b653.apk,6343,9593,514,1054,5829,8539
3ddcc6c2b900eefc049376ada007e5318d6d42bdff3ea5d38315598040cb6acd.apk,6314,9515,510,1027,5804,8488
4d469afebbdc21eae57ef4ca99a92dc1e5f146b30909ad9d9ba0a6630a06dbf9.apk,3267,7176,759,1797,2508,5379
0f27c07b7ea2237d994a0f670319b744ec37caaba7d18aa854b45f6c9a9cdc94.apk,3606,4719,264,465,3342,4254
4574e9fefd439a0edc83d48ad41051fdeaa57a60f51f86ef36030def2ec76233.apk,16088,23117,432,699,15656,22418
45c4b18a46376a123067106316a135c69a90d83601357be455373c50bd9db354.apk,10791,14069,446,724,10345,13345
1674f63d7951d6d65d93f48cbd9dc867ba8ff07838473efa6725743e0ac4443f.apk,396,683,175,236,221,447
0c2b139984e322d613fcea8aa03a733d4918afe3051b3b9becf46a87f2c95056.apk,6332,9556,497,1011,5835,8545
3124f13398ddb51ca1eb5211b59df7f45e3bb869fbf2bb021b5a2ad418e35724.apk,3721,4885,321,533,3400,4352
36f40d5a11d886a2280c57859cd5f22de2d78c87dcdb52ea601089745eeee494.apk,19459,29918,474,669,18985,29249
4fc73e45698bb7da2a5af998d3b737ae59e6c3c98bbc721d8b5de1d2a130b81f.apk,14242,37091,5435,17760,8807,19331
37fa2a59e67c788f6a62210de3232484f96e77eb3143bae25b1c2d49cab5643b.apk,8398,14049,338,579,8060,13470
4aeccf56981a32461ed3cad5e197a3eedb97a8dfb916affc67ce4b9e75b67d98.apk,3310,3962,129,164,3181,3798
41c66281c884ac22888ec80b053bcb72e400e826f5f0786ce3c3460f788a7a50.apk,3759,4978,272,525,3487,4453
26d689c58e4808163a1f7a4adaa6f5623934f7d114f5bb6a6c2c894f670ebbab.apk,3759,4978,272,525,3487,4453
0c43b8c7e2c4adda11902aefb5dbb7456a61164d3c05233dd7c425a8871dbdba.apk,4655,6403,279,518,4376,5885
435103f54fc65bc014d23c6a9ed21ce7e81e95dde5e892765087ab16a7dcd208.apk,3819,4998,272,525,3547,4473
2c2ff52993f006050995a3d04e6144c8462588e17f0e9ee7a9a584a70c427dcd.apk,15706,22128,436,649,15270,21479
134e4810f91b1fef736ddd39b5d48dd5166b4a6991ab545f277fc942b18b2b99.apk,15706,22128,436,649,15270,21479
19320260a255e86571dbe4016b24e98fe8330f1dfdbdf8ec1a2d79f761bf723f.apk,177,279,127,231,50,48
07f9a055fdf9e3e67bfe7a67952747c0020e3e4ffe461122d23b653d4fd52455.apk,68,69,68,69,0,0
43ec4f0911c2ccc941f37f765254b4f29e7b0c433104b963de8a43fa0617d855.apk,77,80,77,80,0,0
4392a8b0778fbe00a9b5c8e5453c717d5fcab5ed94d48268cea3878b63fa860b.apk,2316,6521,578,1532,1738,4989
2229539eb5362e2fe19b7ffbcf0e830f53889848f44674c7d8ae3ccd1ea91cee.apk,544,927,288,493,256,434
4e033ce7be68f64d2d41e551b58da75cf6869465fea1956045fe99409edad904.apk,4029,5408,85,107,3944,5301
1af249b7b5fc15116e0036579d3fd8153f34ebd752afe0c75e3a236acc3e0677.apk,3759,4978,272,525,3487,4453
1a09b2b8c59b3814b0b947329e49552a540fa035339dfbd565da585699780033.apk,3759,4978,272,525,3487,4453
04d7ec12ce08dad04e7836fca5fac5b87108ae6a7a137275292df4da9cd5007e.apk,6314,9515,510,1027,5804,8488
0146c73dcebc9a67726b8255445ea1bae590a8c7e50eb78b2c9880908f018a93.apk,3670,5389,233,511,3437,4878
3b40b54ff0cadda92ab6186c1b31141b7329f9581a987df1d4d62badc3ad08c0.apk,387,529,125,171,262,358
3a24df56a24480f96af817e97eeffbac83749cb8f8ee1d4bef35ca87a3c1cbed.apk,4072,9272,752,1820,3320,7452
1c5de2debaca0494998ae829366594e08c66b28507806384720f19009ff518b9.apk,430,598,131,178,299,420
0a324cf20a32423501fb004d8fb2bc26b738002cb5c07c7ab28fc47e03574af7.apk,4088,9305,752,1820,3336,7485
4507a83eb86cc66bac92345cd623720a1f8afd8e52cc68538759dafcdd256186.apk,4742,6483,84,99,4658,6384
1d222abf4d5804d773b60d5d13894261cd16e123d693898461fe39e5833c1691.apk,2158,3906,276,463,1882,3443
3913bd9da661f3e360f3dcdcec84c24212d7a14ff44f842b5d6cca942e92e6f5.apk,3759,4978,272,525,3487,4453
0c93ac61d8aadc0438467bc6153b3bacfafbe2c3684278a5b32d32214853d5d4.apk,4742,6483,84,99,4658,6384
3ef61e6781e76c13ab7d5519bc094db1dd2bfbf1ea8bf17cacc45a946155cce4.apk,3759,4978,272,525,3487,4453
391af04c17af54c800e69f238c30609496281dff6e924f0b97fb6a016cbd3237.apk,6343,9593,514,1054,5829,8539
3f540b7ae73ea7e192dcff1e0c2780c51800a9e26f9f671690ca3a7e3083c139.apk,749,1571,348,720,401,851
364af7f66f8f361a1229091b279434f6b8ed1c39aa40f80ac907409768360d6a.apk,3759,4978,272,525,3487,4453
1f8f3ec5c63710d8e6f5d407c01c3a8cd5e20235341043e810f7efbe0d346f2a.apk,1075,2009,138,236,937,1773
0297b767436fc1028cf7400a80a46681a3a7573fe81b86bb49fb48c4ca0a41e1.apk,6344,9594,515,1055,5829,8539
3e3199ed8b09f9f1245c29e92da074695759138f6b04b766bab7b2b38c1a05c0.apk,1582,3680,172,267,1410,3413
2688b86c3065ec11e8727afc010d4c639fa9d66ad4908201fa6f7a87fd74d8e2.apk,3663,4798,306,520,3357,4278
2061ceff35037532e729a68622b9fa0415c56823a518bdc48d8f5680e6ad0881.apk,392,622,256,431,136,191
1076a433fa520aeec5ce6ab1049270e4d9db39a97582eb1b18af905a56b477f5.apk,6343,9593,514,1054,5829,8539
35392d12c579ea2a8a367d1a7596245a15ad068272445ca6bb63f4f256483915.apk,3759,4978,272,525,3487,4453
0e24351f7ceb8753d62fb529016754b20656f5e744104fb2dcd122dd7b2917a7.apk,8398,14049,338,579,8060,13470
2a1f6d8b19366d0da803a03fa704ae9af03e48f0a4463b7ecb81f8f124fcd0ba.apk,3759,4978,272,525,3487,4453
400336bae1e59486416978da60a94677f5f7accb0410d6ff3da3983cadc1b9d0.apk,3814,5042,230,440,3584,4602
449018c875b000c44ccaf19163839ba107ab07c68ef1ca6fe0cc9dab342c19ad.apk,69,73,69,73,0,0
1b509183005dd475dc83d501ce3f8399f062e8cd5e0efb90c05d3c3e9c57f064.apk,1595,3230,187,277,1408,2953
21c3a37c3405a5f56b77c4ec49e9e34143754f7381a0b48c9d592d33f62ea421.apk,1812,3503,282,566,1530,2937
37582c51779a48625e7f91b8306879ddfc2c31ace5e902d56d9c5b3239e3fc25.apk,6314,9515,510,1027,5804,8488
05832e6d219af1c1a856ec370c18a7537b5bf63034f1345d063e249469dbff05.apk,1432,3267,324,743,1108,2524
490dec237671f709dafff8961d90101b7f31b0b3c58e465116216586ba7e2b61.apk,3683,4741,185,311,3498,4430
4890b7395ae304d2b1a463d54fcf99fcef6c229c1e6baf0ee496c852f72718fd.apk,5628,7248,196,258,5432,6990
2fa1b863492b8ae5f53422c24306c94963161f7ec6a6693b54e81a873e91bd9e.apk,168,273,129,236,39,37
27643f63241344ecd7cd8e2abfff1790f235df5f0c6daf6c52d530a73b3cfc9a.apk,4656,6407,279,520,4377,5887
4a72a7a1a1bd5b761c69240efed4eb4c54d95c935f5e4f6261f4b5976aaeb747.apk,301,487,158,304,143,183
0e2a12139ccb5b4febee799ecea1c1100fd0bc5ffc5a27c58791a356ff2fbdcf.apk,382,629,154,249,228,380
380d96819f16b63a396dd90a908600b0444ecaef1a6f3b0b6cfee4557c151e5b.apk,3157,10961,293,858,2864,10103
3e2943e483ca808e3c0573800000d3d643cd50043cbcaea6901fec9d3d6cf146.apk,452,939,171,266,281,673
4abd5480b860f9efae615435e55e4cfb1d3c5f72e248e6e33d4788ae5d77f604.apk,8395,14042,338,579,8057,13463
315af0395294220a495ac358bc2661da31dffe04030263951d1aacb333392aa4.apk,3017,6092,357,640,2660,5452
14f41995c4d496beeff3c0455b91bac9835319a0cb280535a4781a1ed6c610bb.apk,3663,4798,306,520,3357,4278
3bc47fb478b1bd3ddec3a76b39b7c26d57557c8d65082f3e18d077cb97a8c7e0.apk,75,107,75,107,0,0
3adecd4f39520bac2a3ffae16e568cbc88cea9e95b336377bfc23516b8b3949f.apk,105,151,34,33,71,118
472c38d470a3712301205d1954f64e9f5ecaa0dd999841081bf9d0118d00133a.apk,6314,9515,510,1027,5804,8488
0bdd0bb17a39849b25adc8f61e19ab736f7a3fad17524e3725fc0aa2acc52a5e.apk,171,268,15,14,156,254
2a86208f517a9fdde1a0802a82af76c2e54baaa672da7390737a86859e5e099c.apk,119,125,119,125,0,0
2b9e30277964e7777ca0bf6f89ea0dad82631cc6c203cd1be0125b834683f828.apk,9257,12313,330,527,8927,11786
36576c361fd4f7a2b8559b615a6cc017e8bf5a51aab3bdba858eb99ae879332b.apk,1596,3220,189,281,1407,2939
3797f0a0af3266891796edc9edf5bc7f80658ef14a824362e4b4e37fab0d0c6a.apk,9266,12320,337,536,8929,11784
1283bd224292317cb72408f2f99d06455e8bf6c639854a2f06c76a29d7414052.apk,3688,4770,186,312,3502,4458
01197158a830b73b55e28918f2db8b50b78d9564325535560932d189cf2169c7.apk,11307,25681,3920,9891,7387,15790
09e98f8072825e7f30feba15977128dd959271ddbe2dd2d44fc5fe60e9c4fb08.apk,387,529,125,171,262,358
1ea9505c441af3a9b7546dbbe664b41c948a8f258632fafb4e436538365d67c6.apk,1962,3620,239,389,1723,3231
4f9e17a36ce8a73e3fe5a700f1c3a2c0316ef2494c3acfd2ee1090eb8f1f70ed.apk,3688,4770,186,312,3502,4458
40d743576a62bfd555d3b4040782fabc3e4875276c336dbe6d4a7de05e1b8f14.apk,4029,5408,85,107,3944,5301
37f06bc184162d65eb85fabc5b4072cc3a6510abb7813f6470fe5cacb300053c.apk,12259,29715,4623,14138,7636,15577
03c9e4f7e3649c4189dc78b6c32ae963c0a03bb67a04612ce0510e9632762865.apk,8398,14049,338,579,8060,13470
147f00820e22b27bf17786308d9e1c6023cc09387d08906169ce033cacf65597.apk,15896,29004,834,1462,15062,27542
3044b434a9fffb7e652d7e3888bdc7cc743695c34e9189fdae0507ad32925d9a.apk,168,273,129,236,39,37
0dcdf611d4493778bb4eacadfacd0fe73dee6aa2a7572218779b9fa8736ccf8e.apk,628,1166,324,560,304,606
40d2a225412975f0dfd00efb41451762b50146bd0e4099882b6b329d32d312ca.apk,659,1312,229,371,430,941
182ec5617d629c5ee4b8035c865d6bdc1d5e0228bd714c6ff3463032f14ad170.apk,4784,7588,395,723,4389,6865
3f55956b1cad24c5e0336f9b85288519b05c052752d9109609632d8d2f2aa9ab.apk,3759,4978,272,525,3487,4453
2c139b3e921e32b6ffe76db0de81a99951d6f581756bed32851bb97f9ffe43a9.apk,3670,5389,233,511,3437,4878
13b883410e7653e341f5c4be454024ebe388af4a6995f3dcad72a22732d8b645.apk,3671,4737,186,312,3485,4425
10d612a27cb5d65f4e435534cf0dc0750018099d263a5a4e2272cc02fcf2e3e3.apk,177,279,127,231,50,48
10ee85e19a1980b15377d61ba9f48f3c3acad79a66e7f45dee4ed10daca4aed5.apk,12264,29769,4565,13996,7699,15773
4a82578ed7d78bf8a39c1185789b5d2fc0a5e3df7c95636de6a9a937804c2fd8.apk,392,622,256,431,136,191
3fbfe425eb890251b54f846161436c60b6b37f6f0f0b4a82cc951270f32c7044.apk,6314,9515,510,1027,5804,8488
0c3cef96d6d6e4aa61973d3075f100c768f2754323617fd9fcc8074ec5fc4ad5.apk,131,170,65,97,66,73
09912a81c93a5d752ce371520c9bf3add8f0ee87d08b8e5b532189fad98923a1.apk,5663,7594,230,356,5433,7238
302d5e6d40dca83bd4856586b2b32c0c49824f65343041fa84e8f12207a9a5af.apk,31436,86022,10445,39691,20991,46331
39aaa5d4ee2ad679d2d7cf3e52a4572c7908686d482e5d9b1869f028434f2c2b.apk,103,166,42,44,61,122
4e21e8cde3e53c20a5e35dc63d2677d0c1382472a3fb540649349ee970a46451.apk,1595,3230,187,277,1408,2953
08e0a1866f2b95bdd7edef436ff19fa815905f5ce1e1683c4a8ed165520b7dea.apk,6343,9593,514,1054,5829,8539
0bc3a1a1eaf39f988fcc22ad34d42acc3a153b6ae5101b8436dbeb43f276300d.apk,2470,4488,152,192,2318,4296
27f048edb07cb55a4b028bd037ac0dbfa222cc06f483951719641fadf7892d9b.apk,6332,9556,497,1011,5835,8545
4d11ef55933f817751313d9084b9d25f597260ce080df0b4374a6f4b386e9beb.apk,4742,6483,84,99,4658,6384
223f9bd3b434f411338ac18f9566702a2c07b187dc2170a93a184abc7eceb017.apk,3170,3744,95,120,3075,3624
291aa570331312eb27f4655dbd191a48fbdb4526a97def196e8b54bb91764512.apk,6332,9556,497,1011,5835,8545
2d1fc88efc8b8f077d39642f7e76b4e5e9020422f508f777c2ff17970671f3f4.apk,6343,9593,514,1054,5829,8539
162108379432a058b156fe33f167e1a844aaf676f61edf316965060aaf35ab11.apk,628,1166,324,560,304,606
09b0c19ac66eeda20ba4a9e2a077ff634f73d0f7b40933ba2ead9c0df717e0a1.apk,119,125,119,125,0,0
3e47d70a91f4cb12eb9ccab6f5163af1f95e342dc175d70d6bad84d51846ea4c.apk,6314,9515,510,1027,5804,8488
164b0493985655f05845488c9d571f958466529c27aaea304a37726ea58e150d.apk,391,890,209,476,182,414
22874e9cac086c8036f2de0b2a89f8e7f9556a2281bcbd3910c1f16fead1d745.apk,104,167,40,42,64,125
26694aaca3596830a85026751645efd65010ddf8cf69a2912b942bb7a01416da.apk,3759,4978,272,525,3487,4453
24a9c398ad2eeaa75784b27daf559afeb9c705143974bbc6d4bbad9ef228c53d.apk,6314,9515,510,1027,5804,8488
4452f16250e9badea49914394d3d5f77155903c554d801d8d82e4f669af53548.apk,3759,4978,272,525,3487,4453
0dedac4bb4f0bcd6d6f5ea476297235526d848359f4bdac30f14abcd9a579ce1.apk,387,529,125,171,262,358
25f7d02918756cb93faacef23c7b0af83b80b4a2188fbbf385ec7e19af0cf019.apk,3759,4978,272,525,3487,4453
4bde4032e6ffdaf047f3b0e4343b8c4e56863ab4b21fdb139c3aa8c750eb7189.apk,3404,7355,1121,2411,2283,4944
4faf3c7f24ae2d5247bee97a9c1b0d79c531965b24d4e78d4c2a0fc5cea702cc.apk,6335,9573,511,1042,5824,8531
16f5e572dd75012ec7234ce6054de7714b7494174ba46ae380597879a2915850.apk,9772,12943,894,1380,8878,11563
40cb5c4c7cc816973afc71dab088a18c307af6024e080232dee14a340ce18f63.apk,339,536,238,392,101,144
3aba69c964b8e28bc94d46566294f3f93dd3cb59c198edde63f939ae7c2adc7d.apk,3017,6092,357,640,2660,5452
4617b73a4aee599d8e0aba60a32da33314b822b3f67680af9dae9b5e57b68927.apk,13760,28020,3857,9603,9903,18417
312093ef3174244113824df09743543dd97f62b6aec5ef860eacba9cff679898.apk,2470,4488,152,192,2318,4296
3e58efe7e476e211747fe4f376cf91d940639c6e361fbf4badcfe94c4363fbb1.apk,3759,4978,272,525,3487,4453
502892d110f195f01ecf703872158b30532ad89a067e23ed79edf557ec8f0bca.apk,170,279,129,236,41,43
46f0092fd37820ddeb8b61df405e5e0dac0f88e88e68e0c127319a7fea6eee2c.apk,1481,2433,178,345,1303,2088
0e821d40da4fca321c50988fd8b28ff9f0b51250c6a04f8455cf8e41402a3867.apk,3759,4978,272,525,3487,4453
13da4d599eb06a1325b882fe39e5a47eab49e861370dd43ac53a4cbf10d664f6.apk,39173,97126,8415,27651,30758,69475
2801cd73c8e0b034f57b3551cfe421b03a7aee1bc0f7a87965ea441417f4770c.apk,177,279,127,231,50,48
4759f7b3de9ecdb609a82a54bf890e8c2304d336f82fed7555522044b7e75227.apk,487,748,205,305,282,443
20252340e3f63341ad8581270482407e2ac9b37da741dd7b9672ad58bdb77d8b.apk,1586,3140,189,281,1397,2859
1fc8a11212c4872e6b709b268dfd5e926036e0507c6cc049753a79aa93a8c8df.apk,3267,7176,759,1797,2508,5379
4a42c6b385361c356fb3524794be7772f6282aa46ee90cf2d3f88f4a9b273f9e.apk,2179,5062,796,1962,1383,3100
3f001ecb79200d6397e45a914155d7172b0eb16367135e2ddeb23dde00612c66.apk,177,279,127,231,50,48
26a266f0dbf0c0d21b79dadb71dc626b67b5ccf121310cf6d94945433719b11d.apk,450,934,171,266,279,668
26aad47aee0df31862c83904148350671bd355237fe56680d44ab4e6003e2b30.apk,1108,2395,698,1609,410,786
31c683148fa215d76bb3d9b7d567d5c569346ae477a12f438314d5d98ec6b43c.apk,127,132,85,98,42,34
050d33b65220a312aa5740c62182ec5d5fc45344f3782b05a70cb08890c36082.apk,15706,22128,436,649,15270,21479
34e9b8c68d2948100c4e4d00fba8641914c8d293c8a6f673343b4a276eaadb04.apk,1596,3220,189,281,1407,2939
3c1c2d9c74479056bad0339bb5dee7aafd3457d3da7b6bfef4d6c8052aab6e6e.apk,2316,6521,578,1532,1738,4989
3639d7e814865660fdfcada898a36027158fdb20e160d6d149ec6c1aa7a28bf4.apk,16088,23117,432,699,15656,22418
0ca7aced58908a9f5729b2c6d213e100224a86e0c3dc270db1c160efd78792ba.apk,6314,9515,510,1027,5804,8488
38b8b4e9050f72f20135c79641ee56f7820993b9527ac599123753bf4ee7e0dd.apk,377,620,153,248,224,372
159a8b22808a87bab6663d31b1d541caa35ace4b544885ae3ac6a7378580a32e.apk,4535,8968,4535,8968,0,0
211707a0764ee25348d78b4c8c5e7b9c9642f36f3e06955abb01bfd4d5aff372.apk,2158,3906,276,463,1882,3443
304e12bbd8d18746505e518929a4a831537672506301f6754aca9096bd1cbe19.apk,5858,7814,222,313,5636,7501
433e7da1630264a66318956b923f60ceb112f7fa9e6d45b90b8736e4308cdc35.apk,392,622,256,431,136,191
31f0e7e31f8a1f384d0a820e20354af26c1fbfacf394ea5a40192528dc85cab0.apk,193,125,193,125,0,0
3245aad6a75ec74a0e6d1fa27af60f1cef930e7fe8963e33e817137031b688b9.apk,5532,7215,196,258,5336,6957
10066f546db013018a715e09f0118a35eddbd54e6d13db48356424d3afae0ad4.apk,3759,4978,272,525,3487,4453
2294e65868b6f6ce8379b76db016f908fec34f2dbce6737282f4f5b3b9b7bd3b.apk,1592,3222,187,277,1405,2945
3d28f04bd4374efe23bd388a5c04ee22d69e52df1e6070b1587bed9c2c390ac9.apk,15706,22128,436,649,15270,21479
3a63c111aa88d1158a4d39998754254192c918fb3d23b75a7929bfcd711fca23.apk,387,529,125,171,262,358
17ebb7781ee7ae2a839260ca8ff6f886c7f3f37073cca0075796a1cf11229168.apk,15706,22128,436,649,15270,21479
1ecf4b40e9da782ac3888b979c2dad3ebe28bda6c32e9a1c2a6593ed5705a283.apk,8720,11529,325,519,8395,11010
344efda1cb3da63dc53fb4dce1b12cc1c1937a0099bd4b23f8ebc058f42db69c.apk,38194,90563,7752,22270,30442,68293
01dcb58f06665ddfcc8843c8244a1cdfd956f0fd574ceea118c0a510edc09ec7.apk,168,273,129,236,39,37
05860afb726e1127a712f809c8b0bb7748a6215980df46567063c6153d1028a2.apk,3759,4978,272,525,3487,4453
21627baabbe8492a0d92d85d17616053dfc198eb46c2f9a9fc43de3d062eed49.apk,6343,9593,514,1054,5829,8539
0f031d8a2ed2eaf70eb6fffedb9374fe897de74958d4de77d6dac8a439fd344d.apk,3759,4978,272,525,3487,4453
4e48dbb4322890b2b4634b84caf39f55ae2a2d4b98b8f4ddf96afca0e450599b.apk,430,598,131,178,299,420
0e841b7bb57cfcbd3130be7461dc3f01d624c071016570714688cd265102daca.apk,3688,4770,186,312,3502,4458
2a8659e298c668f82f1d82d6636cadc54c12a8af0860bb8658e82ded108dc46e.apk,10371,19115,1957,4847,8414,14268
40d751d51c9c2220eda68ec5c567fe959a760ec7fde6bc62dbb0b791c4a682e1.apk,15706,22128,436,649,15270,21479
45c7ecddd5dc94c87c420220021b07f664e1e212629be9c3d23186d25657fa0f.apk,3937,5160,84,99,3853,5061
4c23a4f6b132cc88837406d2d83fbb3fbeb46fca2ef7f6a85a79b7ecaa497d21.apk,38252,77453,3228,8317,35024,69136
1f44c839e6aa2a5f044fe8b44b33b53068e0032299331406f10c9adfdf2543f8.apk,144,183,57,67,87,116
1889f08db8a15fce0dd51a8beb9d166285b8459df1eb62490c46e8204e169199.apk,2155,3916,153,248,2002,3668
345193dd2506bb04245b9e355ee8a7107a6de780e5ca6e03e93bf724c0a35038.apk,3937,5160,84,99,3853,5061
03e702ca00e39c95b4683fe538cd47eb385cffcc47ab3a6a293908d63801bcf7.apk,4656,6407,279,520,4377,5887
2e1db4e4ca10f637c4b595fe6bfbe7e8d0c804beb8dc8e625c686e52bc680967.apk,177,279,127,231,50,48
4bd843a3ce5c18398e465d439cb0ba2a6f6476c6294c502294742ea12d3dbcc2.apk,64,57,64,57,0,0
29a75ce7a3b58e0d86724765d9c50bee9642e17bd4a59a91b6e9094653f8f5a2.apk,15706,22128,436,649,15270,21479
2622198d686eb72ac75491cf54e3c5acbb839a7546e53706824ae0115b13f6a7.apk,4742,6483,84,99,4658,6384
27a17b0300d1bea18d4126dfa7dfc680cd0e21f52d0a965fc29a6ed942ba62f9.apk,9268,12322,337,536,8931,11786
1d5bb50fec40368918166cc219eec948588031daec44cf9b038cdd35ca1e14eb.apk,3937,5160,84,99,3853,5061
4277d2451f98b24c2e2a48549f33295a6297baeb85c67693adcd3f11aef98438.apk,387,529,125,171,262,358
2b29d93e58ab328a0c9418001d7748dc4c50b514c8074f4c00556b890df31644.apk,3988,5438,357,893,3631,4545
40447ff74d4f269e3968e1c638063c2fdea17a7dcde36d548b698927b83749e0.apk,2156,3947,681,1271,1475,2676
427fd1c85b2d12f10324b39fd39de86e1bd68d5d155f7632c6ee161e61feecc9.apk,1108,2395,698,1609,410,786
37bd19d5b5657bfdd5ffa9cdb4e3d29feac88bcf6ba820c2e8b95882a9f05583.apk,3949,5173,84,99,3865,5074
31233c196ed643e30dd64c26c5f660f0031517a40558f587c5ca226450080db5.apk,58923,118754,7862,20362,51061,98392
4d5fc858e4e8f305c6c2f163acba696f4534aedaff75e8c1e0c0ce921bee47c4.apk,6343,9593,514,1054,5829,8539
4fd2bfb671c270d76e3ed3e60299244f09c566a48084d2631a7c8b3bf2f6cffc.apk,1352,2824,309,590,1043,2234
0d41deccd9d661858e68548f6f494ca902720dd7a01cee7199f2c624847312b4.apk,170,279,129,236,41,43
2a2ea0b180025105c655e5f84e00fa31b12bdb663e80871c26a895abc2c57892.apk,3988,5438,357,893,3631,4545
3b2ad9b5565559ca49ec6d65ba6cf85cd05690cbdfe40a8cd48f0bc522cd977d.apk,3681,4751,186,312,3495,4439
0e52b11084fe4b6fb7ef1b64ccd5b11ca953e312280cf2cb70f4136cb9d8abc5.apk,3759,4978,272,525,3487,4453
1aa10f7ea0a4a1447f47177365906bb85f0184514c1c220d8fb280486da8dd6f.apk,505,1065,291,597,214,468
1f9a961501a5eb94017433af4215850d3d614b46991b96562fdd9b25b5e39f21.apk,9267,12322,337,536,8930,11786
2fe5d4d0d446b1339038e89c85e5a86b340df0c14a70737e53b3ad5a505028ef.apk,3899,4995,166,266,3733,4729
3a1c5139231d40f5bcf01de7483ca8f652108481b324eb55a7627f13a6c31330.apk,8395,14042,338,579,8057,13463
1f497e1d127cd1d293d1a0bbc8a6faebf928284bdbc69674e3d8586463da6527.apk,19459,29918,474,669,18985,29249
4f75c7adbc6448dbd8332a9b2455c461b0e222c0ffb209f22eab9c23de29fe7d.apk,6704,11137,6704,11137,0,0
4ecfcf8ea0f4e3739fb95f7c41d05e065bfd6f6ba94ff3591abd2479b86eb8c7.apk,72,71,72,71,0,0
3ce30dfb76ca2229a1187cf6cccce4f5a8e56276bc8d8688bf852ef550465ec5.apk,3759,4978,272,525,3487,4453
4e1833e15aca8c7211c14d2f34cab41f2fc0d74d984e125eef41df54d8c6b645.apk,6343,9593,514,1054,5829,8539
3346a53061ccadbad747912f389e544903c0fb79a14c2b0e6ea5929e960dc62c.apk,3759,4978,272,525,3487,4453
3ee340dc9acace543cd9e033fba4636732780f7919242ecdf1e51449dc1e30ff.apk,3759,4978,272,525,3487,4453
42bb07e489c4bc5bced0d2d4d4d2f04097b0b3908bb9dcc402015c1ae21b082d.apk,77,80,77,80,0,0
41fcb9a8ce9566a68cfbcf941f041526393c15cefcbfd7e6a73a5a3bd040fdf9.apk,69,73,69,73,0,0
30baab7000e14cd4a430c8a4a75ea3cae347a6360e0b75ae68c503b5e576cb52.apk,3618,4545,129,182,3489,4363
2fda294cecd642b503b4713ed520dd84214120135e655b14ea3562eb72d07075.apk,661,1307,349,838,312,469
28ec3b362d94be21f999728a4af2c7e0b1e7009b4cfa5f52550e549bf89faf1f.apk,3759,4978,272,525,3487,4453
16002c18c431bc664c69a62e6726d1496c078114cbde6af7bab29eeeaaea05e2.apk,102637,243681,22621,68549,80016,175132
1eb6792f8e2e781a832a0cadb7eb671451a7c07e38020eeb54951219515f9380.apk,15706,22128,436,649,15270,21479
1b754f5d94edee6c050c4d76fd4b5e6670572dba5ad81ce69d2fd8403b4c6bec.apk,7597,11751,297,432,7300,11319
2071e39ce27a19f2e597c026075dd5a567779279bc0e0ce91896332687dd6022.apk,5999,12613,1396,3379,4603,9234
4f4b98d697da4269fe2e0185400c42595170c5aa2490f82325b9e745dac84317.apk,11869,26278,2311,6460,9558,19818
11dea50bcdca763ec30a1bcf24230faf6f6640535917b730e906611c307ba723.apk,8398,14049,338,579,8060,13470
413bbedc12beb9c41d24b5f58b58e9f63171bcca8f4387f8feb5ffa8269eb82d.apk,4069,9266,752,1820,3317,7446
169f0ef6c02afa971b580dc6bf2b7c7a97f18680fc5da6f613e1ad14366eadb1.apk,2155,3916,153,248,2002,3668
1f60054200b37b895dc3e5cf1bfc87fb1d9a9a17d70bb5519cab879aa5f8fa7c.apk,2158,3906,276,463,1882,3443
29df807885f82a69b034afe514b21098dd9e584d4b59af1bd699b9df30fe7472.apk,6314,9515,510,1027,5804,8488
3bf399e9fa2a51533f9d67e090953f0efed5010b22d478e436b94e17619e2d87.apk,3759,4978,272,525,3487,4453
0e6a99e8fbf567190b2bbf9f1148a7f50aaf07616765d2f2b370bad91bcf481b.apk,387,529,125,171,262,358
1016f21beda44ccb2c2a85a5a2db8bc638c0a942854b54bbbb9614153d43e416.apk,3759,4978,272,525,3487,4453
007556ca146f4b2e9ac6bd51dc66be5130538d514f5aa04d60c1a0b079585ef3.apk,9266,12320,337,536,8929,11784
2c7ef4fafc2e96c7c9b9d36e2523798921f6a6e5abb71a3d8919d63663147873.apk,158,96,158,96,0,0
1e667140c761d82cb3727afc58ee127e11c8b91c3a4dfae4a6e99930dabdefc5.apk,3759,4978,272,525,3487,4453
08f5814236692a88dd9684fd92b928abfce0222e343049d2ec26cf715c28a16f.apk,3671,4737,186,312,3485,4425
321edc61a42bc07242e64829ac4749117ad4bdb6eb278519bb4a0a6cd9f38ea8.apk,9256,12313,330,527,8926,11786
4f4162187f06b610965d3cd9cbcbe60b5125301e191049aa42d170264d008f69.apk,3759,4978,272,525,3487,4453
4692779696ff6211858935397f63c93103daca0d1cf6aa3b2b136981339faf48.apk,570,1082,308,618,262,464
2e617107a77658c518cb43e9f4feed5251239cfa928cdd4ae6aae1fbe685b818.apk,3759,4977,272,525,3487,4452
2e892f370f01ff44476f98baa69a763dd518a2baba8f312daaab02cf4f726425.apk,1578,2980,38,37,1540,2943
3e55d9fcfdbf2664ec2f7ea3efc37e63ed4708796cc036237978d78a050bddf6.apk,15706,22128,436,649,15270,21479
3bd225f5d3101685fad804d425fb606321fb4629e5af1e832caa0806d5b0d066.apk,3937,5160,84,99,3853,5061
4a6885a44a8f30089f79b903a6b0d86635bcc307f43817cfd45c65956aa3907a.apk,241,762,241,762,0,0
05dd421cd48cdac413ee8f96287a17433cb15a8074b02a1638ec8cf2737f0f8b.apk,4655,6403,279,518,4376,5885
209ca2efb5cb4afb047d70c687c35a4cf5d83ddd34a5ef4cd1d98537efa0ff15.apk,1108,2395,698,1609,410,786
2c07fb81ddcbd02799085a8991ee3be6da60d9f2903629af5ad36e75166e2cbf.apk,3949,5174,227,411,3722,4763
0f1c073ca05bc55b7c006911afe6b1e36d71bc20c96a67ba65b3551506d3ca27.apk,16088,23117,432,699,15656,22418
254091af35706c1cf0302286ecd1cff89fb19b7d9002c043b5b5b6eb0a731e8b.apk,9649,16598,357,794,9292,15804
2e69a9257d40af158fc87dab98a1b127cf8242b1a6d24cd243b1d0cc5a75165a.apk,8502,16105,1195,4137,7307,11968
220eba7be040604635cf9b539438953bd9091b22a87e9bb12b0009a85e58e8c4.apk,16088,23117,432,699,15656,22418
2cf29dbb3ff5aea973c9ee85f7d0c9b5432778775a36d949cc2b3a4c5d6956ae.apk,3681,4751,186,312,3495,4439
2d56704129cdee49bdee22ea050087c286e0027c687cf81931a52896ff32f2cb.apk,1047,1356,559,822,488,534
41e841ab2935a5e0271c68b3cf7f0aab00dcc268a4d1ba77c7f053479522a626.apk,34040,59363,4540,10579,29500,48784
1ea794049c44af01bb2a840c446d21102ef0d7e0f891a5072996a89531ea2228.apk,4012,5354,84,99,3928,5255
032048f2a8854acb8186e288c40815e2b7e05dade1d1dedbc3bea5fae5e1d59b.apk,6583,12546,903,2007,5680,10539
48b8f4f58a1e8ab7a1d27c9271b0c6a9399e65ec1d3603b64cd2d9095b7ad4a7.apk,447,926,171,266,276,660
4c8ec989cafb8647799db257ae33bc628c06cb5bfb3b265dc042128ec58e5c8f.apk,77,80,77,80,0,0
25e38b24f60570d5d7fe909662fc6d1d3e4fda4f71dd87d50e0978b3d4d0e439.apk,12264,29769,4565,13996,7699,15773
0593770078817bf75e2e281aac3c8934987c470ab63f89d995b92c0fa87572bc.apk,3812,8484,249,377,3563,8107
368a1f5d7c56c0ea12d96742b9978c6097495580fb74fc01e8df949873962200.apk,3267,7176,759,1797,2508,5379
4b9c32290e34cb8027903cf8991b67789e3c34ac3e5616142a9e0a4719df8b3f.apk,3711,4814,220,395,3491,4419
419c0b6c07123ba4055967c1f3ee9090d891d34db6823b4174d864a4013d9b15.apk,16088,23117,432,699,15656,22418
1f4f60478d9555fcb0de9ae522aa76c1fc5c58ccd7c55cfd5f61b01d8dd8b673.apk,9268,12322,337,536,8931,11786
314d8dd47e62cb57d21f2f1ddeffaeeb026a909e8869855e1d2ff1cbf909353f.apk,4012,5354,84,99,3928,5255
478366f9049d24d1c11bc1d38c8ec05a3e6c6f2ee7f687bdb8fed133618d4744.apk,77,80,77,80,0,0
4aad1479378f0647fcca97d8bd74792e873f4ea031de0917a48cfc71442408ca.apk,9723,13199,240,345,9483,12854
1a90cc4ffb896d6f6ca2c343f0c55668a8321b669d2e4be7beba275fc165d9fd.apk,2155,3916,153,248,2002,3668
34f9c455dd949acb102d5f3824151bd41bfd079990df4c479ff6f12c619954e9.apk,387,529,125,171,262,358
2426ff25f8814d77fb25cb45ed41f3bb77ce1f3c51c88d5495d923528050d591.apk,3683,4741,185,311,3498,4430
20c7ae2e035b74094c4d0497a0f153d021fab5d4578013422b0bbeb413aa8294.apk,3759,4978,272,525,3487,4453
18b46fc83cc199974827e40f2cbe635fafe5f1bf8ffb57ae60aa05d1b506ccb2.apk,392,622,256,431,136,191
12093d062c388c749bf6e35868646ded093126ba741c137aa21387cc1a3eb5d3.apk,6343,9593,514,1054,5829,8539
015c7a94adfa26b4279add7a0ab57133a9e5cd2b403b90b4411cb1a7814defdf.apk,4742,6483,84,99,4658,6384
0084e4fa19aa0434a36129a7cf567c40214550d454d0e6d1b87b0b42e747e84c.apk,3937,5160,84,99,3853,5061
32daae31e9c540d301121d3c3a3d61a467e9768aefd537b1ac2ab3bef31a001a.apk,9257,12313,330,527,8927,11786
24b918e4f462f44f898ec09d285faa9db7dc108ac3439ecba7839ff96af1188d.apk,9593,16380,321,654,9272,15726
0cb50e0d8eac627209c36539a1bc871014c5b3cb41fb277efd1fbc1b102e12f4.apk,3899,4995,166,266,3733,4729
3f967216c4a0ecd3e157730d2c0b4a55f4e95a4b7789439d2ac70c6c08ead45f.apk,69,73,69,73,0,0
191b4eb236c5ef2dfe5b942262d01d118ebf5c9a225ef7f0cba5a184445783aa.apk,6309,15393,2599,7830,3710,7563
183281b4b788b07b0e3a15d865fd8c39f6ea3e5b38fb8a184c7eb96de5818e0a.apk,104,167,43,45,61,122
0d3b63267ff937111ce8899e0f0d5def865e288912e58f6a361036c1e169a54f.apk,6343,9593,514,1054,5829,8539
4c5c475cf1e8fb2482316acda75831e80155a0d0e96ab5e66f5e0abfbe3597a9.apk,3260,7194,786,1882,2474,5312
122c4d48234c82d27bc6c07fff407a5b8c8cea319c88e6bff9f5b1f5821c33aa.apk,1595,3229,187,277,1408,2952
37be340f7e55b7e53fa1d11a133185d9c83be47a8c5c71f0d82104d1e27c8241.apk,104,150,34,33,70,117
270b940322eed96cce371f85d265fb867f4bc667258404710fed7dca8a30e77e.apk,3949,5173,84,99,3865,5074
2ecdae58b04faaee65b8d12cb7fb1a9edf89d6e1506f084e5f806868cb62e9b7.apk,86,83,86,83,0,0
40fbbf6c01f80d2cc22019a203283f0132e7487f53b11b324b100dd67eead1b3.apk,6343,9593,514,1054,5829,8539
217979122ee2cd1b21ab3258facd8d4d4cde0b14bd5ec74bfb57e2d7b773d174.apk,6343,9593,514,1054,5829,8539
31f70528b5244e6b04b08233e65606766c74ab6d3275ed9db3ac0596f16d0e9b.apk,3949,5173,84,99,3865,5074
1a823911fa1003cedd19bf7a8bac49ac067ad2000c30a94683b4fbf283318bfd.apk,339,539,240,402,99,137
1b325c7e18a482530e56543e6dd38de1aaf1a902a11be98c1c64d93eb24e18fd.apk,339,537,238,393,101,144
209f75d60793df2dd3baed42b79ae07b35a8c1422f6820e4c1579b7a8dae491f.apk,9258,12314,333,530,8925,11784
302c060432907e506643d39b7981df16a61c61b84981bcec379fa8c5b2ec6a99.apk,168,273,129,236,39,37
303059d9b6fd5d52eacf7855d582c513c6270f8266bc0f675bce180af02f70a9.apk,4045,9907,700,3413,3345,6494
341ccc68175fe4bd2eb795902c0ac7836b8fcfa025447c3d80fdf6e1701a32dc.apk,3759,4978,272,525,3487,4453
0abacbaa9972a323ac2a7bfec566054b32ba53f55da298145f2d9ac50d5334d8.apk,5532,7215,196,258,5336,6957
3fd18e6c944654bc3252e6183fe96c95faf8d6a71dd3b67009676ce3ad500caf.apk,4012,5354,84,99,3928,5255
28a11e68352ef5c3b347b5ce58e154e75aca27c779e15232bd293df81efeb0a8.apk,628,1166,324,560,304,606
4d362bf7d26e3ca35853db5f4e748a715e57d1015bf48f1fc403fba359a27936.apk,308,480,210,339,98,141
4961f4d61537281bd04b7132857befd16248620b7920518b12db6ba26a488dcb.apk,64,57,64,57,0,0
3fc4a4aa4ab4e49f18189df717223a4ce744aa96cd08bf2d5fd2b408c90c3fd3.apk,15886,28962,836,1464,15050,27498
181f076924c708d66ddfb5b30a1daa59bf86f43393d46b2f342de2025e782fbf.apk,167,271,113,205,54,66
274214f98645c98a7b07d90dd7bb1dc862f8efa1a542c7e6f28faf686e49ec1b.apk,3711,4814,220,395,3491,4419
404f9200ef990d51d7d45c1cbc3f6f2638657c2200688abe19aab3f2906bd00b.apk,16088,23117,432,699,15656,22418
18904a64c2b0533b601a408ece9fdbc6a87a9bf358198b5d8cc1c7878f2cf1ea.apk,4784,7588,395,723,4389,6865
3678284d15c8ecbe4ad6f38082a80b9f2450096ddb0cc41291b881aa30648e74.apk,39026,92645,4795,15185,34231,77460
3a2666411367f83a0c322f1a273ab01dc63874a7bfa0ee92df4a96fab575aa24.apk,5300,13923,2127,5710,3173,8213
02af2eef6bef09822756db10f8fcc6e15f6bd034bb1cadd3fbf1737bcf0604db.apk,867,1358,472,828,395,530
1e87932942c155333b0c4680d8a4e54090f5a76d6b29f4d2dd409a92ddb08033.apk,37032,73032,2571,6443,34461,66589
1f83e4313e206f42ad660d70e775354578fae678e0c8b04a9d69f848328c749b.apk,741,1484,432,910,309,574
4ea35fa8d37529f307f92f367a3d618bb5526cd38f285cbd2a92ea251cd91c42.apk,11353,16296,579,977,10774,15319
1d7a9841781a5750c1830d4b879521a02b72887704a04cb3ef314ae6bc21db38.apk,16088,23117,432,699,15656,22418
16f5421f9b142cc33114d090b0fdc454288343b86713e9c5a254f4b3c4c15955.apk,170,279,129,236,41,43
4329c6525cb1c0190c8a110144faaf09fd6faec6462dfcb8254faceededa3d42.apk,3017,6092,357,640,2660,5452
1d7ba4def0cb3e44fac2fe9147c2bb4b39f43543b2fac8399a3b6102dce4a82b.apk,3411,7411,1126,2454,2285,4957
3b5d9d83e748d4eb085d4dcf7c487fa3076ae464c5712c64c4fe15388dc5080b.apk,6343,9593,514,1054,5829,8539
36da4978b331bbf0769c18354ae790c6036e99f9ed6e93130802553478f18d29.apk,4655,6403,279,518,4376,5885
2b18cdc79db0e3922f521affdeb15926711acf0ab40c072d5129897d466a7d54.apk,9256,12313,330,527,8926,11786
36543321d32d6b53585edf1e8c4e03b8790e13795fb8bc9450aaf4c6b8777b19.apk,3759,4978,272,525,3487,4453
379788215e9347fdd8c87c75d71bafc177ccee174d10187103ba39447d1bd397.apk,4934,6721,308,458,4626,6263
2d0a00aa82fbf9b53bbacab41ff5850b2b93d674b85003adc902fa2120fd558e.apk,6314,9515,510,1027,5804,8488
09edac5bb05d2462800779717e474a035b96f49ba4aba9bc5fe69e645262408d.apk,131,121,42,46,89,75
16b3f2a0b1221b652e4c09b6654a9ebc19d396bb588d739b009a79f190af1c18.apk,2155,3916,153,248,2002,3668
1e9705a37bb3c5e15fb1b1bcbc1c25b5ae910cebbb14a55d6a72fddada130a94.apk,12264,29769,4565,13996,7699,15773
483e3ee8cdff13f6224a2eca474b733f3eee4121d74f2271fb85952ca7ae0889.apk,6314,9515,510,1027,5804,8488
50043ba8693639bbd00ce65842d7fabdd3da8c89e8d18b16bcffb701e6dab2e4.apk,7926,14636,951,1972,6975,12664
16b5209838d4dfd7b449e461e857a165ab3fe4abc0c109f1b6632791116f02b4.apk,16088,23117,432,699,15656,22418
169424299791be6556db3450490517a5d791799c55365bf04019ca42ba738835.apk,784,1564,291,536,493,1028
2249df1abe920e14eb4c862cd52b828e00f64d5986acb8a179ab843efad5141a.apk,628,1166,324,560,304,606
43aabbb4f6781156656ecd4f20fba849292456d573cc236bff770a2fdcda5473.apk,4340,9570,876,1728,3464,7842
215c3c61172dd44f917c288155561af2f0a01ba8549e112a4d35e36dae4f7793.apk,9651,16604,359,798,9292,15806
31edf09f256d4ebcd20fb65ca63ba10d02d35901ce6305ed3c2c0f007193081d.apk,3504,7923,1242,3064,2262,4859
025eed2000a2833fb64223b991501d78e22e440051e02f466fb5261198d9be45.apk,9593,16380,321,654,9272,15726
3ea49a4951b3bdd8a4b9701d040d98eb7c14b49907d6d671457c46f56e9f6ccf.apk,7739,14798,2111,3570,5628,11228
03360863d340eb0c3f6408b8be42846ded9fc8ea9deb08ad6138332bcc69705f.apk,9257,12313,330,527,8927,11786
3614535372ee2da525f1a2ff2ddbeed6f45ad135932583830bd47286b956364d.apk,4012,5354,84,99,3928,5255
358a150e46d60f34837bc54438f84c92434086f28c395cbcc6eeb2cb3f7401a7.apk,9268,12322,337,536,8931,11786
26ee48e1dd2556c2a89349dbb10ae9213162cd3e6444c2220d0309ea94997937.apk,15706,22128,436,649,15270,21479
000aec00a2b667aaf1224974aba7ee30b4b088e073368c605ee335fb8ee11b54.apk,16088,23117,432,699,15656,22418
3dfea7ef9aef5e3e30f38624dbb4e3e178b1ecadbdad501f05c144cb823c23cb.apk,3759,4978,272,525,3487,4453
2ba6aeb4303375d07ec37c89cfc001513e06ccabb5f9607caade8ea286cf642d.apk,2155,3916,153,248,2002,3668
2b68419caaa77fdddfde0ccee9bba272f7afcc357f890515f37f0f80dc97492c.apk,6332,9556,497,1011,5835,8545
1d91940af2e56227f0d5a971b87917186bd188c15f5da6c91acf4eff98de01d3.apk,15706,22128,436,649,15270,21479
4ad7a6acd7de6177e9f6957ab9eac9cfcd767af8e00e77dc9e46e21fd2447043.apk,69,73,69,73,0,0
277af71c7f2d8da9c54858860447e8ff36b767106f78eec94a7aced699dfcd82.apk,6343,9593,514,1054,5829,8539
473935c860da9a6fe019ce47ccac060075346f98bbdb23941983ce85f00bfc36.apk,3759,4978,272,525,3487,4453
095b6116a40a374b2362193f9b5cf91004b4ab74d2b815fb7440eb7895749604.apk,1108,2395,698,1609,410,786
1bef66eb83a553bcc576949e539f0842c24ef7fedb4a61eb833028b2fe9fccac.apk,3671,4737,186,312,3485,4425
3d8a7987357e5398e96867f561b05b0151dcb672e7a519b7740a205a2e1a8299.apk,3604,4716,261,462,3343,4254
19dc5d894e8c50ee7bbc20756f3fb6d1dad749bbae149d3410293059dd2751d8.apk,29480,53381,1019,1702,28461,51679
28623c20295ba98ef6b998df7c37c50bdd5ba332db483dccd5c7fed3fc22f94b.apk,6343,9593,514,1054,5829,8539
4187771107a49d5ae3bf41aab387232264b42b6fa14f46d746bfc8c428d4a6a2.apk,69,73,69,73,0,0
4f0380eefad77cce101a5313f5915096a9bb185f5f30e7b7b9e943fcd3e92823.apk,3938,5161,84,99,3854,5062
34312033f602022b2784290a17d3fb51fcc6b914b9df5f7e84168245888c6bde.apk,4790,7599,395,723,4395,6876
0ae6dd4d3d7c4710ae726ff7c3d64441be44b83cf9aa0ef29ddad40a22d68f29.apk,3017,6092,357,640,2660,5452
3e6d5238097d21e363f77be4179bc0b715648827e1a97909b700b0781a30195b.apk,57,56,57,56,0,0
4c6b6476c812d1ba3946d610900ce47a0ac5b41dab84e38f540489b2c33f918a.apk,77,80,77,80,0,0
466cdcc89c36257d7d37052ff77fdfe3ea823f6d9401b49a621773c317d78e33.apk,6372,9683,525,1110,5847,8573
18177459a7302fe9ef89b34c9593206a936efda6ce027a3912c5ac39ea1ac819.apk,3681,4751,186,312,3495,4439
4e2a68d26379d7914cd1c40d1da9c46474381e760689e6bbb7aafc6dac34bcde.apk,168,273,129,236,39,37
244c3fbc65f4f6e14c76d7567cf733b98124d8644c20069b8125ee38bf1ba976.apk,339,537,238,393,101,144
2d1887c9a6e32f08b395ee2ac4da9da8a363967b359402d828aa85e1ba55f117.apk,544,927,288,493,256,434
401de7b3abe5a13dfd84739b8b5ff0866c58cc6f81d1a1167d1c97794d240d3e.apk,8395,14042,338,579,8057,13463
502ea7847ab1ecc44815064fa9c87b6eb216d53f0f8d51592e3e98c5d6e0dd43.apk,6314,9515,510,1027,5804,8488
3c75ea91b6027b2be858af60a8b665984dee3fba921bb5bb8e6476260f45cb26.apk,1582,3680,172,267,1410,3413
1ef6540babab16af080d99855ab2a3d3f82a34c262163460c5c7096df7492474.apk,3759,4978,272,525,3487,4453
38262858f8ca06a44006a660f415497ede9dcc2a4a0515bc7c7cebba425fd9ad.apk,446,918,168,263,278,655
188680e2f4284ffe073db760a9638488a23687ea4276f100bf7d956487fef32e.apk,3711,4814,220,395,3491,4419
128e514ba4a1d096aa4ecf46d198013e9c79f30b3f0551eac88c3d993e5e1d5d.apk,8178,10331,225,338,7953,9993
394f2b1fc945466496e8261e8873ef84d9fa983d9650510a9cba9bce29362d88.apk,32847,85301,5785,19401,27062,65900
2643e50e04b002bc96ad0bd3ea0b5e5b6ab03dd628f7658e728a869175d63a76.apk,6037,8246,221,333,5816,7913
369a6c586d7b03246122cd6af1a217d10db06d2b1a339973a50954f3e8f8e0ca.apk,16088,23117,432,699,15656,22418
43cb6a8b3054d8d69172137b895305ed0ce6108c215eb9f010f7740e903b1c4d.apk,69,73,69,73,0,0
2c52a9055ffef88e46e1b3fac33775fcf23921a3f77241a6487c9f80306b274e.apk,9593,16380,321,654,9272,15726
0f424ee915a50e5f778957ad50fbb067bb66c4c6ce87e5c1295b15a4167a743a.apk,4012,5354,84,99,3928,5255
04205e4d6749cca28254aff8a36043ad47a08e4f131aaf6f8339803af5aba4f2.apk,3759,4978,272,525,3487,4453
08b82c25047da6fa928c17ae91e04c8fdf6f258919381ead6ec1ee9605c0bf6c.apk,22482,57468,7002,26092,15480,31376
2f65235f169ce6b14dcb9c18d6210df47e74eb5abe11a82994ec0f3c771d5158.apk,1277,2953,324,743,953,2210
16453710f063af50043033c115fe3a701c1a92519c692d1ef6762508043e4b0b.apk,392,622,256,431,136,191
19219b5ada045680534a27602798dc7c8a66fb85a164f9a0e99976d6a47a1d29.apk,4074,9292,762,1838,3312,7454
06c93891e196f7f8a5fe687921245dbddde736270b2d52d398fe11afc3257fac.apk,170,279,129,236,41,43
14c1cc3aeb0f2abe373a56f7a971fdab4fb782da36c229f3178cd66e15906b0f.apk,20031,43929,2384,6299,17647,37630
4237e278a1c4cbf896be5871fa924ef1929e8cb91df4bd98a5c2d58d8fb7faee.apk,7597,11750,297,432,7300,11318
4d515d5e06d18edf123a09883351d748c30f7d2fef1d01d401c9c9dbc7b3a5a2.apk,102,165,38,40,64,125
5048f72c11ad6b5129dd2dbe67303597ea0fd81838583d4402b376bf1dfe5654.apk,3759,4978,272,525,3487,4453
106e744e9290bdb2e4d717ad3583684cf57f65ed4fc00806520a5ec3030f8d4b.apk,452,939,171,266,281,673
0c36b71c8ae512feae0a707d64cda0d5f98dbfee2bfafee938fd4621a51515ce.apk,4742,6483,84,99,4658,6384
196e2478714034e18696c18c21b2b0e25f2ac638ffdc381a326e018652f62ff2.apk,9267,12322,337,536,8930,11786
0e2761ca7b04488a519351710a30a26224869b39c5aba405257b461e31861810.apk,2158,3906,276,463,1882,3443
37e4cf5a6fd0de69912beb8abad2e544da2f01a6ecd1ca45ff86457b53dc294c.apk,9846,21907,3246,8519,6600,13388
114b0cd612b041be697c165db3cd9159a1411f81c7fd7aa852cf5d9f4634a2c1.apk,105,168,42,44,63,124
04cefd50e59b9cc09e188e9652934704e430e0c884200811896b9f19a2d0f89f.apk,4355,5822,114,176,4241,5646
4999b2db5c61be333d8d885999b8ee150118d9d07843e70874299600759c174b.apk,9257,12313,330,527,8927,11786
26ca330619aab299ff43eff4da108eee21f76079a393cce09be30f85e07cc219.apk,5628,7247,196,258,5432,6989
07ad58175af8d72077ba40361de0d6f30d396c30267b254ab331a8f5975ab4b0.apk,9697,12601,171,255,9526,12346
38a59f567b3b919b0fac7f5fcb59aa49dd9d18b43d93ef8e6c6f5b1a2c2661d7.apk,31436,86022,10445,39691,20991,46331
42f445d6019bdb9a1927b252cabf6bb9a13fd7e427f31ea70ce413b93f0f69a5.apk,2155,3916,153,248,2002,3668
239cb4f55d7e74e4a7ca6945d53215117d58989334453d9f3e7f11224a00f62d.apk,3711,4814,220,395,3491,4419
3cc223a8fea30008be7f3ec4185406e62988cadb6b50ca3f88f7c9beecc595cf.apk,4023,6405,494,1523,3529,4882
3b11e69bd12fd9d8a7eb0726a6b70d8096d94c3e33beafb2ad5f62f280b8a90a.apk,3759,4978,272,525,3487,4453
3386a5a5ee447cbde467e26f8442bcd2f9ada8eda03f8ca2e46e39b19aa4debb.apk,3295,9166,1799,5564,1496,3602
1115202c78547820130910de09537b57017c6c0d0f52c073a673b6adf54b48bd.apk,1066,1985,128,214,938,1771
48f6f58ce1a950cebe69efc94f422fb3f0653c02c1d3f88f78f291d432bd9ef1.apk,447,926,171,266,276,660
4c4690990506406783e54d65e8c454431c33253c2b1e3a1060269c4ce0b0b515.apk,476,787,266,451,210,336
2b2e3543672966afb26af964b152f612a64982654a34c0b2bdc4b09c47b266ad.apk,9651,16604,359,798,9292,15806
0c62ef3371d2300e73c12db5532da64aea75867e57415cbf598a0b76e387eb5b.apk,1108,2395,698,1609,410,786
2af19b9dec0581109a668e6537796e632614d6989fa0267c6bf4cd0ab93fcd26.apk,3759,4978,272,525,3487,4453
3301b70959f4ed0157dc7382b64ed58c22dff6b557d5d3074cdc1009badce714.apk,1411,2317,194,345,1217,1972
2c6618323ed3768f6aecd91ec5fabcc277f6b98ad08b19d32190b2d4e6d54e77.apk,1054,1593,55,68,999,1525
3e5fe9841d1eaa14b5e895c9d1b52cb3531c6ea3214d97fce81dcb811993fa84.apk,6343,9593,514,1054,5829,8539
170c2a18c7c4cc11472502744ce9eea86389effeca6771061375d969b927ab1d.apk,30914,66975,6899,19272,24015,47703
4c6ba735d3a509037ebdbeedf73994c147b1f88cddc7ec0023edcf1ed75b7073.apk,387,529,125,171,262,358
2a78ef24571a66f16f0f153400ad518473513452a4e36c082e20fc59bba677da.apk,1203,1890,203,272,1000,1618
24c7d50e2318d771afbad6a02864c61f1778a293b0cfd76963cda75744c30458.apk,339,536,238,392,101,144
3cd1f7e8495f353f55a153f32ce6ec971592878b7de24e38ad72da4d32890329.apk,3671,4737,186,312,3485,4425
19935827c036f8baf5f904b6bb88d760b0d5cfd3bebd0acc1052af62c8ae1c6d.apk,2155,3916,153,248,2002,3668
05ab2b657d2aa3be35811ca9f1ab35b758e53c3b251b46805b4ded034c1a2660.apk,9257,12313,330,527,8927,11786
0da5d7bd7da13649f5ae5ccd8a6d53ba8d304bdd7d47226cc8897355865d0b2c.apk,4934,6721,308,458,4626,6263
42569c3a9658c3d963e43046d592c35f19835d6ebf237176a589572a5e44d473.apk,1812,3503,282,566,1530,2937
1cf8c75440b3d8c4dd585bf74bd5bdd3305b3185903c9e30df8321695efd3538.apk,6343,9593,514,1054,5829,8539
1a1e2a8c341e057b7dc4dce7c4cb33ae5b1ebd68b7bbbcc0b7fa1033cf110098.apk,450,934,171,266,279,668
216459e10f8ddcbb49393849547cd3be4e152416e52714ceef901b0d9bed3f4b.apk,39264,72641,1741,3547,37523,69094
3a9acf9661b5ebe236ee6b32e55d467071abee4b64c6e99d6d3239e0cd4a5602.apk,4535,8968,4535,8968,0,0
325df887c7204ba43e4e2eb5ad649b0cfae6969786ab558377ff13ce381d769d.apk,3759,4978,272,525,3487,4453
0f147945f462f8915903be42e383a3bc3aaff56893b6abe8be0c65726ffb4e9c.apk,15706,22128,436,649,15270,21479
24cdd67867cab8a7ccdc5e25045005bc6fd0030a08ad483530edbbe1d7d49eba.apk,104,167,41,43,63,124
1239160c8d8e361eadac77877de47d7e8e8026f5342187ac17d6155d183f94b3.apk,16088,23117,432,699,15656,22418
3fc5cc40f713018878019453ef54aa1fa47049e132d96445e3e4728617652ec0.apk,26739,50507,3212,8701,23527,41806
0a4de9ec5f44714e716a3d85a540d2a6a28bd6346777dd82997fe2d9b9ea66ad.apk,3759,4978,272,525,3487,4453
2faaedfe0acf27790ad5d0bb6ce43a179543ce9136e9a66ddde836b30de220b2.apk,387,529,125,171,262,358
031429ef084d4f4780755b8dff3cd7707a4fa437326edffe8a3f2a477ef50c54.apk,6749,16860,2357,6602,4392,10258
3000b71415bc8dd7a32bfdbe914ebb49407facf95abc5812a2fe2464368def8f.apk,3949,5173,84,99,3865,5074
084e47cc71ea6cb4c9ab3c170690f9d4fec152a19fe6374ff1d83317a4acd833.apk,187,303,113,178,74,125
13240918acbcb49531118d13634be31417c971f4e62b4d3d3481513283a6d347.apk,4742,6483,84,99,4658,6384
02939992e72ab76700664f8357a3484d91b4dcd1d080acdf95fb8992a8ab41a1.apk,4656,6407,279,520,4377,5887
04eea5b3192bf22d54fc833f3dd4754f866e4d973779944d47990e21d556e97a.apk,15706,22128,436,649,15270,21479
177d918c6eb939f3af0bda9b416957449b6ea888842aa186cb85f5cc72c98a6c.apk,648,1109,206,460,442,649
015cbe3299af787a290a301007cceaadbf47830f90c32401c8c895999702d8a6.apk,3759,4978,272,525,3487,4453
16be22a984d9d30cefa2ca9d0d2335a6ad6b6ef9638a8cd08428733840a30c29.apk,661,1307,349,838,312,469
3a5073d7420b5d541c985ddcaf99a1fc49c392aca98fdee9048947f7b54aadbb.apk,171,268,15,14,156,254
4120829a12eaa425de54e4170d0248ac62865303e2816f5ec6001b459bc4b3a2.apk,1120,2265,159,227,961,2038
0d3c2be37d27b98e51867c93a874ce735741c03268c79dfcd6573e2d1652ac47.apk,15706,22128,436,649,15270,21479
4338696c2b0c22b11627d2717c3815f0692e61a47d919c637b0708ea99011c79.apk,3267,7176,759,1797,2508,5379
1c97492eb1f2dd011df01dce1820d7155e2ed16ea7bfcc04774d321774c863b9.apk,9283,12335,333,530,8950,11805
324357f628d534eeae1674e6c3af9f3d4fad3e0dda5bc3fb782f1ed3b9a37dd8.apk,3896,5072,257,496,3639,4576
3dd090b9d7ae038d18b378198e050cd803990c00b93253b62a1d0352ad67d388.apk,6343,9593,514,1054,5829,8539
172e6c7fad0e5c77dbb1a52a8be4a9342eb9fbeb637bb419381728f20af7efe2.apk,1595,3229,187,277,1408,2952
39d0bc6f77f6a4ceabca268295685997a80bc95887567168c6c092db01718be3.apk,69,73,69,73,0,0
274eaa32bbb53fd243f241e3e8a69b7d1d62bfbc82c742989464654b1ec99de2.apk,35201,61347,4541,10581,30660,50766
4e65fd095922d1590b093e53f5b25476e357bbaa56f46d96dc9523c8f7fd9584.apk,4315,8744,830,1683,3485,7061
14c05c36b6e31546be219f57256292dc3081c2a989e886b2075f0f543df8dfa8.apk,12264,29769,4565,13996,7699,15773
0561f67d81d477d4ef3a3b2a7c52ffe48cfce11c37f5f54bc9b26efd714c8e30.apk,177,279,127,231,50,48
481f5f03aa62f827e7c8de471129ce12678244bffd4bbdf29cac64704a1aa91b.apk,8447,15732,1136,3749,7311,11983
098d8fcbddf95558c5340e4adb8064a8517335781801328213853c789836b425.apk,4069,9266,752,1820,3317,7446
3e4dbbfa6c42f37258fb051047d83707dba9dbddaf4d0eea634fea3cb57d049f.apk,1812,3503,282,566,1530,2937
48d9d4d8e6296dfa7e18cac3d40b62e337892227377281fe807785b9ba0aeb37.apk,3759,4978,272,525,3487,4453
112bb782b84fb2fdc104531a704a897f9f01eaf54646dd41f6a1c9a90d1bc91d.apk,3712,4817,219,397,3493,4420
2ec4a363c20fe6a096c4b950bc624761c595500c5d501743ee77e93c8a61a4ed.apk,4094,9328,762,1838,3332,7490
154eca7bc27f6b4d7f8fdb4611a9ff94f90a623a975a8751a247441305a37871.apk,5664,7601,231,363,5433,7238
0ededb5928492e923d39f34e9111566b69a9df4175a68379873b208c1efdc900.apk,1240,2306,370,626,870,1680
40d4f3434daa77c5ca619849d4c65efc18ec023cbeec5df219355cbdb66d3091.apk,16088,23117,432,699,15656,22418
162a457fe2e91603634928c93600968e4685d4ae5c900c78f512edeef0a00868.apk,387,529,125,171,262,358
0880633ba23f5ad66d9f67444383f71e878661e967f0c92fe3713e53937fd734.apk,3759,4978,272,525,3487,4453
2338a5ac7bd13392fd9fd28eda336ff6b9b650d5fb2247d3a80e3c3506c27651.apk,1683,3061,36,35,1647,3026
35161f4d8727bace5f3e236466a946cb3a6270730f7f156bde8102eba4edb142.apk,5477,17391,826,3031,4651,14360
39934abafddc1699a2daa2971e7b5d0d0efd781764ba16d432260c6683b4db14.apk,3937,5160,84,99,3853,5061
184cc4d523ac1c11751c49fdf0b51ab0309984014ba571404aafea357de9f596.apk,387,529,125,171,262,358
0d8f5355ec127f46281b8800eac82eae522e5bc0abc4e9b6d93df7b80bb175fa.apk,6493,12638,1546,2601,4947,10037
072cd2d9dea3fbbb378ec4207dd75195266774b71bfaea567028d935968c2139.apk,3759,4978,272,525,3487,4453
06c9ce6a7ba2c0c012bcc1079af86349b345e79ffe03e1156f8755987e2c13c3.apk,3759,4978,272,525,3487,4453
26912fbdddbdf196c945ec421fcf62c78f4fd8a7bfbfa8e66f77bc12fa6d246f.apk,387,529,125,171,262,358
2c253acb262d735ebe0b2d92333a12fcc7960d0dc8b2f0f2d96b9ee41fc0f867.apk,1153,2509,504,1443,649,1066
033339a8a880f4f79b9cf6d26b27c4e90bf102653aade35ba660695c252cb763.apk,15905,29020,834,1462,15071,27558
19b9de0d94fd6f9508bb1a02bbd3f6d05f304e0e14f278b833b8be2a7352e609.apk,72,71,72,71,0,0
0d2c8a946dccb5cfa510d96c1e5ae8f6e0f64d78574fa82f5e23ba8ec3e2a60c.apk,4656,6407,279,520,4377,5887
14162740a49f190ca086ae46ccdffb15c33ebf2d0de54a1312038ebc3fb5d646.apk,34199,67043,1704,3387,32495,63656
21c5ac211bf62c76603580268e1667146df9f5bb146289333184f37e0e750f8a.apk,3759,4978,272,525,3487,4453
080a8705a28040f3aaa86f5ab9225ca26223ff1b82b6625236a9026e14311375.apk,3954,5235,232,476,3722,4759
2d8b0efc8acb1ec171bee324a14ee0aa266e88d2a4c21597e381bcb0c166a167.apk,387,529,125,171,262,358
1b16adaa855a73b75224d76058b72e6b39d8178a58ad081bec2f82a46cf8608b.apk,4934,6721,308,458,4626,6263
16311f43e1de530d62aea8092c4f3830071f6443ec9a77119f4e98f2d696c128.apk,9256,12313,330,527,8926,11786
10d25819d29d19f7d34011e68852127b67d7edf572527a00c5fec13620ee478e.apk,1207,1735,131,193,1076,1542
2d5f6ff4413159cc628faaf1f5a589ed24d5bbdd41f8934ff82b56c0d20ba5a4.apk,1595,3229,187,277,1408,2952
1bf438860ed17acd449c75f7e8aea5bee005842e3700e4886144a059499057e0.apk,6343,9593,514,1054,5829,8539
2b582a81e98c2eb5f815acee290964da6a930b9d396aaa3b5569f6e1ab79f9df.apk,4029,5408,85,107,3944,5301
1943f50e13833a9d826aad2f349af6ed4884e84d0486d55b03605bcac8521b70.apk,11017,14463,320,471,10697,13992
3f3e1c33ede4dfef46f935ac105e626301cbd78c653149590dbf6ac46cba6b20.apk,177,279,127,231,50,48
356202377c6abeb8e05d1e4906edab70fce1d9d4074652126d91809d67fbfcfc.apk,382,629,154,249,228,380
0f30dc372d2de98d8661ff28d18c6c230d014c57762c57667663d7febc61e553.apk,9593,16380,321,654,9272,15726
01c2f0d0c40b5c8086ee8306fa732098c1b71c5d1e7cb5e9969a8a5e14bf4b96.apk,15706,22128,436,649,15270,21479
3d7e10591853eed8e17059b00714e54a7e51ec31eeff14dbb58550b8ba6eefcf.apk,396,683,175,236,221,447
1f4092496ca4f31803bc651a815ed8330c8e3b3c60c75d835d14b2e21fe7a240.apk,3167,3740,92,116,3075,3624
2b821aae6788fbd74a815dfdbf8fc0cde6e2795ca0353530ac450ba7c22f2d7e.apk,91,94,91,94,0,0
4cd6a4bf25ab78bb80b554a7d3413a7d3402711452de38cf977481991fda7d5e.apk,177,279,127,231,50,48
3640bbd92d0feb8a0b5708d7ccd6f19033a0852536f01865e8ca91505d3674ff.apk,4655,6403,279,518,4376,5885
088e4d74fa124e24dee935cb7d084f37b6514b8055f5b3b16777ce6f84f98f5e.apk,275,402,129,184,146,218
2b88c0fa0efdd7124189df42256bb049fd16140f972a077b1ca3386e8b254047.apk,15706,22128,436,649,15270,21479
32f0a2b9ef7243d7fee3a4fc82c8cc7b2c7930bd2809304e9cb4d01139736ea0.apk,19473,29942,494,691,18979,29251
1e744587970f653a2d585fb9304cdbff5d5bb77eaec29b015d1ad8e49754f60b.apk,376,711,245,488,131,223
39ba20b1d1d2c93c02c33f7bce76a8bbd707966dba59105bfa037c9b9fa5444c.apk,168,273,129,236,39,37
00049d038a2abc2d5fe3b190d6cf5c1cb1ba63441defdf136be251c7a00727d8.apk,1124,2838,664,1856,460,982
4ab8f26e8aaee3de12b04b7a86be9ee349672e228b52e5b90dcd63cf7b564e34.apk,476,787,266,451,210,336
4c752f20ae27fce15a7ca461916407dedbd132285da52728c6fadb570d5636fd.apk,3683,4741,185,311,3498,4430
09f2b02d23754bbda99f93c97cf832287e9527b98a70be1ca8186069a999d727.apk,6314,9515,510,1027,5804,8488
24aadcb30b9a6d22cccc0c9ff4ca803b7efefea1fcb8e0ecf0c25c3eb54107ce.apk,15706,22128,436,649,15270,21479
17077e55e312d9657580106546ea1d1a7f0f8e4318c15b17d82e52397bab0cc4.apk,9258,12314,333,530,8925,11784
13ad06df361f0ba476c7af829bbfaa65235611428c161d0db6c76008e9f5f7ad.apk,3759,4978,272,525,3487,4453
42fd826048607fd09dfc40545b64f9a749f22a5810db8783716cb982624d3eb0.apk,2318,6546,581,1542,1737,5004
3a42b5f87ae4fe7544c3b2be968ded7126e6ca34de594ffb52e255d04be0ae31.apk,15884,28959,834,1462,15050,27497
4051716ace8430258473f4924488931c8957c8469cd4eb48542d8efde806ab79.apk,105,154,37,36,68,118
38fd827b5d68a40147995ae833f17f6bab1f623de9c53e68f99a71e99a801e51.apk,339,539,240,402,99,137
40e81a5a77a3f1bf25f265479a508811311af6e7ef3e99c36590369e11fc5add.apk,77,80,77,80,0,0
2b8d299db394dccafe9faf2ee3dfc350853a45af3caa8b74ceb772b3c2f3e3a7.apk,3812,8484,249,377,3563,8107
3aaaead0e472b2cbd55184804df28706c30cfe4e48b5820c80995c2e48358f1c.apk,21084,45453,5669,18715,15415,26738
508affb4d1749376170181eef1b92a5cc69994fa5cd4112001cd61129b4d0e3c.apk,9593,16380,321,654,9272,15726
350ec954cdd0268f0033672ff3845deb14e213cf21deaf2769184d74b55a08d6.apk,6343,9593,514,1054,5829,8539
4f04b28a38a4e3bc014294cc814dd0ecbee77c6e6a0097b709ad6ad826cf4d5d.apk,1108,1951,242,429,866,1522
29a0b6ff81fe9701eff1e1b58bf2ec2c6e6aa25a896f6d76a83f677561f655ad.apk,3759,4978,272,525,3487,4453
421971df2f3dbd7173473404c8f3b2d3ed522efa86cac49ef905edf645054422.apk,12641,31197,4192,12460,8449,18737
07ba38cb1502c8bfd69c13da25f172cab44cfacc638b5b1b2ffd409873288a22.apk,1448,3200,333,725,1115,2475
36aec66c4f944167c68f2ffb7c1bb9ce3eee09409f6825d8ff2c563e729aae3e.apk,3759,4978,272,525,3487,4453
0eb2aa201e270058a13e7242b6b5ce134a900a9d1a475a7ba2e63cff1fb4bbed.apk,91,94,91,94,0,0
2270a13edf60bdea98353e9428acc00fdb9ce766528534dde2111605ad79e3d5.apk,203,618,203,618,0,0
433eeaa3800b234f774429c7f1be059d416100564dd6e7aedebde074a045f269.apk,99,130,99,130,0,0
19d7469efcbd3792d98e9a6069639385fd3ab53d6b203cdffef65c13e78ee8e3.apk,8398,14049,338,579,8060,13470
1c1f4f3cdcbc4bca8d757a54c642f6fcee17201d35ebcaa107ce68731db8fde6.apk,6314,9515,510,1027,5804,8488
0b47ba232982eed58cf6da59dbb53f7e1aaa29e3a6a7655978323ad1ba00eb68.apk,15886,28957,836,1464,15050,27493
32c5c68a729e4a6f90b2e064b5fb1cf853f7ff17d7aac1dc8b66bb5ef24f5b40.apk,16088,23117,432,699,15656,22418
10abc91746662203789767aef8d0cf1699c6bb699213c50ee1bd491ad92d286d.apk,4144,9414,735,1856,3409,7558
1ed55b012c29a35f3f2c5f3717a48c013cbd81cd3764ad7fb63b54967b05cfc0.apk,6343,9593,514,1054,5829,8539
3a781a2d8c774aeebaec274fc40a840d6ce7bf9cf70bc8c4ccc90c208977235c.apk,1812,3503,282,566,1530,2937
4b882beee1e5ff00997ae380b9fd4a87187ad53c7a7eae59027181743fcdc280.apk,6772,18489,2959,9303,3813,9186
1cb979b8504df4549e284085690461caa26c10340cac7b87a81133fd64f550b0.apk,15706,22128,436,649,15270,21479
2bbf0adf012904a446a10f4d09fa7892387030b8ffbaa3f4783365aff560382e.apk,15706,22128,436,649,15270,21479
1a6ba2c4d30188a3be17f16e4252caa55fc1ffd90306395aa55f76370d89fcf6.apk,8395,14043,338,579,8057,13464
4f6a50eb269681004a4215d234091ef371348f68ecd6e0c007600e64e77b290d.apk,5702,16112,1800,5503,3902,10609
40ceaee69aba6b5a32e57b2a665b131d8795f17e30ebba392e27f065e34f5fba.apk,1586,3140,189,281,1397,2859
402801f16791c2f02eea3654828a68cd1cf0eb002dbcff703527d2e19964caba.apk,3759,4978,272,525,3487,4453
2cd04381d3cb2e06644c36204a6ea56dcbed8b6b1c6162963847f90070acc4c2.apk,3711,4814,220,395,3491,4419
32a53c07f283dbff6dd8b1ef19e73c8175cee3b46d251257d668ea44e44e84b7.apk,4319,9773,805,1986,3514,7787
36df55c1b63f4588f74fca72b1d03388df1591b8030e37c6cb99411c29690f60.apk,3671,4737,186,312,3485,4425
3a159afd472e841248cf332a44c42389e7fdbfdcfe7ef8b352d87ebc48654e51.apk,3949,5173,84,99,3865,5074
4d25c50b9d37e253dbd63012b7924b56cacc7847e2027b5fbf27d80714523d20.apk,3681,4751,186,312,3495,4439
4720a1de1058f22f872522b89c8b47c8100903182a9a06338f4bd93b80f97f24.apk,9256,12313,330,527,8926,11786
4c59999e8d6b86b3210f86b8283173cfec304047dd2daa67755e9b7584665559.apk,135,125,135,125,0,0
368136d55ac5bc287882c3b697cca3e1f56affef1d7b65e7afefe1f3cea5f27e.apk,3604,4716,261,462,3343,4254
301b729fea34a56d9c62a5023dd6f1419061ff58ca46a227ce3d2301d9ca8275.apk,3759,4978,272,525,3487,4453
19764378ba948747e67b1982dc193d4bc6ed3e3f926f24be861899a1c1e6cd6e.apk,1484,4001,994,2668,490,1333
2253cd201c356575962edf0bddb50c4913de501f70447a62da026edfe1858899.apk,3473,8753,977,2630,2496,6123
2a561c1a4fa135031ce329bdf0a5b893163b31011e31b7aecac2c8a0a3548f7a.apk,6333,9565,512,1043,5821,8522
3626cca57a09a3b59d90c62a7dd33da6b06f3ecfbe8cbc73b9d987cbfce74c62.apk,4656,6407,279,520,4377,5887
15e47008f6b55689b0735b83c789164ba646f0737a7479eb5fe84fc2599e0668.apk,3949,5173,84,99,3865,5074
44928aad71a2d34d2d55077ac78deba4513698150d860f7e16e476486314fd9b.apk,69,73,69,73,0,0
2bd4871800304e395d8d3084fa7bd2eb8ea40f3a51ccf727f3eb1d4c1d327aad.apk,5079,11270,1898,4452,3181,6818
187b5b43ca629bbeee2cc94b64a86ace78174354833721b8924433ec68d508b5.apk,6343,9593,514,1054,5829,8539
46e0ba3bdc50859b51e3e8d778597cb2c96c544e1d05249ec4ae70208f2ce4ae.apk,3953,9051,703,1728,3250,7323
4fec27426694c4c9119b1d6714d84584697e9cf5def0b806a4de17e2bc4e42f8.apk,1108,2395,698,1609,410,786
04902eb4daae25cbd619589c2844e636f599923a739cd958c2599ef64b508f56.apk,1104,2763,649,1812,455,951
45c3256835eb5a2cbf83bc03755f0b3c60aa69be99fefa2442e36d175a8d969b.apk,6332,9556,497,1011,5835,8545
19e2f46916d1385fa3ac35c6e2e0be3da3ea0cca1f69df7e5e74596b129499bb.apk,4463,10382,857,2249,3606,8133
2353f61886767a06d407471fd36007c6c2131bd64eb7a9f241159793296065c4.apk,6314,9515,510,1027,5804,8488
11b3b23f1cae1715b1210a9a4cd557e1b963d59428867c0e5a69de5d1c48174f.apk,15706,22128,436,649,15270,21479
3c1f4f0056c30f4c094dfaae908d3fbbdbdd48d286ace2e25de243bb32d804e8.apk,6157,15570,1752,4400,4405,11170
007cbb5aa78955813e47d9a7c33c2ddd7356192f1e923b10362109110f985b28.apk,1587,3142,191,283,1396,2859
440185a4d765c2bba3c0c9e1be40ccdfe40017f0d8d15d6a6882abd742837c7d.apk,105,168,42,44,63,124
366e888821433c553757b0fbfe34735f56d2c0f70b8449cdeebde84739d27594.apk,4656,6407,279,520,4377,5887
4f6314c80b71e01f4fc8cf6ee8dc9767888577071ffb17b4029959445950af38.apk,3424,7416,1149,2475,2275,4941
44ddd4a12ba0d2d505d21d05215dea08b02cdc028b2284cd50cae398b29f6aba.apk,3759,4978,272,525,3487,4453
2b828a1eb007a2ede5948ccd140900aabafae8a9b5bd6844e1fe887ce3d14f63.apk,3759,4978,272,525,3487,4453
4a37b1aeecd393e19da922f3e14777f4b02175e393e8ede6084ca22a30d7e996.apk,5079,11270,1898,4452,3181,6818
1903bcac01654480c55edcf480458dff26bc5138440c9d83d1e8cc7620fd34da.apk,3672,4740,185,314,3487,4426
4dd53308e87bbd947ee2ae22a501685ee9295b42ba7e9da330a56c5b4c9fc207.apk,382,629,154,249,228,380
0dd06d4b546449b9f67df523ae1aad87663eb66fffed0cf10c9b67347d19b939.apk,3056,6533,206,329,2850,6204
1976730c45b40423a5eacdcd31cb8fed032c49cebb8a8058b22a196bba012e23.apk,3681,4751,186,312,3495,4439
3a9d6ade1117e0a686e4d99f87776dafc2872eb091517d9550c43791110aa1ab.apk,5532,7215,196,258,5336,6957
42c641ee0e7cca939002bdfe7cd78afad62caa05849a5fc4be3bb43e28e18546.apk,3672,4740,185,314,3487,4426
01859e59a5f7d4afaaf4e912d2a247ab82cb9c4667ad0067a73871a4dc50f76c.apk,15706,22128,436,649,15270,21479
4e67a4914462b47dc72ba2dc7860d86e9b8c0bc5853b8f9c7df5756b2e72a9fd.apk,170,279,129,236,41,43
24bd8ebd0ffeb1948c05134613e1cc7f399376474ab5b1bc2bbfdbc20bf7b079.apk,6372,9683,525,1110,5847,8573
423ff1ed2972f74fe33c3e7ba2e25a44f244f4b786b19cc6d09492de07193db0.apk,301,487,158,304,143,183
3584c0d6cf1ee82a64dfe0f5295e44cd1b970739cbc0a83bf2ab7fce802eebc3.apk,177,279,127,231,50,48
1285b0475ad3e02f700365a375287cae231d557a00675ec8c33f6c62ecfbe343.apk,476,787,266,451,210,336
0597d1e71c36525e017bcf38b02fb387c00019c9da7f03d49a038aadf287d879.apk,9258,12314,333,530,8925,11784
229748b4b8fc414df7979d966bb0bc04894ca3a1224756c0fe2788dbf6032f2a.apk,3759,4978,272,525,3487,4453
02a3ae0d4ee42a2b43eb6d73238705e8ed848e454cfb392bd97ea04d562bf038.apk,6343,9593,514,1054,5829,8539
3798b1be0f190312dff2297c1350bec41c0e38a4f853c3a36d3928aa50c6501a.apk,387,529,125,171,262,358
17cd0fced0de90ad53373aedcb9f299525b17a7d3b86a76169af53186656d647.apk,102,154,42,44,60,110
3b253bbe9379f7c4cbc4fa324b0a594177e0bc0c0e3b793d87e9d69f62a87494.apk,4655,6403,279,518,4376,5885
4d9b38fcf8375640b9e7631e0b54ade9186781ce67804c4293a887541ffc406a.apk,9180,19162,2195,5496,6985,13666
381172ee21553f7ef9814f82747c40be9a45cd1f383fe3a93d56490bda67a2df.apk,9593,16380,321,654,9272,15726
10632e5ab580fceaba03cd9ce0948e07c56d6b1cf54648098253bb02803e5692.apk,6343,9593,514,1054,5829,8539
025e50ea6f99b5bcd7bd54dc234c205ece5fa94b09119c53318cfc00991afcdd.apk,26168,51815,3504,9073,22664,42742
19da397ea99ed084f33182b4d7970adb2b2cd646af1dd31a8c8d255cd89c0ada.apk,8395,14042,338,579,8057,13463
0769cc57b38d2e94e5b5fe4793d8d679df8b351fe35653452595d3152bd2a63d.apk,3759,4978,272,525,3487,4453
166b677ba4853d04fda41aad0b411a8aeea33f398847f650f513c495a5042065.apk,4355,5822,114,176,4241,5646
2da0cdd9bc7c40627efa607185334e7ebebc047cb6bdd858eb4cee0cb96fea29.apk,6332,9556,497,1011,5835,8545
0eecaad7ec0a62f4bf00b905900d671ebe81f87d3a3e7bebe27f5c5a0ecfe100.apk,16800,33285,1033,2225,15767,31060
288a266e69d5709548695cf8f165df6b39382fa37fd5661a9c4091e9c62171bd.apk,387,529,125,171,262,358
2eaafd0ae8273916fd6a54d111426298286f733481a44a70d24908d904b0fae0.apk,17292,27514,1125,2194,16167,25320
4eff78770516989dd48cbba5dc583db26e51947b7a5e1b4c9d6988d15c8f5688.apk,387,529,125,171,262,358
38f53105f937def8bcae29a7455d226c5265bc4c2808143047d12a61772e2528.apk,4836,11857,1824,5631,3012,6226
4551134ab9d8466e5c9d9a24eeeb905ebd91ee89d3f63a0670be04fcf88dddf5.apk,3759,4978,272,525,3487,4453
36e15c8b6211b22d4176424339ab39a52e65d2b1c9dea3b24c3639fb022a85ec.apk,11220,22801,2053,5605,9167,17196
4f16ae496f53ffd1aaf48e060bc0a9c3ac67124997670784038cc18103a33969.apk,6314,9515,510,1027,5804,8488
144e98375727ac330d4e2a230cc09fc69882346b9bff40cdf0bb41146016419a.apk,15527,24768,856,1983,14671,22785
16b9cab25ab6e8b65797125a86688f0dd4e36197f7d7598b78d4c9b579987d40.apk,2158,3906,276,463,1882,3443
4e42dbc52739cfb69c32ba7dffe3c31977cb363d0e5c81baea47a5833238f96e.apk,6343,9593,514,1054,5829,8539
124860e81b32724dc6c050dfa9d736e779e8ff4bf404cef2a8423b57c4a695f5.apk,661,1307,349,838,312,469
17f47c1532080c939c8af569dac39d7b77a3001bee127a75a436860a65bdf995.apk,5683,7644,244,355,5439,7289
1461cde3d103298e882819691e80675a8c2532d8659cdd84e8b543aab112ffa0.apk,387,529,125,171,262,358
0a3aa1277f35f99771a84f993cd2bd4862c1a829bd652a8661eb31c55050a167.apk,4647,6386,248,472,4399,5914
21fb423de937e54ea4727e9674ed3052d27367c222cf80f29608ebf6b6f79605.apk,397,685,176,237,221,448
47025363c9f7038b25db7d225afb1d0675e753d9d1afb2df3f1693dcd4c87cfc.apk,4029,5408,85,107,3944,5301
1923e322398edec987c256ece930aa8f6be58363837ad270736f50f4dc19af37.apk,6332,9556,497,1011,5835,8545
4f6bfcf77bae3ecc8e16901ecb0f7aef41be52a273d85fa009a95c8e4a0eadc5.apk,66416,148855,14730,43561,51686,105294
4de98814f247dfb95217aa944953fe52106e108238f8fdeba4da05da49f801d9.apk,1171,2174,131,255,1040,1919
4c0c69d3e99c950d22fb48fe82ba6572f6fb686d55c6ffa1cfe9fc3f9554430c.apk,15706,22128,436,649,15270,21479
28cacabaab634c84856faf811d466ae742bd668c7e194b60f491404cd83dc8e4.apk,6353,8210,111,149,6242,8061
010dd1a69a37b88083c93eabe6f539f1c1aabfc6f02c3a132dfd38a0f9cc0b4d.apk,8720,11529,325,519,8395,11010
28c0c1fabed43e2a1aa17a9b825b338a81ce36983715f1d9f57ad3f0c9ece7df.apk,2155,3916,153,248,2002,3668
0238bf1c85a9bc2fb7ce389e65288a4511d0c18fe2366a0180aefa1f17c32e82.apk,1108,2395,698,1609,410,786
3c7dc10680ae5c49be832a27ec163b00140f6deab4913885f74b8d7ebf23ac20.apk,6314,9515,510,1027,5804,8488
3ff088dbc3fc02c8edb4fa7c2590865533d953c5d67c4aa87b6a109fa6e8baf4.apk,3260,7194,786,1882,2474,5312
1f40c95ea6dd9edbfa5d21b38327cec58d3c11767d72b19b9c4d944a2cc16475.apk,2155,3916,153,248,2002,3668
1e41a023e71b167ba292a2f747fb032629a4db3ada854f3128e4326deae3d8c3.apk,3759,4978,272,525,3487,4453
30e5d42c76694366a94e5b4f0f6ec0e51dc2c8f0adaddff4656cb12520e05b81.apk,19459,29918,474,669,18985,29249
06bdbcd8302ebe9cc49d04cbdc8ec315413230ad96fa604643b8933f0cc63370.apk,15706,22128,436,649,15270,21479
4214ef872d601706bd63eb3fdd3caf8330b2d8a62e4eca8b84b3784d439fb901.apk,3759,4978,272,525,3487,4453
1af047f87f3dfcc6636dae0e451407927a8f0c84a5c999452cf36384066e3b86.apk,15706,22128,436,649,15270,21479
31b9302faa48e2ad8cbf4138bda371b4bae12fd879dc057181daf792ee24977c.apk,373,604,188,326,185,278
371ec1fe7b20a7b7b9cd2de8dcb33e16fcf102003903a0ca031ce6a32e3f2a3d.apk,9256,12313,330,527,8926,11786
182b9e93ffefc2c4de1b14fff9ac1310ffcaf2c578bb3acd17328d1b88dacbfb.apk,243,316,155,216,88,100
1cc84e23c7ced5b1f5bf532c3175e73f6528d70fc773f652228e742959489945.apk,16088,23117,432,699,15656,22418
2b688b973b89e907a563d9532a77dc846ac6d98822f127a6970882d195f39ed8.apk,3759,4978,272,525,3487,4453
3452eaaab891edc3c2c3bedf344a27afc80ce62dadf80a9e2c2dc47c9bdabfb2.apk,378,706,229,441,149,265
2edca04930e799759d9fb4f3fb0683818aeed7152e9eb6320f44dc1fc9555fa7.apk,12264,29769,4565,13996,7699,15773
23c4565ae13105f7792b60b17ce10d941995f32edb3fa4a18b26f2a59d23a77f.apk,3683,4741,185,311,3498,4430
05b33442670e460c893710b7c0dda46bde826d8067bbaba36d1ee0d5907207ac.apk,5286,12271,2296,6311,2990,5960
0201bc29b3b772097a9bdd3de25778920aec9738ccd72bb4e1bacaaddea0b9b9.apk,3229,3871,161,243,3068,3628
19f15dfe99a7e8276780d26c74ca0b3cc28289678c8f44743849479899a721ca.apk,3260,7194,786,1882,2474,5312
44356cc0f9c4b4d77088199dfa2dbb737dbb8fbd02d7263c4ac2a6345ab9363c.apk,453,943,172,267,281,676
0c98cca2cf961dcdf277ce6ceef9053149ae89e45d770ee6f381b88cc634c352.apk,3932,5146,216,402,3716,4744
19d5475e7718ee1224e291827b45c1754189920501dfbd8a864edfd1773d1ae2.apk,5662,7550,270,395,5392,7155
1dc33d84594b6906067cd1481ffc1900680e5ee8d5e4e358def411d561cc7f59.apk,1587,3141,191,283,1396,2858
2fb5eeec72d20ffdaa57a072000900d48f558dd1702ce39809981a50a5697671.apk,6332,9556,497,1011,5835,8545
0a5d2765414520d695567cdd4fe4f8db8e577d88c76e0daa362d7dcbc2bf6c1d.apk,4524,6943,198,263,4326,6680
4c0b3b37beabe7cb9b94dec237cf3b0db3a8e9d65ebd017811d3f398ea58ecb1.apk,69,73,69,73,0,0
4a51f3f70726e5f7238ee3c2a9a016ad1b4309d9524d163c912830562dae194e.apk,16088,23117,432,699,15656,22418
4ca05e41a846fc292735517da097fdb29fa62463826347c22cae1bedf4564175.apk,2155,3916,153,248,2002,3668
0c3e9b93fb8302b81868538d8ef939ad8ad06001181e9363216d24fa0a571aa9.apk,6314,9515,510,1027,5804,8488
0b3ee7799718ee9871d468ddd4879e77cdbf8c589a163f7f4c527fef383507bb.apk,2321,4273,284,479,2037,3794
1afdb875aacef5bbe9892cf230a4d3373dbd25e67a96760c160273e49b9581f4.apk,2684,6702,610,1465,2074,5237
0d3bdfdcda88636b1a16d92f5479496ffe94f5a83fdf508b009e1b8c6ed7f3d0.apk,3832,7168,807,1297,3025,5871
0b2f93cfe6a1628b9ae972770cf935d2391c953c355cc11ad81df793cc3fda12.apk,6296,9189,260,353,6036,8836
44652f6d1d5ec7fa6c54154d344ac129052721dae417e26ed71607847bb39c8b.apk,4466,10387,858,2250,3608,8137
461d86b556da73c481714c33dd4e3362a3cba28683f2f078fb6ce91917354c0f.apk,139,380,139,380,0,0
1755d04b7408c6461106bfc87003c99d325135d03ae7ca30305b888c9ee63f62.apk,4546,10556,887,2322,3659,8234
3295d76c0fa217f7e532800c8eb66b93ff6619f08f1d0ec237c80204675ae87f.apk,15886,28957,836,1464,15050,27493
28c99665bd6b23890f951be0fb118f18d0e37af85c930004bbfe84062d95fee5.apk,3681,4751,186,312,3495,4439
4dbee8c7f877ce7adb545283ba08072dd7b22aa218a783bac72526f398579ae6.apk,6343,9593,514,1054,5829,8539
2ddd86998d947c964e2cc8c118e95134fc904615a8786fc033e3c06800d1f6c3.apk,4656,6407,279,520,4377,5887
48c2a6fcc57615f38d61e9f3d5b0187c96b740e08d0cb7c2ba7365d2e88300d1.apk,1595,3229,187,277,1408,2952
002ca15a26a80f025a45041df9bee5120653393c5ca41bdaca5f79ddda6d2731.apk,15898,29002,836,1464,15062,27538
00f76d4df8c008703ec48228311172e60eb17a2f8ed79cbede350d022a8fd20e.apk,6127,8319,236,334,5891,7985
4156cc96999edd2daa4324cb3e09d8e5f6e7ecc67620b5557707a90da9f44ecf.apk,4099,9346,762,1838,3337,7508
2f90745f522eb9c2167d13b538c2c485cf09e21502917691ae3166d221b347f4.apk,6008,17459,2039,6405,3969,11054
1d0742b5ee24972cfa703a9f33b0f536fe1f60b28205c15bc373554baa069525.apk,3759,4978,272,525,3487,4453
0ce0e7242b373117c7be53683142bb211e97a24f6ecec402e49ac64c4cca2b7a.apk,316,497,218,356,98,141
45c5496f552f59776398cfff0ef065bdae7cfe08ddde9180f888061115ab3e68.apk,4001,5342,84,99,3917,5243
1e930574a05ef8fa062e814420e329d38ce827956306abf8a6c925c01c40f74b.apk,16088,23117,432,699,15656,22418
41d863103e123819e59b93f0b508a8e3116b7b19ada62185ebf9f9f5ce62f299.apk,661,1307,349,838,312,469
11687201fe02db73e2ac002acfd61cfa5657623fbaadd216cda7d2b7cd4f2713.apk,9719,14317,453,744,9266,13573
2b2c3a372cd83ee8429bb0b156c6903d4fb95a6de1c6b482f73ef773c62895ce.apk,8395,14042,338,579,8057,13463
4a95a6c3581469279a2298b52e15f35962ffc8f59bb1f18c436aeeede6d49016.apk,3759,4978,272,525,3487,4453
4ac5803a7da2fe76491406bd736ebaaf84ceb93216fe0d726f2639f09f76491b.apk,170,279,129,236,41,43
3cd0fd31cc26c15cae84859d9472d2e0a29fe7370d8cf949cc9a91a6a1ce6e79.apk,6343,9593,514,1054,5829,8539
4678cf94fa7c1416330c339d4e00e92a951446d85d624923e15a64c0fef682c5.apk,3655,4768,317,548,3338,4220
0afbdb01541a56abf58b6d20266a5a72f6a20144019bf17892475b7b6b953741.apk,6314,9515,510,1027,5804,8488
44d82d767448eea7b7aba20c55c396ee360f5614ce953db4be9d6699bc52ef45.apk,8887,18930,1030,2177,7857,16753
171632e3c11cb47b9758107eeca54b2c4b2c565c10f5417f5b55017359cdf622.apk,8395,14042,338,579,8057,13463
4eedd808a6501b56d7fb1b4d4e9429c99503408b10187464a77058c4f10e04a2.apk,3956,9043,705,1729,3251,7314
353819bd79edc69bf0e1276c9078bbf0bc4151ed634c295fecb264f2fd3e7e01.apk,3704,4872,313,518,3391,4354
3d3480beefc3e626e091605ff85b583de82e0df4baeedd8e28e7e8dd228b1187.apk,3759,4978,272,525,3487,4453
14b05b1a1866edd8c9f503bc1baf1af8401d98d3c88c91261d0d7c2eda0e8a0b.apk,15706,22128,436,649,15270,21479
15ec0e46df7a4ae07b5fd0c5bbdedae6ab84c23dd2fecd1b9822d30751466e9e.apk,476,787,266,451,210,336
00a7e3502f9f149fd068f8ffe1f3bb2004385cbcf7957c40db5728444ab96b12.apk,9257,12313,330,527,8927,11786
340646f1963510ab3a62e03f91cdf55f020bf0e743916a04d02b7d0df8ff7cad.apk,1586,3140,189,281,1397,2859
35628a2d7d808c5008e5af30b48a0c68a78fb0fd8f25e646fcc3dae944a61951.apk,6332,9556,497,1011,5835,8545
027eb8cdda6757404258914edeb5c4abd3e5e1dbf3eb63bd3774bf7b1d6179a0.apk,16088,23117,432,699,15656,22418
3c066b4f85208ec34d1b71479913b27209e169186992c636ce18fd410c6b5d05.apk,4012,5354,84,99,3928,5255
144debead52cc5deabedf91cf6379b20189b87938b0e4b1cb28e49e7c4ed9c16.apk,24931,52833,2924,7868,22007,44965
3053a8601688e37b33678b5f675bf4e6fcef8949dfbdada0d3ff54cdfd788a57.apk,5434,11325,317,550,5117,10775
1c6e5aa4d9024126842c1d162aa4ce5ffec79860b4ebb04c658149bac40139d9.apk,16088,23117,432,699,15656,22418
42fc3b7ed298f1ddd486e90e8f25a79e5b5a49039e81748cedaf2694e292458e.apk,3671,4737,186,312,3485,4425
38e399be27f5cc4f22998774d88b61b1f6795f73b27faf0f3feace886739fef7.apk,77,80,77,80,0,0
11974da04bc990edcf71d1c379a558220cc0721c9e7300498a1825ec4322e0ff.apk,1637,3614,349,781,1288,2833
22b88e1e8168daf2c42a664296ce2b79729bfef04682183dba30f8f6260987fa.apk,1608,3182,206,304,1402,2878
24b26609c23c91d7a6325ba2fd2d445ac592aedea206ddc10e3589d2813a2bb0.apk,6332,9556,497,1011,5835,8545
00e756152938b434d2d41dbefdbccbcf615b639f8bdd3b1e724813649fc5b97a.apk,3683,4741,185,311,3498,4430
0076a7acfa0d6fbcdf0dac7eee15d4ab3659972dfe554092dfaba1f246f7d6f0.apk,113,223,47,72,66,151
201082357a6e290429c50651e9ebea5e545ec6041c43f1aafe4debfd92437b7a.apk,104,167,40,42,64,125
2e378f47cc92d338a60984de2023f4c589ee10bfa53b7fed18cb0fc72c4fee92.apk,15706,22128,436,649,15270,21479
0f80f38882361badfcf711117308136b790a52b2846bcc572c8107a21b7c6622.apk,83,105,83,105,0,0
11aa86e416953bac83c9fbe82024cb1822279668d1e9d4302a4eceb97893b661.apk,9268,12322,337,536,8931,11786
209d95524c5f7f4e67239080358e01f8b3d21883ad2f23b32ba1ba1ddde9ee04.apk,9268,12322,337,536,8931,11786
3b2003172086b6a0328f7cb6bacb33b43d011ea5ef0b2433fcb404cdb5f702fb.apk,15706,22128,436,649,15270,21479
0127431f16c0f28fd9f3c104b20866ae733dcff4beefd67b6e1bb96c6dd932eb.apk,3681,4751,186,312,3495,4439
341acbb5f902a6e555ea00d4cf68230694469fae6377c37c2c6a327764b16a29.apk,6343,9593,514,1054,5829,8539
File name,Original_node,Original_edge,Pruning_node,Pruning_edge,Reduction_node,Reduction_edge
929d57342c0e97eb225a95e18c6f3045862ae54948528d22b93954876b92dd3a.apk,15657,21978,406,641,15251,21337
591e410b6ff7639dfcef0a750c11be5e9fb1ffeed7f2105a92e3d1103739f075.apk,1595,3229,187,277,1408,2952
681469179d63440b0d40b6158c49a3efcb4d729bb333af70c9575743812c7646.apk,7993,15761,1322,2938,6671,12823
8f7506b04b18478eaab1ceb7d71d29c53bc5971907f6b202f8ad1b9b39816b41.apk,183,233,59,64,124,169
778e885e21d1271acb4ec32c7a076671b4ad387f52a8fe05cdbe5af349636ad5.apk,479,800,172,270,307,530
9757ce7503d3aff7be8cc541bbe336bd9c5ff779c3973dcc8d2c41d6afd35f91.apk,170,279,129,236,41,43
6ad96e2b5a40d07634cfdaf4b60b78c296d5ada97a98f198b4cb0ccb9c4dd82f.apk,15706,22128,436,649,15270,21479
527763fb300a7fcfb35486e69548c6ae879cd6903385f62d61d3d61b5e8c6227.apk,16088,23117,432,699,15656,22418
8786dcb1c99025de9c315fd2d907930c5799343154ac4ba14c4756d446a2397e.apk,15706,22128,436,649,15270,21479
7e55d553392c637617744606a260cf56155903605054e789f190793e80a72f24.apk,61,60,61,60,0,0
516d8e63534381758f101938fd7c69f7b20c500b207710345bbef498abfa715e.apk,6343,9593,514,1054,5829,8539
6679ea6bd9db89dd2305cebef29533a146d75634212db82bd17e9fb8dc2d2b71.apk,387,529,125,171,262,358
721394e2d393623b6de717613f2a92e0a623a6b148acf66d1c9d29bb57e031f9.apk,3759,4978,272,525,3487,4453
73c1605f7c8f971a54351d0dee8f1abe1b549a10417f36a3ebf09968aab50d82.apk,69,73,69,73,0,0
558ed40b2e4e7d81a71e1e77f234cdea3bfd2fb38df333979cff6b011254998e.apk,3819,4998,272,525,3547,4473
58d84be655daad3cd4e7510eb344fb2e45eea6ba205c1d2354d0a84cf2cbad00.apk,4201,10775,1608,4236,2593,6539
81f09639453f26873881148b22e1d59b0daa2a77eaa7ecfb591396438faefeaf.apk,4017,11168,1793,5363,2224,5805
75b2d9c3abc0816f5f16569273f039c989d2c1b4d709588c00fbf71dc4ce0b8f.apk,4635,6349,235,432,4400,5917
676528e237aec3576142352fbd373400744f6d67a3e1759ef53d55bd8663b8e8.apk,4581,10153,4581,10153,0,0
6ea8db1998a854db3434e56ef69e2d328280a1fa387a954b5c0949d5c897e6cf.apk,66419,148873,14736,43581,51683,105292
7eb929794c20d23c91eb2c949037a614b216a49b50638a44e50f05c502add551.apk,3681,4751,186,312,3495,4439
5f8cfbd408aa061870619a5a3d44fcf11f80be351a89f289335901c897a97ed5.apk,48026,83979,2765,5766,45261,78213
70868581e63b609f54aef27156538ac6fb383de937db95b6157f244a93068803.apk,9268,12322,337,536,8931,11786
7e9bf5bfbd023d75f482bd2cdb81e8250c4ee3ec0ce612344e1088d17215c5d5.apk,2155,3916,153,248,2002,3668
829973dc1b79dcd84fddaaddfb1efcc8d0fc211fa1a6b5a813d5af2548d47bf1.apk,113,223,47,72,66,151
a0a5bfe308516695d4a18db7619cc66c6e9266f1e79f980faf2560e3b7edf693.apk,6343,9593,514,1054,5829,8539
8fde04d339b1b2a3cd53d9184cb5743a2fa8135a022234d3008db4d4920e01c1.apk,49325,117343,12072,37450,37253,79893
7d6b905a772126f6ade4c3bacc31311581cfac72ae2226b244b9828af4867c72.apk,3759,4978,272,525,3487,4453
5aa5c2b06ad36171393ebfabf00797893d1d8bd5cfe0dd9d636731d1b6f0d807.apk,6332,9556,497,1011,5835,8545
76e7c52886d29050e472924afe3318384a91bed34a1cacd04b904edbd0344a60.apk,461,767,183,273,278,494
9ad30c93876433293e11ac77668d899043de47620c88496792e482b4ed7ed85d.apk,3759,4978,272,525,3487,4453
a4c060c1eab738d65ace939655b10b3c76376ef3a0606f0d6e8b597c6f6f41d8.apk,6343,9593,514,1054,5829,8539
95ad88ad7a3d6f53269fb69d40808c041cce680459c26ac379b40591cab1f8ac.apk,387,529,125,171,262,358
a4774b33e011a70283fb0f8d63af95f4914db8153e3fdc358fb2957f8ac9524c.apk,4656,6407,279,520,4377,5887
92886e7edab71c71515962f57be1c0dd810b107dc1a82dc8dd918bdb68c7276b.apk,3759,4978,272,525,3487,4453
908e9c0743c8c5f308bfbe0ecf0d90bbc4c12db347fac7d3e9f9f8a419deaf87.apk,450,934,171,266,279,668
511a8c76e50c05a2cd6958a30612fd7d4f281b8c679ecbfb2b675e2a5078e5f5.apk,9268,12322,337,536,8931,11786
5d54a45165d92b7a476153e327908bd23beaea56b528f0ca93234ebc6654ef1e.apk,3949,5173,84,99,3865,5074
75c64d4000ef3b6b27625335f1e912263ebd36f7dcc72366e7b541f9bb6504ab.apk,1566,2760,34,33,1532,2727
6a70b995f5135364289717c454721d4a376e320634e15d7e625c4e94fa42e5b1.apk,69,73,69,73,0,0
a1f814273620dc01ec1a15362052a83c5cd3acac4566ffa1828deddcdc43a47b.apk,3759,4978,272,525,3487,4453
7b05428e10d3a08e3f55188c2bae15aebcda663f6f6c47284c38a3c47b32661c.apk,6343,9593,514,1054,5829,8539
785b56991cc53895e4a1c97882cd6d4de14102a3e873d4c7315d8b563ef57853.apk,1108,2395,698,1609,410,786
93b64019ee48177889d908c393703a2a2fe05ca33793c14b175467ce619b1b94.apk,9258,12314,333,530,8925,11784
72214d67e31fa1109a04113d692229e8e870139660c403739932a017803b8850.apk,3759,4978,272,525,3487,4453
993a8fa812550d6ff748d8f7bffd6323599be1944c09d5cc51154ee4fddd4b19.apk,5499,11466,282,448,5217,11018
8a8792db035dc3583a6cdbadb4b1074227bff69e6f4b44fa7a091c6d097cf714.apk,12832,22707,923,1761,11909,20946
7df2497eac97ccdc73f994c88e2212e50bfa6aa945c0ef68d2608248c6da7a0d.apk,3671,4737,186,312,3485,4425
900ef33405c56f51d38508e528d32945a231c942b2d87004f08aa72e2cc38668.apk,4012,5354,84,99,3928,5255
723e897582642229b7f757f48ba6e75d468fede324fcde442fe3dcdb36dcd1b1.apk,2155,3916,153,248,2002,3668
9b2a8728dbb9807dfc58acd8dbe3417e3733a26d706205f525131730770fc844.apk,5903,9241,616,1346,5287,7895
56d1f5f3e907cd9e3cacebde87ca3fc2b9c143740988c3259f980bdd15973b33.apk,322,506,223,364,99,142
90b566c795bb321848be4bc978c4337d0cad738912e86adbc7625021620c499c.apk,5532,7215,196,258,5336,6957
5c7064015c4b97571e46597a289f097201039c83f02cea0760b655c4a0158ce8.apk,8720,11529,325,519,8395,11010
90fec799d896ccb20fb6aad6c65c67c75c8a5fa080e67b3f08a9b33afda6a159.apk,15706,22128,436,649,15270,21479
89706ab4dfdc8cba9fb9465a5e3f4eff234c0c9d3b89cd46bf3be4f8dfe718bb.apk,1812,3503,282,566,1530,2937
73635c991b7f2b3402227a01d667410bd26124ab72925bcf7416e677887ee614.apk,3671,4737,186,312,3485,4425
9972d75d15ce6eafbdbc0d2b66510721375aea485cfb51c55935d9b80493ac92.apk,6332,9556,497,1011,5835,8545
8b34a1d158b096bc624ca4ce9487ecdf98fbb61a78e1f2fc984363f5fa62f4d6.apk,1477,2762,93,152,1384,2610
85c37cdd82f6065ce92e0bb094c252190840770921b9ad5075e1970c41244f3b.apk,3604,4716,261,462,3343,4254
994a8d9bd215dd643991dce651aa8d210e513cb4325d6c13de2e2558feceb74a.apk,6344,9594,515,1055,5829,8539
80169c073c9e96ab8ca3655c85c5d0c741542b3d550be40ddb7fa05dcda6b9b4.apk,3711,4814,220,395,3491,4419
a16ac7efe988e6fc0153f2ed042ee84c4a54dceba75a4872b7dfd3ed2cdd9d78.apk,183,233,59,64,124,169
77f4f04fd405c39d805893ebf81aed8ea6fe1ab6fdcfebd662dce7800e5448b4.apk,3711,4814,220,395,3491,4419
804fa37eb6853a754dac5c5ca63f905d441f9508afa17dd66a87d4f17f169079.apk,168,273,129,236,39,37
7716206cadfab7b4c5ec1fc59f93fb9ea3c758dc33f1b3f586d08e1a68c62e91.apk,3759,4978,272,525,3487,4453
8f8383a7acf349b30f869219e45775d49158a79f3401aafe3e6fb15aca30a134.apk,4984,9518,1347,2564,3637,6954
9096a8ddf11c2d529473b8c539f02846a8601e3734c74403d06715b0f83cd82b.apk,3167,3740,92,116,3075,3624
6eefd5868e4b7d4b79135e50d3765b9c808b8218e96cf5a345c03e8998f2924b.apk,3759,4978,272,525,3487,4453
5e60d3f45e4590aa59f01148c8824e58a90ecc47c8e554ac4c34e103a0b6a5e0.apk,3759,4978,272,525,3487,4453
8ae91ca64fab6695c92f9c4f91a8c69f6c42e9f12fc22286ca91ca48b06e593a.apk,430,598,131,178,299,420
533de24dd2678177ac645245df1bbc2ae7e1b2138bc68f8b1dbfcbfa9b773f17.apk,1483,2764,95,154,1388,2610
6331d7a16b917e5711fe6ca76cb8d48bae28bce59787f810415e754be9257bc1.apk,32,36,32,36,0,0
72116ed4f652669ab5605ddb99ae620e0b838783ed218eddaeba4a0f1648e2d4.apk,6343,9593,514,1054,5829,8539
8a0ce87de016cc8dafe4c7bf627d0d8036dee3bd996e4079739b15072449f78a.apk,190,123,190,123,0,0
9e82df6ae5a8ebe4c0150ba05085abf922d4b2328654fe82fffe856b9b6990df.apk,4463,10382,858,2250,3605,8132
71e4dc3fe7879a2a52539443dc92cbe5b20ebb71464e82e888c43e9c10744112.apk,3759,4978,272,525,3487,4453
79cf50c4dcef109b686fffd621fea0f7f65da95a7f1de9b63a532f3a10855825.apk,8612,11608,319,667,8293,10941
80d02ca6f4562cc1347a3f834af5b6fdaae250e2dad4c8a15fead829c7e991fe.apk,6333,9565,512,1043,5821,8522
943000da0c9bcd69c813f37cf9a905bb7556f755a897da17bf1eb3ed0459c4a3.apk,3682,4754,185,314,3497,4440
959a26b1ea017c5018c748010f0d5442db66294f3094cde598620831f4d9b248.apk,1533,3407,349,782,1184,2625
766ee0f3bce38305d5bc21277dee60d67b80098652d7c63a905364572ec8b33f.apk,44307,86219,4622,12366,39685,73853
85b8f2dfcbf1901e6e1a6de672cbe6f91bdd7e1cf5a6df6b05229b0da23732e0.apk,3711,4814,220,395,3491,4419
77a5f81ee6269c1dcc3fd5418ea1def34aaac9bff047dfd9a25876774e9142c9.apk,15706,22128,436,649,15270,21479
8dee6cf216c07baa003878dd7897eb4cd35beaeeae20db2d519a1ccb34cc3934.apk,69,73,69,73,0,0
83cbe011acfe61806b431212454a920f7beae13d225650f4d12873ca252e64d0.apk,3888,5063,252,496,3636,4567
7bcd9c9a68708ad41ad25948fa3d69c2935c15e4a243453574d6cf47db7473de.apk,5484,11398,254,384,5230,11014
6bd0aa2c9303beeea477ef80322061d9381254708f8566f103a6f8e28aab40e5.apk,3759,4978,272,525,3487,4453
609f62943885dcf4d834f27463af8455afcb8c94e752fd4513678ae41ca428bd.apk,6314,9515,510,1027,5804,8488
8ac334b820e15aefdfd09de839b75d8572183d724c2e1b13f36d37043eb90fb4.apk,570,1082,308,618,262,464
798e2f045e33b4774979846df52b144d31ea09878b4b6cebf0e2669981bbfc27.apk,1586,3140,189,281,1397,2859
95dc61d5701ce6017824c697ef6e49cb6443a215933daa13087dfa660525088c.apk,1595,3229,187,277,1408,2952
9fcd2d62a0368db93c8811c59aa21abc04c633d2ff4e8dcc7561afc85cee1938.apk,1284,2651,326,566,958,2085
63e140b142081f748bd3eaff75c9cd0438de412337e15cd913e075fd49568f88.apk,6327,9571,504,1031,5823,8540
703cc86d6350e456cff9b2cf90950cdff4a6ad1e122fd2ef82a32b1f1ca29dd4.apk,16088,23117,432,699,15656,22418
9ef8e540f05987e44f8717039b3ac61ea908e349f403dece0f880b58b8e4b5ff.apk,2249,5122,97,179,2152,4943
5ffca05dee980602d88877ba22e89b00fa29daa076d3a81d8977d6abd86aa64e.apk,4291,7310,599,1210,3692,6100
681d24240cc059fa1816a8ef8836e3bea54f58c8f40f606bdb4b6d657d399b06.apk,8398,14049,338,579,8060,13470
75c6486fb63da380cc8de0e3efe64bcdb9feca7b07da1f58ee25ef0e7061b869.apk,3937,5160,84,99,3853,5061
987404d5f1020dbf038d8d794501380275eff0dca238b453a32b221381c7f3ff.apk,104,150,34,33,70,117
9efa16125de476183f9fc8fc06f84896dee8f0bcc920e31288f3add6e91c4ea7.apk,1037,2155,109,132,928,2023
6d313f730e271cd335772ad63e49e676d68e86c4b8e32c108618a8e8587d81a1.apk,3410,7403,1123,2450,2287,4953
59f00985c883d1d81a388cc53992f50eda1d789aa8a3b5301e57d23cf52ae38b.apk,6343,9593,514,1054,5829,8539
74add9d4b966eeb67c89827fd49d2df560218095a88c0e0392a980a1407776f8.apk,15706,22128,436,649,15270,21479
80c2842a2f289cae70ba64de998fafcd2a40b80ec986a3c1da1eb6fea4576d28.apk,241,762,241,762,0,0
80e2e11f73732aea0164a7b8d98db9ac1155663de2cba5237a4eb65e973aa552.apk,26739,50507,3212,8701,23527,41806
94459168443fd3ec3633deaf0a020f9e6b3482278e622f6778b560e4ac5c9804.apk,8167,16255,808,1455,7359,14800
66de59f808fe6f7894f5b9fa9b90cda1d0d13ec6cbab46a792f1004dfac8c327.apk,6314,9515,510,1027,5804,8488
55c77901890bfbb03d037f89bf72f8785d035b52f87641bee6043eb57b0e73b8.apk,69,73,69,73,0,0
5dfec1560187d6975aaf0269e68300171056dbaf2ca73e4f9352f8569c378f09.apk,16088,23117,432,699,15656,22418
7443de4a253750caf81f428a4959775c96db1e3a83f56bf9d46b420615658ea0.apk,5310,10247,1389,2605,3921,7642
773b5a6ad49696225a6639e8c4633242ead8fdd7ab1935d4676960953cb48065.apk,3759,4978,272,525,3487,4453
a1c84bcf523481f0fe494f8991ba1e37608fa32bbf76c3086d0064783d6e1b4d.apk,1595,3229,187,277,1408,2952
5e366f54725fe5f7788e497809e16d14d46d79e1c49b477a4a25356b47c7a6e9.apk,3267,7176,759,1797,2508,5379
8dac6d601dd0c322d67556a868f9f8a122456c7cafcb2e7186049a62304b8233.apk,8398,14049,338,579,8060,13470
a2a0b34d770685450cb5902c03ac7d7b5052246ccc856a575abdec8f329721fa.apk,6903,12502,207,379,6696,12123
8473f9c732d3e026d79c866b47342b39b502ad0ee8859a345c5b61e199372ddc.apk,155,253,116,216,39,37
78304268c43cd001bb4f0efa6e5fd7f66b92c47e33e16a626986316f848dd929.apk,9649,16598,357,794,9292,15804
5e648ca2342d1bc36d33a139f4397f535667d14067a3a818ffbaf63e4a8939f5.apk,6344,9594,515,1055,5829,8539
8ad064adb2fcc8fdf3885b6877a9692b4e2fbe1174c7c8c56b62e86b4618cad3.apk,6332,9556,497,1011,5835,8545
7a2be5e9cab790643bed90abb1696b7ee79caeebf66b8caa36e078277f3afd47.apk,382,629,154,249,228,380
80641734f643e3b4fe8a5f68adaab4fb41941b4caf6c7c1d1d7d57e950622f35.apk,387,529,125,171,262,358
6d72db571f254961217e4ee4bd7f5ec5df2c6e61976b3ea0af79c41757519caf.apk,430,598,131,178,299,420
a073e5f1bc526065d6cd9f1f0c4657ec906b27f7ef075d6c311cfdf5cd9a273a.apk,3404,7355,1121,2411,2283,4944
6ea6d5db48957395315f83496fa01ea92ff90c40bd1604b4a9e2bcda2516c970.apk,314,516,168,235,146,281
7941660a4f1d61b2475c319f3f2aec9bf50e8146a497d3d8833d0d81df3bed8a.apk,77,80,77,80,0,0
60f5f450f9c4651f182abb7fa31ba25dfe6aa74d4007e7cafb3a906738b43d85.apk,4003,5285,234,406,3769,4879
9fedc1a3788826d18f2171c71ed7f7357e8cd7e8fbcad476e01a1c34eb0fa6ec.apk,6332,9556,497,1011,5835,8545
795e46e099116e968cc9bd4ebb29a87c56e5591d804403ae2f8b6a497dadcec0.apk,186,265,107,152,79,113
7af6d3fdaf32cf916d9308830ee8442f731c37a7753a0f348550f7e8dda9043d.apk,91,94,91,94,0,0
53682d681c42834fdbfcad71ad5da52ffd34a9daae18eb5ab2b25db27614029f.apk,5583,8950,235,379,5348,8571
a2767e4678bfee75c81ee66d0ecec57d6166853b6592584d7db722ed3b70bdb0.apk,3759,4978,272,525,3487,4453
a3d4b10b57a33e030bb634971fc7d019ec07671f6e835adddfcefb4c1f86a9bd.apk,387,529,125,171,262,358
96fefd4e7c7f69b30a2bfc9a7d198abefdefb31e359bdb931b8af3ffdddc193e.apk,6332,9556,497,1011,5835,8545
7995024cdcca4bfb91c1cadd4728870027cd1df99f67325ce60b7d0d989836f0.apk,3739,4665,216,327,3523,4338
875387a63464fd9cd353b6ca059bba3839d2dbee8f76e1d3f5d9dc0cc0765e48.apk,170,279,129,236,41,43
5b1b5af345b68c7780aa118beb58017c91be5bb356e60fb8fdf2fe8444297f00.apk,4226,9584,770,1929,3456,7655
73209c34f576fdc87d6d2e9be73562e054a84ff1bf90fa1fa0c7fe99f4689d00.apk,505,1065,291,597,214,468
75300db2ef06ee1b76708056e6b8eaff75501ed094413b1bc28176fe0cc26198.apk,8612,11608,319,667,8293,10941
849644f224bc7f06a7ed5ed95b768b8cca3b63bb2eba8ef3377be194f17e30eb.apk,6314,9515,510,1027,5804,8488
5548c01c757bc95fa5d530adddcfbe0d29d106ea4ba5d52ca1985a20a8ad7ae6.apk,9194,25655,4401,15564,4793,10091
6b9b84fa38d23b14fe0b554991b38a7ec15301f49b836790b38502a45ce18af0.apk,4088,9305,752,1820,3336,7485
6075ead5f67f1faef643fad81390d80444b13f72f4c6ec62b9530ed0a0e7ee45.apk,627,1173,350,608,277,565
8cad936f31715fc1b88a3222d308e7ba3dfcf34a9a2b0360ffe6a0967c4aebde.apk,34245,81516,3307,11497,30938,70019
79b3d4da635500a997d61cde7443ca3648af8f5f4b5caef5d5d732a3380c1f44.apk,3688,4770,186,312,3502,4458
540006b498cc96a6af17ded43631a7f681507bea277536825dce59fc1be79de3.apk,4656,6407,279,520,4377,5887
724bb68303f014e4929631abde12215523e9f0b7b72ded55d132143cd0d6c69a.apk,14913,24090,854,1965,14059,22125
62004809cced6b53d01d050af2aab769f05813bfa931229cfb914cfff574369f.apk,1595,3229,187,277,1408,2952
9a56fb170b3254d5639a00afbacebab0b06e80061514c1bf990877a9bc626e77.apk,6343,9593,514,1054,5829,8539
a15c3b9affcffebbc6feebafa0d65201b7cf0108c9cb2f510e3048e98d72ba63.apk,9257,12313,330,527,8927,11786
5884e269ae67f7c4ab08b4698f0cdbd63b41514522c56c164edc7a223beac9b4.apk,12259,29715,4623,14138,7636,15577
a38a8d5c0159e8bc4593f6917211eae387ff30ffc890d953bbcd3c9f897cd586.apk,6969,14046,2237,4377,4732,9669
8811e7f9d62c6d021b8373630c44f0ff85759cdc06fc1402a9809c2b952637b7.apk,9496,16198,1078,2420,8418,13778
7fcf262704c2c9b38e5b82d2aacbeb00f2cf223f9d43778faf72b60fff47d057.apk,731,1206,394,727,337,479
981e074ea2faadc7b88de630f109940053c15f45c43db9a48360de5d3d705bd5.apk,1579,3028,40,42,1539,2986
9c03933a38d69f619d60f4a71444ce901074667c854b633e3a5b83c4b9e4b944.apk,5539,11518,273,439,5266,11079
71f50029153fde8edb23a41d9aad1a2a586cd53a18c5ce3efde748a4fff18568.apk,177,279,127,231,50,48
a4040da43607682fc94397a0f4c88bebd97c761ee6a6bfe1c72b0d1b52efb903.apk,170,279,129,236,41,43
7d88b7cd27b0805938cfd6f2819e9386af42090632f81859ac023392162ec70e.apk,168,273,129,236,39,37
6def1f231fd7b6b00f44ea1c03e8bac89564c96499f10bf477ca52cb46190f92.apk,3671,4737,186,312,3485,4425
64289a344c9cd2287875ffa044ca53e6d1dcf67e392e2233f9704d21a7112ce1.apk,6314,9515,510,1027,5804,8488
69fa4f90119040d1f66d551cf3383a04a3da325094d19ea99d9fef187d46d7a1.apk,5662,7550,270,395,5392,7155
7f11d5da327e24694fc7fbf5c2700d1b6a517a94e90a205a6fc08f8d87634188.apk,8398,14049,338,579,8060,13470
93f8b309d355be45da08b5a6a6a26b215efb6f1ae3640c8634ffc50f126fc114.apk,15898,29002,836,1464,15062,27538
68c4d97133f8246d4082666d7a65e1dea716bc4e852f3a61bcfad6a1470ca505.apk,3758,4972,270,519,3488,4453
7f1b5babafb7093f4a8eb04c5d1d7c1a6d3275dec3ad6d7e155bb8b88d67bf4a.apk,9266,12320,337,536,8929,11784
5f2b89ba32a60395751beb6c0c2ec0a197156514538bc935afb1d268bca3f3e7.apk,15706,22128,436,649,15270,21479
903c75fcdb03490e25e7161b12d0bbf3481cc2a5a5dc4e5eb7b1e43a94f4f1c0.apk,3759,4978,272,525,3487,4453
911e360b9a94a17894c9f7e243394980366837c66e59b62a8cfc11cef1248551.apk,8410,14082,337,578,8073,13504
7ab8819e7e77d7563d85a68ad25a36fc46da86c2d2f9c32b944a9d56434c69bf.apk,4069,9266,752,1820,3317,7446
6ca56c0a17c7574af50351cb92170c9a0d66320e4159ee9b1e67f972a01d327c.apk,661,1307,349,838,312,469
92f5c6054034e42dd7cef824053b721eb9ab0c6190b4e3c280ad9c6afdda6253.apk,1596,3220,189,281,1407,2939
670175109b738851c05977f87872d6e66ee6d28db1b577db649ad0de58d9c8b3.apk,3759,4978,272,525,3487,4453
628a6032360ab8e94acf8b6bdd9d8b24169c1cae25fe3457279a5bffab897283.apk,3615,4551,129,182,3486,4369
56aa4139c80ecf8f208c161167b1eb090b1d25a82482e67635d2929e967bb1e1.apk,4191,10746,1603,4218,2588,6528
8a4b31e4ea4e215e0a47102b9b168f0c8807771a6032abfd8aae6c9eae5a7827.apk,4466,10387,858,2250,3608,8137
9b56e191bb53aad8ebf25a9a51da9ca87a1e53a4f36c34bdd94760ceb349d072.apk,69,73,69,73,0,0
6360966cec02148db80d8c73049f5fb1a9740d8468fb5f53cb8501e0aa3dff9c.apk,1146,2883,665,1878,481,1005
6300e2643e783a614231ef3071c2a75b2ececb31650b3430905f41a9844ee7f2.apk,3759,4978,272,525,3487,4453
5643494fd55f72da356addab1ff6abcf69207884ed66e78fdd4ea3645d84250b.apk,3937,5160,84,99,3853,5061
6bf5e83f45291922ef6c51a52dd882daf1c66c2c75360c6d63779f2a7faca3f9.apk,1595,3229,187,277,1408,2952
6a6be6b4dc5be128caf8286c2ff983e99a033dd5d7658fa4c77caea95a1c849f.apk,15706,22128,436,649,15270,21479
67235d424831a0d7e8ee2824db47d4085b6a7e68526d836bc7cd5d56ba9cb6a4.apk,397,685,176,237,221,448
717e0a6a61f879be3cf192a6a6d758b421efbc81aec63efb82cb7a2ce16e79ab.apk,433,685,153,248,280,437
732d6f20dde184cecd68565254d1404fd572b2b0a7141f53d5fd1b3aa9a748c6.apk,8398,14049,338,579,8060,13470
6a1ab1926459fd30a7bdf6270ff0431a5aa4b831855b92f43888455c826acd5f.apk,3688,4770,186,312,3502,4458
71306e9729d3857b2e9ab560ec7dcf479e20c0b15bfdcd94f68d489cc3c07219.apk,3688,4770,186,312,3502,4458
66f0f000cb98786df7daab2ce75fb54e44b53920f3582b9dc528da6ae3c3d51b.apk,3759,4978,272,525,3487,4453
8667e021b0b2f3d8dae6c32405d13eee66c71091fe7a51c0ecc3f35163cad6d6.apk,8198,14234,450,781,7748,13453
56260a70580afef28f52da7cdad59c1d0b9a2f1c4fbf29c9168b67f2157c1d66.apk,15657,21978,406,641,15251,21337
874c449cc49e9ee8e5fa3c25840e9ef3189417c32ba36a472d228a4f81d065b7.apk,3759,4978,272,525,3487,4453
8918911ce0316bd976b9433cfb070b07dbad761629172d8eba41d5e0ad8de45b.apk,918,2574,706,2351,212,223
67c3466a1f7daaafef504a401a22883103e213995f27d2ef14d12d687767ca73.apk,91,94,91,94,0,0
a0c3c56c76a10bc9597bebf4222fbfe41136ee6a88e02cbefdfc5a9c38e3bad8.apk,69,73,69,73,0,0
8003a1ceec40f1ee1c243ebc4975c547e11b42ce6da081a76195d7446edc25cc.apk,931,2041,583,1408,348,633
9c49672d4c9779fd838448abf2176f532a1ff28e68ca0b6f944fe8906ac204a3.apk,396,787,214,456,182,331
8d3eae623eed81b740a7c0d11ffb3d0595267647d32dcb4613a6d48c60c149f3.apk,3688,4770,186,312,3502,4458
94eb628326c7794166e46059a353386a9be422df69f831d783912553e18b39e9.apk,1433,2285,245,397,1188,1888
734738935835dd41050e3071976e93366db24ebd2d9414c2f051424609248fb2.apk,4029,5408,85,107,3944,5301
54ff2f49ccc989f7bcd36cea5d8bcd18cbe72d3039571b3aeac62d3ca8d8ec9e.apk,8720,11529,325,519,8395,11010
5689900016bfa4f790c5b2ca790f214b526f06a4a3087153a9650379dea532e9.apk,16506,39913,3246,7735,13260,32178
7d5637d74a642ad45426de343325cd790c00ef95f8ce843a45608759b520318b.apk,69,73,69,73,0,0
60b9fa32f76ac7d3279c8b50c312bb339fd269ae9654b5b3731bc332d9acde9d.apk,5382,7047,85,93,5297,6954
671dc2f5be8684826892c6b116762ced77dfb0c215c10dbfc42fb9dd78cca882.apk,9256,12313,330,527,8926,11786
892b0b825d902926802d7ee2dbd1c48f7fd030ef23634d7b61858aa4446e1fbc.apk,3260,7194,786,1882,2474,5312
62651fee5bea22bddeff828fd87875e3080006814408befbcc26192c62de1244.apk,1696,3321,41,43,1655,3278
8008b53b98597f15b2f8a919163a5739702aa031341c2f1b44ee8e43f9fe3050.apk,1484,4001,994,2668,490,1333
6455d86e9bfbad37443aeeb33137e89bb30760192a84137d7bf3131e6ce2b9f7.apk,2258,4096,172,270,2086,3826
69b9d8f9bfc42434ef8c4b1628d6643222ec41acc2ac46a01f2dc88f68b7499e.apk,24260,46068,3157,8582,21103,37486
54257b3e6b5949ce71d4b944ec71fb4208043f5dea6ae0a174c1ee1316a3c652.apk,15706,22128,436,649,15270,21479
55ee4b10b47fb4056ee801955d589541ffab0a28cdf31ffe4bdff0adff995f8b.apk,3819,4998,272,525,3547,4473
69c992b92b76c4c2233c0ab6061d9c0eb8a8f94448e5d956ce8130265988a476.apk,3663,4798,306,520,3357,4278
812f4a0e7841c13e8f709baf98561e4eee471eb7f34b25ab19934c309896cd60.apk,3711,4814,220,395,3491,4419
7d706a538995b3e43795936da84922c5d5f4c49619cc0327784362922458d46c.apk,8395,14042,338,579,8057,13463
557685d0e34b21438bdf244b9d2f2c01157e5307598069468c60e32eae986996.apk,6343,9593,514,1054,5829,8539
7f349191530c2dce3937655ac48d26696dd566ced1a96b415eabb0b8193152b8.apk,8395,14042,338,579,8057,13463
a3585460a4a213f9e96f2a109801a3ebb30381213e2bc9e5f102d413df14e844.apk,15706,22128,436,649,15270,21479
8e389f73195616fb8bc2bcdcfb4017bdfe966bc73e6ab4f4808adb1167ce10e9.apk,77,80,77,80,0,0
8c5038813e09f62de9322bfb6482fe260086cf926fd847a3b2d22f1af7403248.apk,3704,4872,313,518,3391,4354
54d7adfac5223a0a2de93ff2e5ac83c97109b7ff0fb3b0b350dc05b7edce1863.apk,69,73,69,73,0,0
7396d34be024ee58d6567c7329faeee411f9f05eac216c3f0cb96f47157d0d65.apk,8398,14049,338,579,8060,13470
613c6b6198c9063df4ec19b4bac445dcfff6ab70917aaca953d6ab6565382f23.apk,6327,9571,504,1031,5823,8540
9c44ee97d63520230826c40a65ecb78274a8c7130e3048e1af09e1232cdc8f33.apk,508,779,288,516,220,263
7b36c4f031162b0b0bdc939feaffb825f24160f53886af3b6cf01b8c1166afd1.apk,1646,3630,349,781,1297,2849
9546b5e93fb6901ae09ad87221f4f13b871c79744a37612f089d30cf21bbf0c9.apk,12264,29769,4565,13996,7699,15773
6edbc49f703d49f9b718813cbd660f3b960eb09f88a288d3235da0843c37d97a.apk,387,529,125,171,262,358
7c974990fa5141097c4431822a54ff94108e2010714a6838fadbaf047fb367d9.apk,15706,22128,436,649,15270,21479
8c3706942133b62c41ce59aac9135ca4ec8f2edd9ff39779f1eaacdb48d9fba8.apk,446,918,168,263,278,655
88f58b38acc2d361bfa11cbfa97b231103391f18827bec0a7c884768a32af295.apk,661,1307,349,838,312,469
76b0e6135edbea98c02bba785320c42da7fae0cb7d1d63e4c951867240e0f97d.apk,3688,4770,186,312,3502,4458
94a4dbd3b489942a642c40f8defad78d5da0b6b8e5931cb7eb650d151f4a59f6.apk,203,618,203,618,0,0
8dbecc32e5c759b06ab9fdeb9c2b5b430e1f4d8970c4c8730706414b477f2114.apk,168,273,129,236,39,37
9021b4ceef9020b66f1370b6fb2f1123b0757939622196cd2785721e76a4ed07.apk,69,73,69,73,0,0
5d3deaa5c24e304f17cc511d2371c393f43b78b29b07b252db7936a35a70511d.apk,116,132,116,132,0,0
769dd9497d458010d978d6dbd92361fc59f825f9cd8a5067bf171d475942e52b.apk,3663,4798,306,520,3357,4278
606d617af491131503e2bd8070e0ab9b1bafa8aed6ee6b1f6237fb4bbacdb471.apk,1599,3226,187,277,1412,2949
91a175ecd036bb15db8ae2c8813e504b9c4c8689b6d52a0944586a011f4768ae.apk,479,800,172,270,307,530
9c87bc135d975d9f290d7b7690e99909954dc26652daa6aa8be1338563abdbe2.apk,3759,4978,272,525,3487,4453
a251eecdded52b92812ff8fc6da05a23149fda3cbedcceada5ec3736750dd58a.apk,187,303,113,178,74,125
805adf6627267a09143a058ccc3f8e0685519152d37bb4f787ab8953d9bde36d.apk,1566,2760,34,33,1532,2727
59590ee1425a5018591c446e81fdf5547d61849ffd8ff1027b63c2777487bf05.apk,15706,22128,436,649,15270,21479
5d5897af31fb7d27f4b0aee9cc712b4496a26f0b89a3387a051054e8a7b6b939.apk,339,537,238,393,101,144
9b80caada36c593c99a87df7d8eb6fe7e9c190f9a0b8463ed734ffcd9f954e0d.apk,69,73,69,73,0,0
6afd0851ca0efe9d3d26ed5ca946cb9d7bc77162065364bbea53ac055e4dd9f1.apk,3953,9051,703,1728,3250,7323
7112a4c5de160e79da0204dda0ef89eaf49e8e98eda6a8a526a9d5681ab21c1e.apk,1130,2257,492,1125,638,1132
61be5a83b6ffd132a5b10c031a5db7d8c78d64be9fb7cd5fe6cf27fbc84f7edb.apk,4083,8172,761,1435,3322,6737
525f55391ee26d43a7376243647078831526a752956f2ba095ee201a26fdd167.apk,8479,18174,869,1835,7610,16339
9f3de8e0cab67bad6cc1be23b0e23c1f8cdbcd47bf3ba37c352be19ad6831493.apk,39264,72641,1741,3547,37523,69094
98ffa0dbf6259aa37287a6466dfa2ce5f5f97d58243a0e65b6ec492eacddbb2b.apk,450,934,171,266,279,668
7251bc12b683d3ac73784deee33bc196d2e5c801b3bd310793daebd590fb092f.apk,9593,16380,321,654,9272,15726
9887be2e1a8945d8a28a69524671730ae7f0b6d7dcb57e25d77d082407ce52f4.apk,16088,23117,432,699,15656,22418
6f07f009ff8301537e5c04bbc771545172c87b0122f6c6bb995a01291be21c91.apk,8973,22843,2315,5781,6658,17062
a34e60b09717262de6fbc13e52b5d4d5d41f052bd48c91914882b5d08cf9d77c.apk,4029,5408,85,107,3944,5301
5cb2b57ee62804c085bb260aac3698047111984040c05962472ae992950b4c15.apk,4317,9771,801,1982,3516,7789
8b95c0aad1ac452773939498f8db6d9453b34260b621e621553795de29380ca6.apk,505,1065,291,597,214,468
78fcec4e73c961b66bc5c77ba604ff1f60120fca6292addaf30a3b449702edf8.apk,18723,49212,7018,22255,11705,26957
7ba9640303191c1e237f25e9725532e6184d314f6ba6f52fc434bdc0454056b9.apk,2155,3916,153,248,2002,3668
a1e5ac2f9901ae76156d092f4b215fab17d7add391bd28a277d2ed9ead6c5513.apk,15706,22128,436,649,15270,21479
7aa886dca744dea60e107ae4827728c263c31e843a9caffe6ed64a9fabdaf455.apk,376,711,245,488,131,223
9463c5f42727c980539a38587e5494b59b916c39dc596014fdf41758dd34ac59.apk,77,80,77,80,0,0
9c3e8dd314070d3d46946909311a45ed938f73599c1997dbcfa9bba1fd7fc640.apk,11288,21113,2570,5667,8718,15446
9b84bb5ae24d237233f8749813dbe802beb50416747a7525272591a535504e12.apk,391,890,209,476,182,414
5759c8d5fb96428e7176bac840270b80baa90d5402f10c395543a758fcb21018.apk,16088,23117,432,699,15656,22418
5705b89e62cd0abc30fa43f301213e902fa34cbc709e7e2297e075c45a15f14e.apk,3759,4978,272,525,3487,4453
7b9901ed7e35d634e1ca29b97b5d1f7231c05b952f6ba2945349dafd26bf002c.apk,69,73,69,73,0,0
66f22bd23a6cdc060b22ac170e54f85e4e681ce3d589b7cab6a3f328b8a450ec.apk,15706,22128,436,649,15270,21479
90c5ba4c4eeef7447e3e6ccc3d9961c5658abaf9b62548a37f7db91ab75bc521.apk,44893,95519,6408,16659,38485,78860
9116f692859224b5b0c519205dd02e1776b98e43a5e0911f67f4715e601b31df.apk,91,94,91,94,0,0
98f119db4b067f6a7bf987f7f8a2e7a752e63d5d02de68df4a76187df036d9b5.apk,382,629,154,249,228,380
76ca0a2b7d8b213013f887c13b6261719550beb7b29335ba60dd39ddf1a7ff8d.apk,72,71,72,71,0,0
764cfd332eda96fa729f4bf129ddffcb407087b8a8955ea110e79a683a083816.apk,5532,7215,196,258,5336,6957
5ba3e86ca97e9d9474dd9a1d39d8df9cf050ce76ef13ed916b708b990c306133.apk,3168,3741,92,116,3076,3625
7786f8717cae22d9335aa83af199b7a5f54121d04831da05195fee9248cc9b46.apk,4104,6625,626,1886,3478,4739
a36056f034b6663e04236d16f1124eef83609926922cff80dff6e0483588560d.apk,6094,9424,793,1913,5301,7511
7c16693e9979f3110c030125578b0894c3036c28e5f4d9a6956456a43279c812.apk,1108,2395,698,1609,410,786
85eb4641a4e49c15ba3d908a4c909882e98b508032df21ffdf29b72959c3fee9.apk,20629,44573,2900,7383,17729,37190
921e7b05f1dec5837930cb26cc882ef894e9b5b2c89d3d12f98864ce4f9e8694.apk,6314,9515,510,1027,5804,8488
93c339305605ee4a0af32262200b1215e9e3896e3631dc2428389ceb7cee3e05.apk,396,683,175,236,221,447
90bac9f6c839d074cbfa9776d933ed34d9501343ceca2a88d6165c2be907b85f.apk,9266,12320,337,536,8929,11784
53d292fa1d4c24442e126ea3a8cc85e6bb7ad2d129511e2b590105cd2d9228be.apk,91,94,91,94,0,0
5bd9e3253ded8499cd31a4a2bc70a3d1ca28524ba327f6df02e808b65eae992e.apk,3814,5042,230,440,3584,4602
7e86b5a20b3e185987ca0cd6ede308f86f76202be4e4ed301ebb130c90dae7c5.apk,4742,6483,84,99,4658,6384
658748144a7466550a9f14ce4af967772b6cc89935a1ec6949512e45392c301d.apk,15706,22128,436,649,15270,21479
5ba2b0e2b2a7436de1dc35d7c5b5037ee8901cc665f5181f0ce6160b2b6a4ae4.apk,69206,152624,6634,23028,62572,129596
674aef52165fe604b57f0ff86f92983ec2ac40f19239bc86b7f4470527db6d97.apk,69,73,69,73,0,0
58ec83b0e977827a589ca3f465fa5120e5280abb44c82692368f4a67b407db4c.apk,203,293,106,168,97,125
7c85be4688a63e1747f72771d0b79d30b76c374a5f8eeb8758268f89b80df439.apk,386,591,236,389,150,202
7371e42b1466c7e8a3d0322baa26d09855e5565a4f0542e514a9353ac78fef85.apk,6314,9515,510,1027,5804,8488
7c19b952d2ba272c76275f1de706d651bb46317283e6a495d20ac7cc8f01cca3.apk,12012,18935,1547,3650,10465,15285
7701b8e108a1885008bc41363f44faa02489186a8f974e604bbccc8fa7a796c0.apk,447,926,171,266,276,660
98db72bc053a2f5b46132915d07450d2e2b439db264c117114a290b90930642e.apk,6333,9565,512,1043,5821,8522
7ca8a51bd3443b5eca3cfeacd81b8724c5c9a1607694801e0db5cf2bfae5ea4c.apk,5509,11473,277,443,5232,11030
9905d690711277018af992ac914f1cedcb5865741fd4c265eec9ab6eb53d8be8.apk,113,223,47,72,66,151
8495f3681bc13181ca7d9a59b875237ff3a2a5347ae26c871aeea85a41eb6ff0.apk,3119,10231,236,551,2883,9680
9dbeae69c7417d5c9a7e64a72c277f9b83054942eb0aa2bca01eaff10abc2bcf.apk,15706,22128,436,649,15270,21479
6fa58f92c9c2c4361b603b2e2281a32a3d6008c012e2a4164d329c6d9269178c.apk,644,1075,204,435,440,640
66f4fc54cccf41c9a1c87fa980103cc725d26a60ea3f5243fcf876c92642900e.apk,69,73,69,73,0,0
6c15fcdcee665dd38a24931da27b1e16c0b15de832d968bf5891d8e389a32d3e.apk,6327,9571,504,1031,5823,8540
8fab1db00a01cc23471eb3c902e868df0f9169f1eb4a241b50b0a5c4d6ff86ae.apk,6343,9593,514,1054,5829,8539
81e38f61cef75c4ff3457d42f3d7de36508b5fe767e3b910774b3bd5a9b0fdbf.apk,3759,4978,272,525,3487,4453
9d161ac104fc7b668706d7ce4632faffc8c927305f1d6cdd7401f60fde5b0b3e.apk,387,529,125,171,262,358
763b39d1b6d59a26fc79cea8d7e3c5d164bd51ed7ce940bd8349478182dadbfc.apk,2316,6521,578,1532,1738,4989
9a00002211eabd42d887f46de52690202c891bf71ac1c3f2951bb5355c5be650.apk,24469,50970,3542,7700,20927,43270
70dc0535e0801e68af21f29c1cea689677457f13e69b54a9489639b606d53a6d.apk,4546,10565,887,2322,3659,8243
82d1c4661f9911fd2386e8d4a2ec086ea36c1e5f4eefb4c9c7a20a9bf4dd88c1.apk,1488,2765,77,147,1411,2618
a2522482096af9445d7b02f0ceea6a4030e09d33908b433168e90ac187c45de4.apk,6314,9515,510,1027,5804,8488
978fe0bdef6150e9967f312ef847837ad3814d46438a51024255fb566d3c0821.apk,12259,29715,4623,14138,7636,15577
7adc933877478ebbf2b221153b095f479644eab5d209e602bbc31f53b51b0652.apk,77,80,77,80,0,0
6646b0a960f663d76047e20ab900f144bafeafea1e0da59e5674538651c82875.apk,3759,4978,272,525,3487,4453
71c41e3f38e5071b7145252f487677627a1750a38facb01faa6afe17b39ba98f.apk,12263,29722,4618,14124,7645,15598
9437d79bcd9293a03caf1108a96299576353dd343340599f643d7533b371598d.apk,3704,4872,313,518,3391,4354
5997763117874c6a98770ba9895a4ae89d80bc60e83a4bb48250c49230b19ff2.apk,1595,3230,187,277,1408,2953
56557bf64edccf7758e48decffc619bf5b6761616a4fb192b9ef6ea7d930554b.apk,10273,26191,3311,9851,6962,16340
87570a455fc724aab277b9f844d519d496bd9007bbdcdb97520d5227a26783ba.apk,5435,14900,1880,5535,3555,9365
a078ee6e181976b69edf0ab7d1123a799a91f481a85683605c907c4b335c26f3.apk,5079,11270,1898,4452,3181,6818
7dccda2c206c93e622e4170ea987417247a5a83401effcad753d23ee74ad8a14.apk,6501,10649,493,840,6008,9809
7e7ff2e79e3206e852cc441741a4e92ec9fe1df394cc5ef044496f62f7bdad7b.apk,577,1021,100,121,477,900
9694a9cb16b549afbcf74a18235ede55d0ce8969c32be4391ab0ff93855d9d8c.apk,99,163,99,163,0,0
8f323287160a176ed2e70e5d2cc5021d0e75393baafcb74ccc70373c9de2dff4.apk,3759,4978,272,525,3487,4453
96b3cf14aadfb247d49d795b298b0aed776d84e8f2b05752ec054e9cf094b500.apk,3711,4814,220,395,3491,4419
682df9db42d566eaa103506bb0427dbb4ad7cbfb7addbc467ae50b9c7e73117d.apk,3814,5042,230,440,3584,4602
5bbff027fa022d34e077b39c977d9fbc8417460d2914a9e0185b0b588dbf28cb.apk,72,71,72,71,0,0
6334d88a9c958f194c3f49088602c06716c116915e84d2516031f67e66e7cee3.apk,3681,4751,186,312,3495,4439
9fe742832a0734fa5a53d7ccd3068f3705c023a499cac637b2a7a19cb473dba0.apk,6343,9593,514,1054,5829,8539
64d243c91a80df1fa5ad4321562fb090e394b143f49c05fc79e38fe4cf8d129c.apk,5532,7215,196,258,5336,6957
824b332cdc28e9300841240b174ea246a45252ace4b085877eb726c5d9e00193.apk,4578,11392,1941,4808,2637,6584
7e690e3bd4c8048144dd4627bd301ac494a217237c1ee3e8b33966a3e0de2a2b.apk,171,268,15,14,156,254
7aaa73a19d1282067efb0b05571ad06b78f1b7454eb5580eee5b6ed1a6057291.apk,1568,2760,34,33,1534,2727
59e3c677ba56be2f662346d707705a8ff3220e8f5f99d9a4b9f4fc650b41de88.apk,14335,28779,1033,2828,13302,25951
9fcf9919b63b330d9de028c2c846319facb48ff8891cd7e18735a2a97e6fb30e.apk,42851,91961,5444,14235,37407,77726
6f9e25664d00ab801ee61a5d53ab4d7406ec03ad364447fe5c8f5a087e56a00f.apk,9268,12322,337,536,8931,11786
6350b19c8168fb8470357889d31ab7a063c011d7c52a44b51f515be452e0d6e5.apk,3759,4978,272,525,3487,4453
784184ef676383d877c8e68f24e59cf781f09edc42eebdeae3c10182a4482384.apk,5079,11270,1898,4452,3181,6818
9f7528fede96d7b0f9a5babf86f3ca532e47be78bc117dfdc0453be34532d416.apk,339,539,240,402,99,137
715b05bbe050ff3dc41b6b6a31add8c46c0f7e779f51a4ef466a0b3c8c498730.apk,3671,4737,186,312,3485,4425
8af0078e21a54928025676eac46947ada1678a3dd67fdcab2e7f318e5cfc8a18.apk,3711,4814,220,395,3491,4419
9e8ef699571bb757e7c0b9c16d6513e1dfa44466c17a5e5035e28f0ebf09a407.apk,69,73,69,73,0,0
a4858d9eadd34ddb6f122e53759aff5f2daea66b4aa54ddf575b7d775f999a99.apk,15706,22128,436,649,15270,21479
64a63a8256747588077722b3c16970b23c815d7ba07f75191875cf53c8d9e62f.apk,6314,9515,510,1027,5804,8488
632103e28fe04957c84d869cd9a8c9bd2b340ef5be9a8771185a2352ddc16d74.apk,649,1103,205,457,444,646
68b3ed1e2d311e7d9502c409754ee12cafbbd412c2ca72fc300cea401beecf83.apk,3157,10960,293,858,2864,10102
54001082a44b9709f77205d640caf971defe58017e9ec0078bcf18c3a91fd96b.apk,58883,118707,7862,20361,51021,98346
891eae7333c35812c038111ed76186f1e02fca3d305505c7cb1c5d09485a11ad.apk,563,951,376,790,187,161
5113416e8e98eeb1b62f059822025333a8a7e07c25ac386447c23942cd74f3de.apk,430,598,131,178,299,420
93310ba02627595ee1d5b962feb0ff198dcbd9e333e765bfcd98cae1cd2fe82a.apk,4029,5408,85,107,3944,5301
75b1b8e14a5d5ace10a7ffdc1e800d3294a0f6d314558e9529a68ec4aa6b3b87.apk,15161,31763,1165,2749,13996,29014
75b43bcf6d02e6539ef40934c5195edf18d79c3b1194e618abbc22227568a640.apk,177,279,127,231,50,48
858203ba5ba0f0c4569e9a56feef38b5f1a67dae12d237d70615958462dee34e.apk,6335,9573,511,1042,5824,8531
9da9995acaef5e5aa3d79cf83c338331dc318340a19d819ba22ac0296436ef75.apk,15896,28978,836,1464,15060,27514
7209054b877afef4ac38a328e434219a0e766768c7befa885ee55369d509bc4e.apk,5628,7247,196,258,5432,6989
6d2101a086665642c6bbda9bbc8fab5d32231cdd014b1c524c848416db308403.apk,45209,115323,15148,51236,30061,64087
7491d532cf66c5e0683d3d19f22b4bcb1d41dcc445d6cb6b86c4d5a89d3f08fe.apk,12,9,12,9,0,0
7bd31eb99d22548e8fc8d8c5700893e22993852cb3353fa1ccdd8e3d3e3fc3f2.apk,15706,22128,436,649,15270,21479
772a9728cda85e2d1ee9d0332eccacad3933e0d9e3074884441af4a5d795d1f1.apk,5768,8000,402,941,5366,7059
934961132fdb3b7f87995a7ece39caa59ac1e7aa5ec7535ebf400915a11b676a.apk,6314,9515,510,1027,5804,8488
9ed238a834849e0d638498039caf6157f3e51450e208e759f0bc9a0c54152970.apk,3096,3637,369,752,2727,2885
62f62af2230174bd2956e43579cd12e0e8f5228ff4c657f8d4e88d7e7e365f36.apk,6343,9593,514,1054,5829,8539
87bde93b3bcc17cd4771898157dd9e8873277bc8fbd624a5e7799a41f6b2ffa1.apk,107580,252151,9956,31838,97624,220313
52372c90303300b94c2d3233390e840a702076e47bfd85ad9279427695ddaeb8.apk,6343,9593,514,1054,5829,8539
7d1d7668ccd7d8f4ca31853418b76080a8708e96bf282c3fbbdb6035fbdb2bdc.apk,119,125,119,125,0,0
9f3183e033b1c4ddeee318e5dd265df5f2531eed674614449fd00d70f5d5f366.apk,3759,4978,272,525,3487,4453
979aac973f12de1850eec0243ea88ca00f559a6d5157bf1e9bd567a899cfe283.apk,6343,9593,514,1054,5829,8539
60679b901f578d5b94c4081b4375644942c6aac09bfc3711562e3696dc452b02.apk,3759,4978,272,525,3487,4453
9351a444df11a24f996ef5bd96e92c9c5e5caa71e42e88b338bd8a3893db8c96.apk,3759,4978,272,525,3487,4453
7bf64aefa94b9a60ebb40835f155b0acb2d0ec0dc2ce675f20ff5823075c785b.apk,6343,9593,514,1054,5829,8539
952a375016c019205e54fb0cf8625895165ebf173303c91feea4d8de56fc65ff.apk,3759,4978,272,525,3487,4453
8b2e9f522b4dd57cfa2ff8e4578296bda6ae94afc6676f6272e460c2907530c3.apk,1146,2883,665,1878,481,1005
517c868946143369b4e211ddb07a31925e334f34db19227c755de49056878ec2.apk,3759,4978,272,525,3487,4453
5d5205e6f0bafadc61e69dc2cb4a0af8126d2da7b49b801f273da63dad46fb21.apk,3671,4737,186,312,3485,4425
71f31ddeeed8118d506a99ec5a933ea8d3cf836fb00dcdf790a3df841541b911.apk,8398,14049,338,579,8060,13470
544bb5e1784dbe206bcbbd631a27a43b70833cfcc1dfdac17e5ff29162c6207c.apk,387,529,125,171,262,358
70b8014302f72c4da8cb636f8bad643b32aaa7bd171010c5f045b771303db395.apk,1667,4107,974,2557,693,1550
a42eaab184f232ca2d109409cc30bfdb8c9185b5e27614f9298031b6297de0de.apk,6332,9556,497,1011,5835,8545
54c0af342d6f27a866879d70dd82f445ef62d85369543c4d51829d4df248d5c1.apk,1595,3230,187,277,1408,2953
9bd13b72b94da71b6084366909c6be60fada947d6571ef3daeb1266cf70ff7af.apk,12264,29769,4565,13996,7699,15773
75317ff61e8edb850af1f86d831c64b00bc71abab30d1312ad43685e15e47df9.apk,15706,22128,436,649,15270,21479
902729ae9f07730a59c7da5524a2607fa6416eeeaa302ed4c53c7740dc4c4f62.apk,174,183,71,84,103,99
7d5e9ffdded1928a933f14975cb2e912a2be0b891c89acd2bb3c111bd26a2a82.apk,16088,23117,432,699,15656,22418
7fc1e065ee87fe6652076e8fba43881ae33cad847afff4ae5e63485c8c856d41.apk,3759,4978,272,525,3487,4453
71ab29a0b77577436504e5f3aaf5e979cb7342b72620295677e4a6630be147db.apk,6332,9556,497,1011,5835,8545
7d255f220c63a8022bfd4395d9e9d659e215565b02f1422040ce4c33bc1252d4.apk,5300,13923,2127,5710,3173,8213
92388bdf3b84650d632da68a794f322c5349c5ad7b61f14b27697f1f226dc584.apk,3811,5025,224,423,3587,4602
62286939aaf31c2520a22f93f9dfff57ad1fc4f956999803e75058768d03a39f.apk,69,73,69,73,0,0
8a284bffaf2f7b5b796f0204185dea1967f14387425ed6a32241de8f907e4e87.apk,6327,9571,504,1031,5823,8540
5eb5c5432b7f42da439f0e24faca3daa10a33593fce0184536f27393389a597a.apk,203,618,203,618,0,0
99d6812323e75a8de69ad6ed73ebd8a5f8aba5bc989cbc9e87f298300db5a221.apk,19459,29918,474,669,18985,29249
68c0885698da3de3fd8abefc95d88de443d4e35b52cd95c405316e4ed057bb12.apk,3949,5173,84,99,3865,5074
8ba1a21e4b65cdcf6eff6ce6b047084b37b786599922dab301c13b31a8699697.apk,3759,4978,272,525,3487,4453
7a999c6eb745c73f2476605a55bf15e09d66d8849370c93a00946124d4c297f8.apk,5874,13327,960,1959,4914,11368
85395fee2e5dd3c85505dc5d14672fba55b3de693702551f5b996c6fdd6aa0bf.apk,69,73,69,73,0,0
856aa5c04739605b764a30fd0822da4d3432795a9c76b126089872d0eab4912c.apk,4018,6325,513,1511,3505,4814
529c67f49fb3b044862091349d5c3fd4f711cd914eb0b0955f7a2f9bb63ad689.apk,14487,28588,1672,4247,12815,24341
9b9cad2b38614d4b90d08a0373a8f6540fcb051668cd241182c1f2f59092f742.apk,6182,9551,568,912,5614,8639
541334ff0214f70737fa07e4b881c6ab1cfb8ab04a0c7cc375566426d5338979.apk,104,150,34,33,70,117
9ec12b882b331167b8148f51352111467867fe74b84bd05f7c8e489a9b33c2f0.apk,171,268,15,14,156,254
5bd73d7e0467e72c4401c847632fcfccd7757c02bfaa5a21f06d1f88314b726c.apk,9643,16578,355,783,9288,15795
7ad657dfd10bcc05dd0fde86d93f1f4da98992d4705d980394be89e0c0eeebbd.apk,41000,82745,6561,19130,34439,63615
9b997c06c13fefd51f922f3016929e9e4ad0d8f152d2522b98d5f9d5aaefb627.apk,183,233,59,64,124,169
7ea5522784be8ca6abb915f052da7065f2d08b4008d9165679e71352271ebea1.apk,92,135,92,135,0,0
553f7280a074e041117bdfa015a5216bc82f6773ec8057c9a476b23ae7043cc7.apk,12481,17196,305,475,12176,16721
634977d6ac7fd1a54dec6053c1f067a89d486345dfae41c9a94cc2942eb872ea.apk,3688,4770,186,312,3502,4458
566fc66d445f4e58d23788f984d67f1cb92fd230f6fe21507be4b12360e92c81.apk,6314,9515,510,1027,5804,8488
5d62e7de288697a4dbf60cd609de64600685b385825da9e721e827f24d7e1916.apk,3711,4814,220,395,3491,4419
56b880c9fbe84086b857c733cd162dc0ae7fb68f0cebfa50e6e067bf55fac05c.apk,3759,4978,272,525,3487,4453
7112f4bf4a1d9b7c488754e1a0f2d00b447546a059979d8ba0e6e3f5bd6af374.apk,3845,5017,290,594,3555,4423
652cfb5c2ab3a0852c54a336937f9a07c916d9c5e36a99c18df398b7627c3519.apk,24260,46068,3157,8582,21103,37486
78daffd91eba8768823c992b956f59c8fba6b3c21032a77c5c9d34290684024a.apk,544,927,288,493,256,434
72535e881675cd477d80ce57753cb3008f407111aa336034cd3e44477d4d3529.apk,177,279,127,231,50,48
6a23b2644bdb966da0b949167b50cd10cc61fd5bccb9bd769c2dba971e374d26.apk,479,800,172,270,307,530
8b67c6d715fd89ccaee6bd31a8ff27e204a336847a83d5d76de6df38875c5155.apk,6314,9515,510,1027,5804,8488
7b4dccfbe11c3f64b9ae60d01cc71f2909d522021a9165691a4c2ca549f6156a.apk,3759,4978,272,525,3487,4453
6020477481938dfde2f1408e1ca710f8e28e056760d0a80866556d887de89690.apk,83,87,83,87,0,0
7e9bcca3b4f459301d347cb8c86c058a6b45e07f649d7db9bb2d7805c6e3139a.apk,3759,4978,272,525,3487,4453
75e45f73ef157cf524719d6dea6453f7cc265716b60eb45b65b3dc06a270d73c.apk,104,150,34,33,70,117
6775796b215fcb62cd44da72bd65a0f4c6b6ea2cdfbc970d2d5908019ab77335.apk,2316,6521,578,1532,1738,4989
5a4885317f84435d9cd954ff9477e104a8b2535101fcf3da749fe9ab9edba8bb.apk,3759,4978,272,525,3487,4453
921f14d8ed49245077d004cc74d7d792814947949cca9b9d1ed24bcd908166a1.apk,4934,6721,308,458,4626,6263
51e0e8d9c07197a2dc5f24d633ee59c0877a9f9c951e58c6c44561c3685920e2.apk,3759,4978,272,525,3487,4453
865b55344afca81948d418c4ffecc0f3236af163ba40c674fa5259fdd2543aea.apk,935,1424,133,180,802,1244
55046d32e6a7eaa9860e496c96510e5b518f53d181b4cb07215d2738f98a78ae.apk,4002,6020,185,225,3817,5795
59974f56b7a5c2bd954f4915b5136a37f720a03399c869c746a2d9a89137fe1a.apk,322,506,223,364,99,142
95af914cf0ff6fd8c962a53621fe8a9f153202461e77c29354aff7602bf7dddc.apk,20411,32118,1035,1829,19376,30289
7b0bb3b099e1a849ac8efdfbcf96a375df719594603130ae3026d6aaeee52972.apk,147,217,147,217,0,0
a19050a94c26f2c77929397e77cb3c55ae8f41cf815272f0ac19e4c3d9e36f0d.apk,3759,4978,272,525,3487,4453
9611b0ddd5f391e614fcee3d3abc27a51bb90e4d027699d707dbbd75f9c20f1d.apk,5532,7215,196,258,5336,6957
55e6a076a0d79917d6c99dc47ea7d7cc583bfb0578569e31320c90b5891b8d7d.apk,1592,3146,195,287,1397,2859
6d7d2db8eecfdee63c402496bd5f99d52c5a01180ba5fe194b594f0114b9b2d4.apk,1962,3619,239,388,1723,3231
8e96bbe809eb392203860b7a504c921b518a1628655eae35c2f04dbb47b3fc31.apk,1582,3680,172,267,1410,3413
8b96b0b2f26a1548b58fe9dcb468b3de07b85b7cc57dd524aa56ca0651c24d0b.apk,9258,12314,333,530,8925,11784
70adb98c557fbc3d263da08116146f93f75594c6f9f8bdc88f110728adc37d4c.apk,376,711,245,488,131,223
60d0dbd9ccaf25196bb41c21260c2ec5d081109d3b3e443bd85ee383959694d0.apk,3688,4770,186,312,3502,4458
5be086d8133ead002f2c33ac8c0bb4fa1e2e54266cdc9a4941a44c287c4d737e.apk,630,1168,324,560,306,608
6d794415d7d0bd602b45c041fe5ff84aae6a186d3010e9bc69ed30214038c2cd.apk,69,73,69,73,0,0
698bf5546c5eb1eaf09bcd3369b25a6b585499df345feeda271574e6b9a11b57.apk,3814,5042,230,440,3584,4602
7d23074d45f7e40847d54404b11a48fee54836d76639f98a4ebd076ff1239e85.apk,3681,4751,186,312,3495,4439
7842ead880bd98fb423723383e69db16fdb9ff917fc836522a42159fb7959f94.apk,1792,4469,1086,2896,706,1573
702318c800a4bd28bfcbcb40a78853b297356bd09a4b48ac4df0a79eed476e67.apk,3949,5173,84,99,3865,5074
a1c732798dd531b30e239c776b8cbb4123954c9ffb034ed4d2797e7e86d653f6.apk,5169,14328,1830,5455,3339,8873
619f58e580700ad9f784488245cb407a9a4a34023ce14d3511a337362c613032.apk,15706,22128,436,649,15270,21479
6b2744777d65dc760e78a52b933ecf0096046c1a770f440b668164eb2a3638d0.apk,387,529,125,171,262,358
a13843170cef4d3137aa1b404c234690b90572154cdecb6f808a382556fc9a73.apk,77,80,77,80,0,0
97e6e2dbeec0dd192cad5f77db47245ac574ae70e07f3f2e8183ff4bedeef18f.apk,3711,4814,220,395,3491,4419
801a721903309d6812f4b7b4b589ec9183fce53089bce8f4837677aa1c220832.apk,3759,4978,272,525,3487,4453
73846c181c0201eb066a60b7924e6cd426fbc5d2cca3adbe63a4446daca09d87.apk,144,183,57,67,87,116
900c2317072190f6f175ce5be6f07172de9082a3d96388dc55f0fe47bae7e190.apk,3681,4751,186,312,3495,4439
64a8cbc0bb4309487bbcbc244848bcc7fd22f5db337423d3e87900b58f764db9.apk,77,80,77,80,0,0
6491d3977f04eb325b809a2db7319d1e24868f15574d8e0aaa7e19e338741968.apk,3759,4978,272,525,3487,4453
5449e23f0ea14d773e04455db1f6b8d515f061496235aaa72ab898d5d5f1dade.apk,4012,5354,84,99,3928,5255
5367c95d168159e07bc4acaf69eaf43862019529f19e8ce6e619ad4be1e69e38.apk,1595,3229,187,277,1408,2952
75db00adcd5e279325deec7eb88197ad25bbf816f787b82b5a09872e22d34599.apk,3711,4814,220,395,3491,4419
6b621f53f98b7d7770b4801cb194550d7f87860d5b3d23aa60713246f1f81a4c.apk,15706,22128,436,649,15270,21479
8354bd40b859624342310e62fc626108ed753ae1f7e452052c89cc6df0dd0624.apk,9643,16578,355,783,9288,15795
67b4f63416ca1e48719af363ad61f6de0f546d67ade69b7a155094367810f660.apk,6343,9593,514,1054,5829,8539
66d00a9cf673c9688671164f94e1cbcfff37f05bf95c5f3e4643501e271097ef.apk,15706,22128,436,649,15270,21479
65b6093d4b373a320888b1ec71ad19c60311c761ed3786c5e942250fd6e73f78.apk,6343,9593,514,1054,5829,8539
707adb31efcfc89d0c3421930d3f9e929f268df80a897738d34b851cc5870e47.apk,102,154,42,44,60,110
94c7e52ce9432176d302088656fd9b7388ca6cf14e714d2a8eaf68e904d85890.apk,4742,6483,84,99,4658,6384
619b056b45de325268dc515c358cdd449e5856f3078805c224bfac8d764ae1ab.apk,16088,23117,432,699,15656,22418
7272798d36ba524ddc1f93dbba50c43f51a62cee6a7c7b4077ae05edc84a5fb1.apk,5475,7158,48,50,5427,7108
8912eedb5dc0e642d4806babd1895a68e15ab448d01e9b42abb75f1f12f57ea6.apk,308,361,103,145,205,216
8a5e3a9853c0dd89617028446d4d9b41f7f42532ffe97bcc9ba4dac23a5dd02b.apk,16088,23117,432,699,15656,22418
8eb067cff563868d3645849122b4f2ad4bcea3122ce338c0ff0aa52ae4bc7073.apk,4536,9118,4536,9118,0,0
7ebbe36dcdeb9ff01300cf66f6d652521fb752cd05040e715e572f04ed4d7bcf.apk,6372,9683,525,1110,5847,8573
88a23732aa47fcc8f4006ff96352bb9e0523b102146d544d8bf89e5ff2e70deb.apk,4656,6407,279,520,4377,5887
97924f767f019e73b7b0188562d408ed5e2d4c07d45dd07ad104122e506a44c1.apk,8678,21161,2307,6290,6371,14871
9bf24598c85123690203eb0e212dcb856781ff7e5648f073c686d2884f010d89.apk,387,529,125,171,262,358
8fd8ddc872fdf1700def67126cb2a3f3f3f52eaee8aafe7243deca7626519378.apk,15706,22128,436,649,15270,21479
526175bd2809d43e4efccca3d96a199ab7d5163844fd472f43a09b4c3585a1d1.apk,9593,16380,321,654,9272,15726
65c0e8fe98d7fb27ced09f0834bb292ec60d6cbfcafe50d7ec1a7de5b6317e6c.apk,6186,9437,371,658,5815,8779
8feacf0ea29cbaf367e6b6a2e87766561ce20a97dcdbcdd8266ff5046b71e9e7.apk,3711,4814,220,395,3491,4419
686aa6aea8b71a9210ac37e357f5ba342b030ae937913e44c637d5e7081e9a0f.apk,177,279,127,231,50,48
65b53c2352d9f3d484656cd44dba8e1068bf6a3fbe7c23db8aa6c4af8c64fe9f.apk,15706,22128,436,649,15270,21479
791e95d4378690ccd03c325e76d3f7423daedc0255baf82c7f29ed6f23582202.apk,3759,4978,272,525,3487,4453
75d65716bd379f0f4a273c74a3d91264961cc6454c7d825e22943649c404d8b2.apk,77,80,77,80,0,0
9659e85ce7ea9517f70de5c62313fecab427ff902cd097c5e09f69ab7ce6cb30.apk,479,800,172,270,307,530
6af43a4a780d4d5b39fc90e0aa8ebf73971238d76751a244de5e69e1e65ef6c0.apk,6343,9593,514,1054,5829,8539
6c3771ef60eb0e2f6c90ef9a2c35da6eb2ea7575f5cbf0c3fca84c9991f8581a.apk,3671,4737,186,312,3485,4425
6d880db401d176d2dcb5bc9021d71207acdc87aecc0e9c40e8efae95a65d30bd.apk,8612,11608,319,667,8293,10941
9db6cb1cc97ac9ac8953d35ae22907c7d0e08179ace3768811464594c295c95e.apk,83,105,83,105,0,0
8545a1ad6672a5cbd5911d6a098accf515b4b424556cbccf12784c13d96031e0.apk,1595,3229,187,277,1408,2952
5b21f92870efada452bd304c223a4f19fa2b5d49a6058078377a8b243dd7c5fd.apk,102,154,42,44,60,110
5afa3998005d9012f03ad13dd1fffb9826ae3480b75a16036919d3c8ff6d1915.apk,6332,9556,497,1011,5835,8545
77e681299d5ff2fa196ea047a61cfd66305f07034519f918e186c44dd0879ff8.apk,3759,4978,272,525,3487,4453
975ed2e76be0439c9d3d58dffe227a503d9e44ff9b635d7aa56233771342e233.apk,3759,4978,272,525,3487,4453
54329422a26d383939a1e9af1218d5a5d926ba920d8557f361b28a65855fe353.apk,170,279,129,236,41,43
71d7a68b232c3bed1d8069d96fa5a11fe168fc8c401a9406e798e1f208c42773.apk,3759,4978,272,525,3487,4453
55c46d8a1bf373471c52646627a8e2f2bffaa81ff0e6824114a0eed6045b41d1.apk,83,105,83,105,0,0
6e7b3b4268612656ebc111af14a1cea38f24822a302ac309feaa625c429af218.apk,3681,4751,186,312,3495,4439
5163f5d85a3ae376d5e9277ce7726262327432ce97b8709272359f7fc6953bef.apk,8720,11529,325,519,8395,11010
772d6370da04e9fd3bce8a92a8f96910476e24efc2665633e3eaa01e625f40a5.apk,69,73,69,73,0,0
5dfceaa1f38ebbab483f070b0c62f48f16321b1e267b9cf299e6b372f252b55c.apk,6314,9515,510,1027,5804,8488
69365f5b06cd96758e5c920e92e2f6b24a69ca0aa3ae5cff912c5b8df03f549b.apk,16088,23117,432,699,15656,22418
737d2c4029296f4139218c6b659b76ad880d173e6c3b956e44e983de37280c1c.apk,104,150,34,33,70,117
90cb404ca7250b857fb16a45b73a9ea565a8ff0113dcf28968ff524ac3c3e0f0.apk,414,718,193,265,221,453
980eaa275d0e087193a2d05020540089e7c1b8ebb8c166ef4b244d188125ed9f.apk,3892,5102,230,452,3662,4650
7f7d53587477c431746317c8eb4ab7c95b16afaabf6014768d4ceec3c9991dc1.apk,104,150,34,33,70,117
7ecab57ed3ea9cd7138f8a8aced4162bae91ca029f502fa3705e8215d93878aa.apk,6333,9565,512,1043,5821,8522
8fb8f9b4b4948942677b1e4538e4eac13a1eab9b7318b09dba389e64d0085f28.apk,69,73,69,73,0,0
951914e88032135a1fb95ea164a56447367f2c60c63fdbe75e2bb713c253f61e.apk,3671,4737,186,312,3485,4425
9f82a2e755b885a75d72590b3f559094450d82513184cbee7f2cf6ba633e914f.apk,5508,11472,277,443,5231,11029
8aa03edc5550e180e4c10cc1ecc71f2645cbc98a657163d3f50b87c214d96146.apk,1408,2682,753,1445,655,1237
84c853f596104c74e5777470c178b32b9df9be454d26ea139e327b4902f08b5e.apk,650,1106,206,460,444,646
537cc1daa2cddfa6190b68b444645a72f7ae9b5a04eddffe4acd717c4c69f1f5.apk,3759,4978,272,525,3487,4453
585ba50cc7e10878b91c9325c8f64b2c879513433eca87e81c751cae7ae77ca1.apk,387,529,125,171,262,358
745845d48f15962d27915ec70f38aeb0901b0532e9686f2b54547807d16fa9b2.apk,9258,12314,333,530,8925,11784
819f713b6e4024047d7220643d14588c1580f280ac0cefc85dcbba5114d96c0b.apk,1595,3229,187,277,1408,2952
8e890d5b906c02d432de13b213a82e391cd64915d24414a2614bdec0c1e01259.apk,12259,29715,4623,14138,7636,15577
5e928c54c45445e941757f6a764d2c269fa9df3134583c168a3ffe76b159f559.apk,4088,9305,752,1820,3336,7485
5fb15c020be46cdc85cbc1246d25a5ebd3dc45184e8701948da4eda2615528f6.apk,1126,2841,664,1845,462,996
9952c4c172e459eaf09d9ced5caf9a228ceb4d729cf62d01c762dfc6b3f4da4c.apk,77,80,77,80,0,0
6866bfd006fa1a5d0a5224523193a0489352c1f65f8713c70f6dc4b6d0e787ac.apk,3663,4798,306,520,3357,4278
9a828556633813725180f3e7e1b295e359cca21045baa6060f6401b17a73f995.apk,12264,29769,4565,13996,7699,15773
9f60e643a0d2c6182d7b55143f2a9ddeb72b6185034e47a909808d4734a198d7.apk,6343,9593,514,1054,5829,8539
86868757b0d3bfd3418368bf2e4ed087f6bd46c8d6f335f51a40ef81824242f4.apk,6327,9571,504,1031,5823,8540
55a2b2d384945fb84cb72b9f768b5dab26aefb3651e201a2704e86238ebdc23c.apk,414,719,194,266,220,453
8736230e39f7562141673d1f70b28f1201bbcd30bbec86772b25d48894c7be9e.apk,15706,22128,436,649,15270,21479
8427fe9c050192b143efcbcfea85513cc64909b357f7517a17b4e4059f1cfad4.apk,4742,6483,84,99,4658,6384
874db53c2738b6d456ce52fdfc4da15e4a6a9dc091efec2e29467b1e20daa927.apk,3988,5438,357,893,3631,4545
56a258e2b3263b62fd0d91031e4a2fe437f1c7eef88b24662e36ab2aa9ea4800.apk,6343,9593,514,1054,5829,8539
8a5a91a46124a20be802a9c8175a2f9e90627ec3cad7489a50fa83b35c19a5bc.apk,1595,3230,187,277,1408,2953
9c91c074fe874d2719690998cc0ad1aec57cd37285d46f0168027aa50b5296ae.apk,315,521,169,240,146,281
5ef75c480fc3f5c3c0fc654529c0da8b06915ea546ff1125e28f8d6715d9845c.apk,3681,4751,186,312,3495,4439
8cc9e46fa7ebecd6af3dde784d096dc519b6d1dbcab631be2c86b189c1277e0a.apk,6372,9683,525,1110,5847,8573
6bf127d2aff32c9d98a5564077f2492112d90b5ba8be89fab37c35af331448dc.apk,9651,16604,359,798,9292,15806
55500c7ccdccc73aa6cadc35f069c52c371bcb84245e632c5bd22018cf7d6f1d.apk,9257,12313,330,527,8927,11786
51e638824b29cc446f849aeba795e8cd0b169658f45b4274107d9ad2c6d881eb.apk,452,939,171,266,281,673
66e8028c93e63664b17335aeaf94eb4ea6fd5fcd766cb5b3a5dcce87d2d193b0.apk,3926,5148,84,99,3842,5049
74bd583e3674ece5bbbd763413082354accbefe31ca3aacc58472e2ad8f0daca.apk,31629,58329,2194,5725,29435,52604
6852526ae224e067bf780e1d584fd4413eed97caaa25115f8bcf5c7990f2f8ef.apk,1611,3179,208,306,1403,2873
670c85acce73fbd81429f6890532df24c8233ec5a05ff76de00c7851094c1dcc.apk,15706,22128,436,649,15270,21479
8fc580e58d610de66feb5a6879a1c92c8c4f88aab5a143fbd21861dc084a603b.apk,5628,7247,196,258,5432,6989
606e3b3ecf66a29dc99813e2f42bed98cf38efde8aca8d4b4072880e39718e83.apk,3681,4751,186,312,3495,4439
7e0305590748f05447b32c2da90a1b761aff4b0374ef538d3ae6eaceccd24af7.apk,3759,4978,272,525,3487,4453
5cccf131b20f833240b3fcd63d644a74b580b8419e470f8f32e7db0fdd73c18d.apk,1108,2395,698,1609,410,786
75420b6a03f1daff864324a330c5c62feafd44375c50750b2931752f2b6b1e14.apk,6333,9565,512,1043,5821,8522
5dff2872e0ac8e7633952fbaf926580874f657f7cf3d3d5f97b2f7edf3e6e591.apk,628,1166,324,560,304,606
5eb323a636e3987a8852e0e5c818399218e01247400ccd04e83f86178bca83f5.apk,3759,4978,272,525,3487,4453
9d4eff14d6ca753b92d1309b6ed1e680c663cd86309cf9844b36f36bf0baf027.apk,2470,4488,152,192,2318,4296
9745af60d416a5a425743de64d91ab187a92f38beb1720b1b1d6ce20a1e1f962.apk,316,497,218,356,98,141
9b00504d807163596f295bd3fc9f1e5a53427d2f48bc59694a925eb8d4cff626.apk,69,73,69,73,0,0
648e8c7a8e4cdcbc83b90034a27b8db5c0a13c3fa7a7d04dc7344e39c7ba92e2.apk,376,711,245,488,131,223
893b66a6c7ca01711dedf86ef440061036fbb2330e69d485c39ee73a11bf335c.apk,1077,2004,136,223,941,1781
78820a27037ff0038e8009a54660aaeaa0c10518dde8f212f4de402383573317.apk,1077,2004,136,223,941,1781
98ee0da505a517963559799a1e55aeb2f403766a95d42a86320a5052f5d4901c.apk,23417,50908,4325,12002,19092,38906
5f6ca9a4134ad7c2930f103635d1245acba288670de4bdd7bb254c6adddb85cf.apk,9266,12320,337,536,8929,11784
7fd23d21e396e6dcbeaddb7587d6c783f595e1be4d76ecddb57d9b11d2c4cca9.apk,3759,4978,272,525,3487,4453
8d96626bd118d1f84a4f997d27e1311043c2068dee79e81d5fe2d49317dc5c52.apk,3759,4978,272,525,3487,4453
73fd3302159027367073618db79d7c059e092e6de1e2ce927e1f7e14c1d4b809.apk,105,168,42,44,63,124
77eecb28f9f4ba52b0a3a468444707f33d3b91e43ce43813b87671da48be6636.apk,4069,9266,752,1820,3317,7446
7fbb3c37462e162c7d433898509d9866a0ef63a5f505b6ca719b8e9cf08aa1af.apk,9256,12313,330,527,8926,11786
8a804b11336ef86761287eedcada7d4e3aae2f13cd1ca116d701c98898688643.apk,628,1166,324,560,304,606
582793103af53f4867f472bbb91d8534b2ef06b3718ec536fa4d7e8dbdbb0ec3.apk,3671,4737,186,312,3485,4425
5962fdb828ff12f9fbeb386127522b4771a18ea4d5dfb6190aa04a7483610242.apk,4656,6407,279,520,4377,5887
5863787f07cd364b8a2776b4ec4fe677432a35204d58a3b8065a749807a0a05c.apk,1682,3040,36,35,1646,3005
98eea7310d087c650ff8402eb2d0810da2acca607f570252afa98ce795b2698a.apk,3759,4978,272,525,3487,4453
96d8d9646c90971f6966c2c4c0169f010b38cee1002d6726fb9dec7c7d8bb506.apk,7517,12203,316,636,7201,11567
7334e0488b0a05f9b69fd1aa87d62270566690c01ca73d788c965f2c484e0f6a.apk,105,168,42,44,63,124
808fdbf39dbdfcaab9fc993bde6d030cd987942c835cfaf134daef1e702355d4.apk,1596,3220,189,281,1407,2939
6b6d1e6eefd3fa147a39c268aec01914b806f53c1ec05ef3c3e477be0a835077.apk,15706,22128,436,649,15270,21479
80c33cfb5331d9d1205b0936ad4a3cb24ffebe26401f4b71c7781f49f2e6d692.apk,69,73,69,73,0,0
89b85cad93b7f2b1180fcdaad3ce305ab3d725bda0c483f4b86776af8f107581.apk,3167,3740,92,116,3075,3624
9b239c76aa43b4ff1c8f780610c35c311aba1730ae7fc68e7b7707cf73175d9f.apk,92,135,92,135,0,0
55d1197bb56c86b375ecc64fe14127eb3204a8ca3637437b878d07f830ac7cff.apk,66419,148873,14736,43581,51683,105292
73bb161d878da0858fbca7f2d7a37fc074f1998cc110116fe52375ebdbcc35ea.apk,2258,4096,172,270,2086,3826
6490183e058e88cd67f51b45b3f803d556ef56dcd8832f7c313a1358ba6b6baa.apk,15706,22128,436,649,15270,21479
62ec75b07887caca728fdc2055d89aaa46f6c521dc2924da185d56120c124e3e.apk,39264,72641,1741,3547,37523,69094
9713262ac01cbc655f4d250177bb76461734648aca1743cb8f2a25e87ecbd3e6.apk,6343,9593,514,1054,5829,8539
8c602293600353eaf159bb4821bbdf8abfa5f65e0622128ffc083a6b0a4b6d25.apk,382,629,154,249,228,380
511eb36dc0d230a29555e4edce9c76010640666f48c9817c44972bdfc5321b63.apk,77,80,77,80,0,0
85646dbf94129f5fde74999c9a02ebf4d70999079593603f618108079377951f.apk,505,1065,291,597,214,468
6933e2e03336a201d54fefd10cbdc17cb1eb0186e68d597fd3f2377d419596e0.apk,9256,12313,330,527,8926,11786
8b94feea3a8cfa0a5919c65753620304c53c0710675374ec34433ba3fc1ce150.apk,3759,4978,272,525,3487,4453
87f13d3f9738c45895e7c7f1013af41b13a316c2ac8c7e151ff2611fbc267fb3.apk,3759,4978,272,525,3487,4453
53c2da3c8ef8b625500010927b4ca34c633e15aa16ac5e7ce50509df52f3656f.apk,628,1166,324,560,304,606
69a57c7683b4292d00b436f6126bbae42d83f2597977a0a1372cea7ee41d9156.apk,77,80,77,80,0,0
7b8bb0f41cea2f08eb22c0ac092239b822895f926079f1fd7bd562503a6e8a22.apk,4003,5285,234,406,3769,4879
806ef3b6f60d0709735398ade2e61bbe20767c6520b1e50eb32c36659047bbe5.apk,77,80,77,80,0,0
8c76f26cbdd83c19b22542c630fe094cbd7764e63dd5582ea6bba521c748fefb.apk,133,136,133,136,0,0
976ba28798e11fb00ddb324d985e532a564bc45f55809b665acc5fcf26b540fe.apk,170,279,129,236,41,43
640bad1fd13f4a812b740ee2c2e36404e6f8449c240a72998af1ce43d166e7dc.apk,4029,5408,85,107,3944,5301
530237765ca1acf651106bfa14dc800bc1e953b4cf65d308f66b0f6298e26a9b.apk,3661,4499,91,104,3570,4395
751517b7eae5ebed18a17020085b0f2cbf683e55d0343c7e19cf5130f1c2c4b2.apk,3759,4978,272,525,3487,4453
78dd8b7efb4c5d9ddcbfed0411a5fbc77cb642286240398da69850c659ebed47.apk,648,1109,206,460,442,649
7fa3711068e073b97080cd066bac044fbf95df3da1af922561d7c292c948e9a1.apk,570,1082,308,618,262,464
5e43837a72ff33168df7c877b07a3c89ad64b82a2719be1cd2601be552b07114.apk,155,253,116,216,39,37
60d5a01a2898f6dcc4dac388598d452535e9ca0dffa09aa8409285b3ff2c15d3.apk,34099,64025,1349,2765,32750,61260
890e7a6653495dddca564a487ab2186a50502afd71822028c86b0d86ebdbceab.apk,5570,7530,292,548,5278,6982
88989beb416ff02486bb57237c9a1425fb80a6817f8031c6da5d2787ad289d1e.apk,16088,23117,432,699,15656,22418
8f20747a33ad8055b92021826fa601c8e2744037fc6385e27622dbd752c53ed7.apk,15706,22128,436,649,15270,21479
9992932c9eb743c62bf505fb70a0e0e9952084a8b3deeb887abbdb6833eb8612.apk,378,690,229,429,149,261
6ad55d80cec289c46661a793f95a5ab128cdc87ad5a3b150dbb14ca13a9188d9.apk,91,94,91,94,0,0
5b7d16aad918ac174be427268912925747dbbf4d5c204beab5a7bb31a94631ae.apk,3711,4814,220,395,3491,4419
716de2516030c01743d03b7789fe8d7946600a33827a15939b6e15cbca35e651.apk,570,1082,308,618,262,464
706290c2d7adb3539c579cc744cfd4f49de56bafb1feaa7b5ef3e3695639c9cb.apk,867,1358,472,828,395,530
8774e02a87ea10320087a3388c569f1053fd1fc6c6dc5318043c72aa8c5b5736.apk,8398,14049,338,579,8060,13470
95fd215c40755ff232737fe773c2c72a0b6e4ce269e088289bb8bebe0512a80b.apk,16088,23117,432,699,15656,22418
97df8addc8f488634b59afd0045b35f3b2308502b0e760f49995a260f39f8b58.apk,13048,28888,2802,7732,10246,21156
75e7a82a603d8c847b0cde02e84dd5daaced5398a5d072be331a797d309a97f3.apk,1108,2395,698,1609,410,786
61c4e4468814ff3466e21d917494e1663bb726083364a037320615b1687b57c1.apk,3688,4770,186,312,3502,4458
5c42715208a4a3a1d1c91c0eaf586032f87129c32779f743d83f02bf4e5af4cb.apk,302,487,158,304,144,183
8b2f61e0dd81a4208a7cfc6445f21c2cd3fa78612b5b1a9651c2f97d47e65eae.apk,476,787,266,451,210,336
8f093a889c89d5d1fc65e29b517a3ba82ee95846bd97cdbafea47b259bb648bf.apk,27872,58586,2396,6067,25476,52519
645e8014cc7645dd35c3069f7c186937325b54ecb528ea31b2588f92943743f8.apk,4656,6407,279,520,4377,5887
5d0586fd1c5565ad898b3b86c523899cf575b806240c938088cd6506b65fe4d5.apk,5521,11489,277,443,5244,11046
60428747c3d712b8346a79a6ec444e806b53a2fe609ef7e18995d8cb728aadff.apk,6333,9565,512,1043,5821,8522
9efb02dd1ef283ce030e298b74669e7dca0ca050ce205ac5b87d52bb942a4858.apk,1595,3230,187,277,1408,2953
54dc27fd3e0dfe50dad1a1f701fd0eb12a040211ab884a7c7efe3b0ebe71686c.apk,69,73,69,73,0,0
738c632b5d310d7a858dc81ce200aa4763636d4bb8daf97687ad2463eb5b91a0.apk,3681,4751,186,312,3495,4439
5287efc02b0dcc1718dd1e4bb34768ad7a572624345d7783df9df5792b565673.apk,3759,4978,272,525,3487,4453
5d9ee3c3fcdf9592ffcdfb157e72d5591fb9b8857925d46a9e58fa55e9cf71f6.apk,1108,2395,698,1609,410,786
5aa8a57a5528d66cd20e081ebd44d0a016a7d69a5620977d84ba067a26568b7b.apk,18382,33695,886,2184,17496,31511
74fb12043e8fe8d69a6cafb197c42ce229db2f1a8355e3b4182c0d1bc8b4cd48.apk,24260,46068,3157,8582,21103,37486
7b49a458eb9b964065c27cc66bc608de30a09ee47491e6f35be5a903bd9d2f15.apk,15706,22128,436,649,15270,21479
7f269a4def5d9ba9cd8fb45d284ed53f1c77b5e0691790f88ae0e849513ca234.apk,3759,4978,272,525,3487,4453
8d3cbf6326628e2973717cd7618cb97e79f1d554431c6b1fd285369dcf6a17d4.apk,1414,2874,873,1964,541,910
7c709f278e0368f6513acfbf621e76770695f5b0b5db1cacdd025fd312b257ad.apk,203,618,203,618,0,0
a15f1da81df78b3541b7e315015b18c5978ed6c6b21d18fa501eadc39e90a0d0.apk,1682,3040,36,35,1646,3005
57d8d39e0391b87acf7f899ffe25d5bc1a440251238b5ee2c9cbcc0a59f1caf0.apk,15706,22128,436,649,15270,21479
53136f6cea9c04cf139c42a0f9b863c87bb1a3114010c324106d85a401fd8caf.apk,256,385,144,214,112,171
522d366e0684c5b1ec95986e0d96676b2a360b7c8e12d25e93fffc4a2a0fec65.apk,6333,9565,512,1043,5821,8522
92106ed14362914d21d33a6f730e03c4ec9ca244fa3cd8c40a4e3c5e77734f4e.apk,2155,3916,153,248,2002,3668
7958f1048a99bdd8a157225b1db642a5aaba5dcd256a0eb011fa887f0fc9efe7.apk,430,598,131,178,299,420
93db7f0dadcb4c64e2531618d12195604c2b3ea39acd1e5896aa9c3280f3e009.apk,3759,4978,272,525,3487,4453
5971f2d82d23f1143baec3366b568b8998c68cd1cb4c4b17058d351320d0af64.apk,1108,1951,242,429,866,1522
8bba05bf9731cff514af328af62170cfba02790e102439c57dc2b7402d22390a.apk,4656,6407,279,520,4377,5887
89a8fa692733fab103f139415a3ffbc92acaebfb75934bc7d84532a0cbd5a458.apk,3759,4978,272,525,3487,4453
5f5cf64bcaf2d04277ff174ed313113da9f665e04e215851e10de7be440c97d8.apk,3759,4978,272,525,3487,4453
6cd3e78093c099b17e5ed0f9c5c5df2e0a2f843636ef2c713d13e322ee089ce4.apk,15706,22128,436,649,15270,21479
6558d828d7c49900b90d75f7db91a3cd6c0b22f68da9e2d81af404eba81389b5.apk,171,273,114,206,57,67
947cf9b5c7146e4c7ea77b66049be586d525c2dd05df02b32b9cb9906c782d95.apk,83,87,83,87,0,0
8d5dd537905b0f1cb04fa755ef18518db0929b82b0a77fe8efea8b3473ba8ce3.apk,130,182,93,149,37,33
5822434347e2e8460894f18b68b1be02182ad1adf788d81add11d6016f60cae6.apk,649,1103,205,457,444,646
832aca95454060fca2d8d86ef01acd9f591b7a11c4b554a7af761fedaad3ab65.apk,11,7,11,7,0,0
a40d7d8da9f76ac5d0dc2a7812d3eda4f7c4fb9d1626fe97e13342dd67b888f2.apk,64,57,64,57,0,0
55aee6c09388b833897cd454debd47ffc817b0e95d843d9b6ab89277c95122c7.apk,4934,6721,308,458,4626,6263
7af0ddd455b16b7b267df11c0000be4e77a9453e301d82a47276621954199577.apk,4002,6020,185,225,3817,5795
645174155f6ec12445216d518cb46554972389ec20e5970d3bb63a39cd84ffb6.apk,376,711,245,488,131,223
976fd1d77e998cbddf8d1a43494f9cb4c633b0adb6949d8431512c32dcd105d1.apk,5535,14720,2203,5896,3332,8824
86fa6e388a624d5183d84e75203e692719431eb5e81c3f8cf59c7d4aceecf16b.apk,170,279,129,236,41,43
753ccbfa75fcb252f7d7737f035a4db65524845af1d3c42931c13b411d059886.apk,3254,3898,49,52,3205,3846
7c394a9e923f72f30e9354a93feb544ef8bfdc172b73e4be5f43cc48811fa5bd.apk,3681,4751,186,312,3495,4439
6cb18e9c9c64d84852e68177bdf8b5052b15bce529c373d95e636f3baec0a4a4.apk,5508,11491,275,442,5233,11049
81bf576c8149e4d513589ffcb4220833eeb72e1ad8331a12f6102e3a6110d430.apk,3759,4978,272,525,3487,4453
6eeadc3d9b51b5d894ebb996fc8d1678f9098ac387b43977f4279a4544a7b681.apk,3937,5160,84,99,3853,5061
63b3f5987233c95721666cf3b9e8c15e22a01ec2e4f74d2c83010b52165bb7b2.apk,4315,9769,801,1982,3514,7787
5438f9c8dad605505457d7e0371c0340a5547a2ee06a1d455fec890a2a8f0614.apk,15706,22128,436,649,15270,21479
72e0d4fc8f699d9a673059f3dfec967e205dfc21a53a81de4a640d446f9541de.apk,1488,2765,77,147,1411,2618
51e26bfe880b33ab6da4d4459fc26bc091883ca94853d950f1dda00f016d6278.apk,77,80,77,80,0,0
667aea1560ce87db918867aab84ed6faeabf71a71363863ef5587023e60ff7eb.apk,4742,6483,84,99,4658,6384
528acf1ef11cbe5e3ea5adef012257a561c80b211176c4f223fe39fc8ce07510.apk,450,933,172,267,278,666
528e355027a8066f9bcdd983fd0f243bbedc747518d54111e1ffe23ffd650633.apk,721,1232,190,402,531,830
617e001b6dbadbaa43faca49bbc1435d2f8d39008ae116a6309b383b63253550.apk,6314,9515,510,1027,5804,8488
82d121aa2d4cfef4be46600dac4a3440bc6e7c0ead902d1fa3c8c6df4ead6341.apk,177,279,127,231,50,48
76347ed749096210070b8ebd04159e33fa3510df7eae3a0470e17c83c0a534a0.apk,3711,4814,220,395,3491,4419
7c60f7ef4776b37dbcd34604d461f2557bf9b038d29bf11ec49f9835953039b3.apk,8395,14042,338,579,8057,13463
a431db21292f8c3b84921a974cfb3afe8a37bd63755e2527c7c2af092565b93e.apk,6314,9515,510,1027,5804,8488
8ac14b3c82151f7cf6203cfa6b16ce3fcd71d47c636687ec06c6b71d3c161df5.apk,6343,9593,514,1054,5829,8539
69ea6a499c3b5b77e30482dae6b21560120adc8a05231e9c0f3c36d96c981ae0.apk,4088,9305,752,1820,3336,7485
63b40c73347382834bd01b6b69e06e5da6e32f66d51f1bee4a6aa5f82be2e62f.apk,4078,9279,752,1820,3326,7459
a2f55c76c3cbe434299b74110b9806babb2ab9757620a56dff5571596c607199.apk,4309,9795,812,1998,3497,7797
5d6b5d3561cd8d8efd9058dbf770d4635c3f40bf302a72d5349b9ecc7990fdea.apk,16088,23117,432,699,15656,22418
9f5bbb1d306552a0f35171b1ae8762005e0ee080193fbf9be626d5018e487ccd.apk,6343,9593,514,1054,5829,8539
6a888a9a06600ba0c356ceee7da61af761c1c3cf1c95caf4e5823b71142f5bb1.apk,16088,23117,432,699,15656,22418
679525087f6676ad6406af67b484fd1ae062b29c41c0a0b1b7512bd349c8e84c.apk,5169,14328,1830,5455,3339,8873
82f89e8d7832411d19b3b4c1b6031cfb35f642a4fa1af57a2d3d050fb78c34fc.apk,1080,2672,618,1717,462,955
9afada249cf4cd15c1ac478de15a8235bb30d539e92af94ac8fe40b7a79089ac.apk,9673,16681,381,866,9292,15815
588f0752bee0142b5edb645e54d18d3fd74b6cc10f464ccd3cf0d9dfda3a3d25.apk,6273,9684,398,782,5875,8902
7c71b2264dc7c2aaf0a4f24be504c072b26ff68689e98d8e7d60b7eb9a89e563.apk,5628,7247,196,258,5432,6989
664f2730dc569e8b61e9e19a54a893346a05c2b32d93b3ea3c0924faced2ffb4.apk,8395,14043,338,579,8057,13464
74768c46e4b0633f0a2ed489bb41cdb0625e8f1cac9b16dd97da8af80f3372ae.apk,170,279,129,236,41,43
605e4da6f72609106258ea12a953df021cfd8e4bf151fc020ba11b021b61b89d.apk,15270,30897,2000,5245,13270,25652
62b36479e4b0a67e6fba4415c6874e6c1c288d18ecb4ffe02d01bf4826c43de5.apk,77,80,77,80,0,0
8abbe2e9b41a9778eaa7a06968b34fd4fe15fa46d16483821795cf80c6a3802d.apk,15706,22128,436,649,15270,21479
62d61f3a1325ded966c1c6ae0fbc8d966b9fd36ef766ab69579889f91294bccc.apk,450,934,171,266,279,668
572263102aa6e77765294f272bc0c1da0f37be885b8dc10b4ae1cec56e9a33d4.apk,447,926,171,266,276,660
868ef7a9d8853a6520ce141e25623526349ca1548447ca7c8f445e0b4a8eb253.apk,5454,12849,1952,4663,3502,8186
7055b6e976712151d863bf992195c05b5c370d707f62f8e3c246a08ca7678a6a.apk,396,757,214,435,182,322
6621596426575508f1d520057a354ac8d71f25017cf07d07a24bd1234929d072.apk,277,507,173,363,104,144
71e6b6037e09201b8b277a92a8690e710d38fd03f06847caa22b2ba241838446.apk,4468,10385,859,2251,3609,8134
64eb0fbfe86a1c36e713228530f06c40fafed39b42896eb07defe6f6279cd5e4.apk,169,273,129,236,40,37
637981faa4ce127e88e19ff577951493a847976ea489db4e69c1357a1e9cca48.apk,3759,4978,272,525,3487,4453
a15c5f63a138faa18d074919ad9402d763a0ba71fb995968ab372bfb4aff7b20.apk,11017,14463,320,471,10697,13992
697817c800e202a925f6654c4d72d533125cab2e38a4b0b2b59a737ecd52dbd8.apk,2983,3540,392,721,2591,2819
7ada3a3db996925531e3f680957d5de902cedfc71ff6e8c576f9b6419820e761.apk,3759,4978,272,525,3487,4453
8d890034c55befffac5a6a4bc033bb43c82bffc014227383a2a83c398a4a1a8b.apk,77,80,77,80,0,0
a13d5d99bf59d09b4aa76da4ea8c403c931b86be07e35bdc9e95013d8c8f7117.apk,15895,29004,834,1462,15061,27542
701b36d35dc87d7ec40de50bc06688fe819bdc8344f7cea4f514b967b2837d69.apk,3949,5173,84,99,3865,5074
6a5a0854d3ddd212de14adb918395d90b5cfffcbac8af9ac13d8e4a872ae9c4e.apk,476,787,266,451,210,336
93701fad1fb4cb61c5407fa3c459c24f8181402d95d2af271109fbc18aaf0066.apk,3949,5173,84,99,3865,5074
6d453f79ccdefe92138ee404e3d5f8f55f0e47df0734a8c2af7fa45844dd651d.apk,3759,4978,272,525,3487,4453
991637992a5c964ad9aac1ac523520b3f1e138a590fee52171b9a481a80596dd.apk,256,385,144,214,112,171
9cc0473f238aa69c77755daa1e9df02a0e24a7ecbee469421fb68676666cab6e.apk,3759,4978,272,525,3487,4453
98f5bad5d92dc18d34726362740935b231426115266fd3013b56e3a9e7fd6932.apk,12264,29769,4565,13996,7699,15773
90e37cab10a7b898079ab830d1334785c96a23c75945bacd026d251d78c447a9.apk,391,890,209,476,182,414
a3814506897192f4fd52397fcaaf26368e724925487350738bdac621b5ad8f28.apk,15706,22128,436,649,15270,21479
908cba8e0044725aaa26b1439511db3f90abf889c7301d081e9c5a0010f465d6.apk,4207,10233,1370,3738,2837,6495
92dbe2486286abb2530ccd58bce63f279d42ff01258b1a0426b7e21ed985f390.apk,4655,6403,279,518,4376,5885
5f506a4c381cbfcfa63a5aea8773e2938530ca8d7eddbadf36dfa89c07f1ed25.apk,167,271,113,205,54,66
5d71739745cdce52fef7d941f30de58e022e0131d55ad473278e978aaa01963b.apk,77,80,77,80,0,0
82676e84f12a968e646a25f01f9344b9b3dc69ef2d4850760ac1312b7e4d8970.apk,6343,9593,514,1054,5829,8539
7ba3d0fcc53f4cff08d7ef68265208bc698d1d1e467441b37df7a8677dbc319b.apk,3671,4737,186,312,3485,4425
925df4cbda39c479fcef33ff36d70f6ae4b9ca3c9a8eec7e4e34733fd9b79d31.apk,6344,9595,514,1054,5830,8541
595c1c25e174acd579d0d9b5b34bbf319bd5de8d8c8cdf2aa4124610bf89db0b.apk,3759,4978,272,525,3487,4453
7708e6c3cfaec4bddaa513569a613670afb1c94803711e33c1b19aeb3b991469.apk,15706,22128,436,649,15270,21479
79a64b8e2aac542b7aab896e67adad3bddd688543cb784a74f15f5e8f365188f.apk,3814,5042,230,440,3584,4602
6c3828c5c7ce7cfb982cebfe0d1072fb66703bcc1290f0e73f24bf3162d61ce4.apk,1178,2332,609,1280,569,1052
9e61722288bcc0e5a8adabb7fb73688af527d7217bf1e635832d48470068df57.apk,3759,4978,272,525,3487,4453
7d809840c187182e6af38479255a99de0a1fa65150c34ae7a79c6dbcbff91ca9.apk,1595,3229,187,277,1408,2952
6ddbe533cb03f62b1df39883d77a72faf89528daa5d0a1fb2035521f095f2d6d.apk,4656,6407,279,520,4377,5887
8d62220f4095a152110a717e7e74ba197a29a9fd934bee29fda596d22e54fafb.apk,4012,5354,84,99,3928,5255
5fe3c9a08f9080c03605ab98a8147561de06889d092b6960ea2ce4ca6b82294f.apk,2485,3843,38,37,2447,3806
8ceafda2635ae02b894480fbc400ed593976c2f0f7d087044c4e568cc5fa5acf.apk,7216,14883,1512,2862,5704,12021
81c728fe37a00d71ae8b053f9dce637c9831c28487a6f66f13fc3fd723f83497.apk,2356,4361,910,1781,1446,2580
9abb0bc16d64fedd8ba4bff7766e102807e8f7c8d2b96432c33d11a3caed8a17.apk,6332,9556,497,1011,5835,8545
9dfc6264cedf72ce05ebe40f1e379fba6f3dda2724a08b26b80586b7c17e7ea0.apk,3604,4716,261,462,3343,4254
75e23093c13c8cee453a47b37921d3151afa7c9cb0cb12b6a87a29f3a790d089.apk,7591,11713,289,405,7302,11308
59b3c65e6c9ede6946a94a6c2305afcdbcf13e46fd1f2f6795f301ad624fada0.apk,1579,3026,40,42,1539,2984
f0c17fe6daec2c1689bbaf8150ae46438cd8cbc1e1b4a8500d1d3c5f317bce95.apk,4656,6407,279,520,4377,5887
aa98337d650d55284f14f84a9301127551c887a2f2e4e9d8fe7a90559016b9fb.apk,414,718,193,265,221,453
e4a8a912ebba8889109733916385fd9623e3b5c5d3ab7330e9659930129dab2b.apk,6314,9515,510,1027,5804,8488
bbecf2616dd3c34c589dc9f3f043f5048f0eefdcdede0eaa8a97febb3fed28bd.apk,8762,12041,169,215,8593,11826
bf5118d6131ec728536a0001c88d66db90b30fdea032fbd9c75644b94467084e.apk,650,1106,206,460,444,646
f967498ad1623f631356f5a3de2e958cd2794c653218fb8d1828b4be43069e2e.apk,15657,21978,406,641,15251,21337
e95aeb3a62e82cf315a41f176d7f0e2fcc655316fbe0abef5dd9c9ab7d705c5c.apk,91,94,91,94,0,0
d59780e970ec7e82e2e7ce05c1f580d28e84eedac6578739ea925e15b42f1005.apk,170,279,129,236,41,43
e9480345d46ca74be98abc56253e034a1f606b5cec8433499ab082b526da5991.apk,6343,9593,514,1054,5829,8539
f2d7fb0890268aa7d202bea14515480f4d18d0e9b72b130fce69ae9f9a1bca23.apk,3711,4814,220,395,3491,4419
abb167e491984b6beb07eb16a500b59ba652145a3d5b3b413439a8ee085380be.apk,5079,11270,1898,4452,3181,6818
b14a046861d3d5c07683df86b4e2da677003dd38f32aa5df6eb89af7a77406c2.apk,3759,4978,272,525,3487,4453
e9dc01813cafb8be9a8ae09f7209ff426723f9753313a915029d83e49c4ce955.apk,3759,4978,272,525,3487,4453
d539846016f15e154794ca507a42408a941fe16cb7bf2bdf83a05c9921088443.apk,3615,4551,129,182,3486,4369
aada1df96a99363f16017efb09b2fecfd100bbbea8fc203521a1817f046ad717.apk,17039,24710,389,549,16650,24161
da6e562a189a1178d4f1aff1b4a27675e63d9b9373799de9d16c9e5cac79ccbb.apk,308,480,210,339,98,141
bac64da34fe33e09dcbe9d9fd7f5b716be92a3de8ea9cc2e42fa43746becb0d0.apk,1567,2794,35,34,1532,2760
a700dc750e1d4f8938f5a8a2741a58b4135b1e7f413788183519671cd73cd475.apk,69,73,69,73,0,0
aa23987b2c8dde1c053a172ebc515feb3f3627364fe77c34561dd30083479e89.apk,4088,9305,752,1820,3336,7485
b27eae203c6c4c10f32c8905cfea6b44f3964abcaf19e7f2b9d389b776cf33f7.apk,720,1231,190,402,530,829
bbc4146c1ba84281c5c73e2cb23ac457b7ed6097ed757102ff587457b6a9af57.apk,1592,3146,195,287,1397,2859
ed9c5c0eb43e364ab9c3b703e79ded2224d344aea1c8baf00bec92e20edf99f2.apk,57979,134704,12883,40598,45096,94106
c6d2f73c4404e9044e6dc7fd7030ebb689dfd72a55434454c724e516ad4819cc.apk,77,80,77,80,0,0
a8a41c5f3c38a3b23c2f2e6864bfa9cf3193ac7154a58e6bacf806b121944067.apk,3759,4978,272,525,3487,4453
fa99b68cf654fdd82830fb2835ee6c74891326a86644244c30ce4e3bd78bffdb.apk,6314,9515,510,1027,5804,8488
c930da52e7f4df88bead518cca72319223343bafa5941856bf5016eecbe502ad.apk,3759,4978,272,525,3487,4453
f7830a391207aad7518c898ebcfbaa4948e03e0fcb8c558278be1a64cfb19e89.apk,3759,4978,272,525,3487,4453
b6b3cb8b514602e4c327b3d9cff0b4404aa9792149cda7f4c4119bc8a4d9f0af.apk,868,1386,473,855,395,531
e76db0fcc3d1598409545df59a90d7a2096bdd06d2829eecee58b3e9e0ba96e8.apk,69,73,69,73,0,0
c790c907bbaee0edc51939d3833e4ec8ff352c159781a7c0c06a44933f31f2d1.apk,3937,5160,84,99,3853,5061
d55fa7e786e0b1d055ad1fb34f785ec9b435d11ac33af784d4c1a161d860ccd7.apk,11851,20299,1400,3168,10451,17131
b44c4263d93bb5f319d7efa9a6c756c75d249654e3f5bc8ea7054bf761baf799.apk,9256,12313,330,527,8926,11786
f209786dfd66919a1435758ae3514b4998dedcc422e9c5ad699d39215ec05cfc.apk,3688,4770,186,312,3502,4458
a5ee2ac9147f6d10440f0ea26eace0a918c353bfab8ebffaaa4832ba70da0535.apk,15706,22128,436,649,15270,21479
ae7c70db29c40a64714e11822860d546cc42c148f783440ead12b0dca2745666.apk,392,622,256,431,136,191
dd5394ef5eac1be0dc8f0360af58f19ad4d389797cc3b368f78127c510686677.apk,9256,12313,330,527,8926,11786
f40568472636b85c52b6751546b8574e4200206da093fb31a7800682354d3804.apk,1812,3503,282,566,1530,2937
d10ce7de5e594e545f6a274488a0358068a289b761a92e1c6a51acce9198759a.apk,1587,3142,191,283,1396,2859
a637e040457e2ec290fde6ed15c8e2b7774d296bf2cc33967200538f7f7b67fb.apk,16088,23117,432,699,15656,22418
cfab4dfe796a12db2d0a93fe059102b3bc066a40788b0e51dc7e565abc6389bf.apk,4012,5354,84,99,3928,5255
ca512d43645c480de0e97a761f7ebc70c551937ca8a9c474279f65291e5ef11b.apk,637,1780,329,952,308,828
dcc230feca02b1869548343972d937c34e5d334b5a5f61ccba8e17f18078841e.apk,9268,12322,337,536,8931,11786
bd7fc2f4df83a74f3d6a067d409799477af9a6e2245cd2dd64217b40c677d54d.apk,155,253,116,216,39,37
fcf2eddc85bc969a7de8e5e60c4aa74000fd2116327b504068c854b9e80cb474.apk,5578,15079,2056,5871,3522,9208
fa2e809445c1165e3b8ac9c757a776918b05a43f7312a02ea905357a099634b9.apk,3759,4978,272,525,3487,4453
e74925238b61aa77133f29e5615f47a4ae093c76716242fb1a6207d4074a84b9.apk,4153,8392,1479,3551,2674,4841
d0b3c1427b29d5a45e9e9998efe145d3fa6fe1414832fc53da42e1fe9d7d2ebe.apk,9593,16380,321,654,9272,15726
eb55e374e38cedd7aee23d82eade11e986184b197f4c73c76730b5929cdf7238.apk,249,346,96,153,153,193
b0939d9f06f7d739525c8ef70418cc41ed00e2a7b4133693e7d8267c8720b255.apk,1682,3040,36,35,1646,3005
e5b5ae2063b36b63ec75b8f9f9adc680eddd8fa3e2a02003877d8506bb992682.apk,3759,4978,272,525,3487,4453
be628b99e72c7a8f1f6d2402366d07138cd0b587a62717ecf906541580693568.apk,77,80,77,80,0,0
fff8e36e72ca18a049929c7f2f584f57b6fa2a03dfbe40fbc491b2e06e58edac.apk,69,73,69,73,0,0
f62cc6b9282c4270a40bd3a814a9393b7dd9ea650d9d8306a9b9e4b94b923127.apk,376,711,245,488,131,223
dd38c8b67ef94b49bf9317ac71274accb0e527f7531beffce9a279e55cbd291c.apk,339,536,238,392,101,144
b4c9d7fb24eced8d872afe3f7678154b320bd48e80025feefe37205ac60b6d24.apk,6314,9515,510,1027,5804,8488
fea14fe35e74e4ad0a3873543bd2edae5fc4a1ef9cf61254d3603735322f4599.apk,17039,24710,389,549,16650,24161
aeef244a7950aece52190f793f1678ed1d7f427def44f1ef6936be607b96602d.apk,6343,9593,514,1054,5829,8539
f98f1752f0becc77141a97b70b5fb950ea42245b41636aba5e765dd9e62b85c7.apk,6451,18557,2469,7477,3982,11080
b2a877a60e406e401e03fc9a12d6ad65e39339fd6ff39b1885b13e8212f4f2b5.apk,4790,7599,395,723,4395,6876
c5265b8baf76d0836aebbd99c15307f7455ed38a0b7645e84dae3ce4bf4b6a26.apk,1477,2762,93,152,1384,2610
e0df80fe7dba18a12a8e5f71ad0cb6c0ef1951091efef482b51318d9683adea4.apk,170,279,129,236,41,43
a86fd79e93c6b95c7389b5828307f79b7691c93f8a4329ff3eda7cbdff3ef7c0.apk,6314,9515,510,1027,5804,8488
a619176965c897ee5d6b7e107cd415059721b67a962e8e85fb5026cda42b68fa.apk,3759,4978,272,525,3487,4453
f9e4fee9d66519a0255f17153a95b0fb0188a37568076025c39f37fea46b68cd.apk,5508,11472,277,443,5231,11029
b2b0f65bdeea211f8ff76d4033a4e2e3d90a2ebe132ea1fb2f066db0e9b9cfb0.apk,570,1082,308,618,262,464
aa374988afa23be9a7e00c21d5bdcf98ed101f75a91674fbf3147bf0d0d6398d.apk,8398,14049,338,579,8060,13470
a640d3542ccbd2a22d88b82a686f26277104ddb7553a62fcef8f0fd60aebedce.apk,4078,9279,752,1820,3326,7459
e7dbecf8b2f6d1e5f86b4013830a828225414b591f1ea5188293fba57675b1b8.apk,4996,7902,932,1988,4064,5914
f546d7b50a3aadfe27d19ffdcdbcbec5049d674d293ea3943fb9ef959d28d2c6.apk,1108,2395,698,1609,410,786
ab8734173ab86d6fd64e4a09ba49b35a6c74e235a98eb80c27e0a5b0db29c677.apk,6314,9515,510,1027,5804,8488
b205b84455ec33e43e56eb9d874fa7e103a95bcf3cdd0d8224a1e78698845136.apk,3730,7803,955,2130,2775,5673
dc89200af48f7f3d4a3a36b73275cae77a028338aee383aca74ca312833d4499.apk,6333,9565,512,1043,5821,8522
af7f75523c232bbcab2e96a60d07dcee9c0a6b9736ab7ced64d6b784462a8de8.apk,9593,16380,321,654,9272,15726
a638037985b733aa1ae5931a41659e3e1c2948be1f3f1c2da0acae5d258f25e9.apk,3260,7194,786,1882,2474,5312
c59ef6e3592d5278fc763b7b5e89c8102e9f970a363c30561fe58edf3d6b930c.apk,3681,4751,186,312,3495,4439
a84110b5831587479bfe5cafdd88781abba022c3c0dcac35dcdf0c25fd11bfc6.apk,6164,17400,2354,7173,3810,10227
c48273798dfb3bafc7ae23be74ed7567ec0e5003e8da3720778cdc351b07d1d4.apk,8500,15895,1177,3968,7323,11927
df5f4ac4f1334d64568db6af225552697f0b4092fc5cec596618da79aae8804f.apk,91,94,91,94,0,0
ce8562303c3bf7856256085ec9f01a7f7f10d57cd701bb98c6b98ed3a88ab8de.apk,2917,4633,570,1178,2347,3455
a96ad30ec99dd92e0fa1608bb5f883f9b48565b3c6676a2c94fd796932a6351e.apk,6335,9573,511,1042,5824,8531
f7d3b1c855dd65b94f819f2337b2632b5f9f1d3f78228406fbfec4e7aa103fde.apk,15706,22128,436,649,15270,21479
c66c5b3b686eedcb90520605e55b26fee55128b2ad6e52b25f7885a4867867f3.apk,9258,12314,333,530,8925,11784
c002971e30fac9c118c0aea001147b0b707e5c0f9fb16fc62f21a7fd78c81864.apk,6314,9515,510,1027,5804,8488
f8dc0dbece9eee72f051c61430bf9fdf97352bd3303ab83b2076d63d6634fbc9.apk,9255,12305,330,527,8925,11778
d34d626ca5f5259b7395282db585a4c17fcf824452b7be436ea3915ff20ab4e8.apk,3688,4770,186,312,3502,4458
a8e7e58718ecfe2087cbb53db8a8cb892d551f564416487c7f01706b69d79ff4.apk,317,564,170,253,147,311
e257ffe61125b2dd38acdf14bb40e326eae5c85d10534ba076679edfec2074f0.apk,3671,4737,186,312,3485,4425
ce6d3574247eaa9f43283931bfdba7cd9020e3da6ecd0bebd00439c1aa2c6edb.apk,8398,14049,338,579,8060,13470
b792c038ece27e53eb0b30759fc70639532d6de46bdc277c6080bd2f5a4f2caf.apk,1108,1951,242,429,866,1522
d2d08a2d99804b7c2ef7ddd9a4a6fb23e6946a60c578c611dd12ad1a1101f50a.apk,3704,4872,313,518,3391,4354
d2146aefb109777d31783a828719218b0afddccd90891c83ac4ee15e49453d98.apk,9593,16380,321,654,9272,15726
d0fd89e11d5f3e7ecf2bdb7e981ab12cd281dc27ad93a4441baad8dd985de5da.apk,3759,4978,272,525,3487,4453
f9579754ebd19bedada46f1f300427fe02a1dbd5d5e96b35eebe450b5674af1d.apk,2155,3916,153,248,2002,3668
eb3b84e28c6717893c465f4bee815d3dd5043b37f11c86bbf77fc9cdc29c2529.apk,3711,4814,220,395,3491,4419
c443c9fc20e9fa6c0531b6404c4e2e62c6ae25b512f99d286e1a9b3e91710ad6.apk,3759,4978,272,525,3487,4453
dfb57bb0d0ab9b1401c1f793b451b18ff7d4393d3eee9889e4110fe163b546ce.apk,4742,6483,84,99,4658,6384
eccc52e5312695b5cb8654cbce9f55346506c52d2289a50f8f17e486882cc908.apk,193,125,193,125,0,0
cdc305d51f33565375a27c87abb622f48995865d41ddf129dafd74eb6c660ef8.apk,77,80,77,80,0,0
ee4dcc486ba48aceb7fd89057e5c16af3e74a2dbf6eb346126d61c5ff411e088.apk,4655,6403,279,518,4376,5885
fe8bcfba42d984df07230ec50bd322e58926dcee975a5a9eaed95d2335d4e496.apk,12925,25092,2826,7389,10099,17703
edb2ca2a688bcbe1707260be256276fb0b97f061b9025d5bd73120b9b9f53d7b.apk,968,1967,625,1368,343,599
ed4bce89ae8bc0f76b5112b8114f18ffb65bd9605c524fe8569ca93a69d21917.apk,6273,9684,398,782,5875,8902
cedac8faff2dd860ded17f6bc704ea404a6ea7dd31265523ec52c083739c35dd.apk,2316,6521,578,1532,1738,4989
abfa39162cd40ff6521fda32ee90de0c5156d5fbc7de864c73ca171a5d028259.apk,15706,22128,436,649,15270,21479
b81d94499246924c8f8f32e6d0e990205c9c883ae8d4cf38b6c622bcfe36b846.apk,3759,4978,272,525,3487,4453
b3104326bcfadc6806f897be07056ab4c4eb5aa9b1757564e83172f095aabc36.apk,13,8,13,8,0,0
dcc7f3786ffc876412e31fa8e416e968ca7827197729912d88ef81933e7d5144.apk,9268,12322,337,536,8931,11786
ec5f1216b1298c2ce69eeb9813331d73f90d73533c0ffde1157912202f5e4204.apk,12003,28909,4437,13545,7566,15364
c541f8946f4bdc8ca2e9102441ad10f067b3b640ce05ff7d01f3747b9bae417e.apk,104,150,34,33,70,117
c8af32bb94daab3ecd9c7e22fdfb882714fe8ece101bd76b14af28bb8cca6fe7.apk,450,933,172,267,278,666
c29606fe366abb4507735c581878e06c36a7850f11c5bc5e3708f37f8c13ecbb.apk,4012,5354,84,99,3928,5255
f70e4dda3334313af03cb580758207c1b4064270f32a14f11b639e4f599da2f8.apk,1566,2760,34,33,1532,2727
c9f52b2dd4d03bc23e01798eaba0b02b49888821a9026cb7ec06056ef205a75f.apk,11567,16260,692,1739,10875,14521
ad544cb67cf27d4f69051e58d2a2119daa8214ec99f57490d1419a8d435249ad.apk,13516,21999,409,620,13107,21379
f297799d049129da412e830157e707c07073c3cca63d34cf116839b20524c7ae.apk,53847,125595,11616,35502,42231,90093
a5597248c49483eb54e4709e960eb33abe61223bbe39f47bf16956f1d34c16cf.apk,11017,14463,320,471,10697,13992
d6ce85a6168ced13fef38ec8630ff2e41452e5b2b767a8a0f20b3239ff2e7c0d.apk,1108,2395,698,1609,410,786
c89d725daddc309bf24411e29dd58d1e181ffdfb5191c17c63217ba9c4fd09dc.apk,1667,4107,974,2557,693,1550
d3947aa02875b2e7a11b89503f05b6b679dc0433051e59186c6790ae1f55c8cd.apk,3759,4978,272,525,3487,4453
f835332fde5495574b8a5ce1eb5b8887c50fca9894443471e80fc2ad827a1d62.apk,4656,6407,279,520,4377,5887
de8e8aa41a814561c84af7aa9f7eeac026683e5644809bada2052da1f9b7235e.apk,3759,4978,272,525,3487,4453
eff9fc976006d3be82836b384d863ea2cb74d8badd9064464c7f79a1b4ff95bd.apk,3711,4814,220,395,3491,4419
e4f679bcf2752c95898924d060de603dacfdb20164c52cbc06757e874510a315.apk,15706,22128,436,649,15270,21479
a97d7901bcfd3f1f158ded0d26052bb5dd2a0babcbe874be8bc4be090c7cf4ed.apk,177,279,127,231,50,48
b58ac91d5d95e722452733032c44d40c6dc953550d7f1bbe7d352b5eb77e3445.apk,91,94,91,94,0,0
b9f04143be89af02135f6d95b474a2ac0e8e72024a722ce9fa445766d11f0a58.apk,3671,4737,186,312,3485,4425
a6428e11f014bbf50fbe2df9dedb9fd7f4297507b7c8c8c97bfa854f0136bd01.apk,3949,5173,84,99,3865,5074
cad167442b7d04c29125aeba2655b08a200a3e3eba6501a0b70e73d985d934c8.apk,66419,148873,14736,43581,51683,105292
e1c210d617461ae71cd582a8ccf41c4b7ca3ba43be5221dba7d45e660bab0b50.apk,3759,4978,272,525,3487,4453
ed5443d8afaa4a89fd89103906bfeed014c080b8b469d6a97934a2a5ee6d2703.apk,6332,9556,497,1011,5835,8545
b023343fa53b3df4c117994b5c8c96f6b12db5fc94b06c6427c33277b8167467.apk,1595,3230,187,277,1408,2953
f39ba0be93068063565328280138d3ca349e2385c87aa352c9f5e9711f0ccc4b.apk,9266,12320,337,536,8929,11784
ec1a5e38b12fbb149706fdfcb827cb5143c83bd1f9c559b45235dcc733d2f5e6.apk,650,1106,206,460,444,646
a97d7767723d687c83707043491570314db1c7b8d8f9c2c920be7e05079b5cc3.apk,508,779,288,516,220,263
f32b42b1958b4cf8eb605888095e56b015f7a06a4c326276ad8a701b9a18e5ed.apk,15898,29002,836,1464,15062,27538
e715fb46f1d0ff9cde69e432b1770cbbdf02fc881eac0349caadfb5774828990.apk,1812,3503,282,566,1530,2937
b2e1f4a853a5075b3a6b33307819947496bca8fbb9e86ac242c5aff4e7ea5ca8.apk,4029,5408,85,107,3944,5301
ad949e8d122a3b24482cfdf24d9a406ab0025d0b2247507aee129a6ccc6841df.apk,12264,29769,4565,13996,7699,15773
f5a2e165148d4b0664e98c0525fa2b4a5604fbd09cb5a092b0c572bce80c7185.apk,3236,3901,50,51,3186,3850
f7b96cffb8cec5cac614b47cb5cab520a317002a38cbfcb2a54daba868fa7ecc.apk,4455,10329,861,2253,3594,8076
c8a189a5da6670731dc9d986ef3e26c9dba641eb04080f3096ada776032ce0da.apk,24892,49703,3390,8706,21502,40997
b3e9e62d049355478a3f4fee0d53f9e4e121181c6e5c71adc95563a116cfb63d.apk,29545,53516,1021,1715,28524,51801
bc9051977c2d10d0ee8e16751564a04759df94debaf70bf11379e7a211fb36f8.apk,16088,23117,432,699,15656,22418
eb1e07d132f2dfb184febcc503f4c40f06d7b03f04338791439480203a86bb5c.apk,3759,4978,272,525,3487,4453
db25fbbf9d62036250da04bce6604013b33da403a651bdcec495c8e7cda4404c.apk,177,279,127,231,50,48
d1316bfd1e963f72d01469c27742a5ec1d3ef6b976432f58f48101f9d59ff89f.apk,28222,55873,2132,4317,26090,51556
c3cd8088392d9cab9f41e4dfe6235c594deddd30ecee842b73c9ecbe264edbe2.apk,4742,6483,84,99,4658,6384
e5d4ebd917cbb500ae87151b99b0abc08342771480a932150dca123d2fba766c.apk,454,957,172,267,282,690
e545779432e574b9c03c098d40771d568b57cc2ca6043b2f692fd6b7a30ce9c7.apk,544,927,288,493,256,434
cc00853b16dd63fe61a8fa8436d74130f2194c4d5c1bbd4c98dab08559df6fd3.apk,19459,29918,474,669,18985,29249
d9c284dbf73c2e83070e148d44a01e2569868e43c129798979a11e567da9473d.apk,3575,4686,230,406,3345,4280
e6080ec00d5fc33e9eaedc79a6a352be0cdfec77abdc118bd4c91263eb4f9883.apk,54128,103963,3934,9985,50194,93978
f381254bc6fa121539ed559ae009b9f8a1ae4456717947780a86cf373a7f9950.apk,3167,3740,92,116,3075,3624
d9a7710cbb804ed1eadc45a265f85306677070f253423f286388b93041f459c5.apk,170,279,129,236,41,43
bdbcbf3f04b64887a633b81141cfdea96df94bb9c7628d752ddfb305504a0f11.apk,4092,9326,762,1834,3330,7492
a4fa1c14ab007ee26432d35f73557ff1fa4830b787b259150cbc0867459a269f.apk,6343,9593,514,1054,5829,8539
e91496a0422f03892fc63e5ce6612f4ac1cb002f3c2fd6aed751e7afd21908cc.apk,6343,9593,514,1054,5829,8539
cf2e1eca470282cde37a86048444fceca13cd254936ee5233bb308c49631e4b5.apk,168,273,129,236,39,37
ffc588993173d8b4a19a9ee87888d53f1b13c957e47a89027439deb73ad3ba4d.apk,1077,2005,139,233,938,1772
e30bbdb26da9995c86bd3df55524fc89299342101c31dbab58dd83d07ffb36f0.apk,6314,9515,510,1027,5804,8488
ed59a1d603baf04e3341c28cfad1d83c60c0cf28d6c6d79d6b861e8d70477462.apk,15706,22128,436,649,15270,21479
d7e112f24c6810b465fd47aef60c08a8982cd408261c1ace1168a1c46727d362.apk,168,273,129,236,39,37
b1915e2ae31ae45170818d43ec77ebbf14c50102f79d2cac90ac26d055fcfed6.apk,479,800,172,270,307,530
c2841cf9f03b02c867bb23d82615939ebb39a2266b1a2d6b5740d0382a439476.apk,8174,10327,225,338,7949,9989
f8fe94eae7b239180ea995a6d942bc075080553cd73e1da6ff7dcb7b3e5473c5.apk,376,711,245,488,131,223
f911569dc99c5a4cc0ddb7df66529cb86f38d2e069cfc925dc5549dd2046b04d.apk,103,166,42,44,61,122
e1f4df295d7f5c3f63eb73dec1ca80455b3a489efcbbb05225e8c498431a24e2.apk,1543,3436,351,794,1192,2642
d20680ee70635101d2ab830019b26b533a173f0ea5ef1e9c8954e0550191108b.apk,31436,86022,10445,39691,20991,46331
f112f305fada8f2cc252c22fa434de87547ea6a1494e86508c92ef75ddec337a.apk,257,370,142,223,115,147
c64a0b60f6d8b61a2a5d881cfa5036da1b8819ba7f3b45a7f0aacc1d48b020a1.apk,4647,6386,248,472,4399,5914
b5af223bb9dbe23be9037337b439c33dee5c2e83b9f3e22ebe81417bd42e19cd.apk,3759,4978,272,525,3487,4453
de640bd63aa03b172e6ceb14f79dd99a302641b3ba862c911781742a865862c8.apk,3758,4972,270,519,3488,4453
e49a7334857e5eb749603455f78e2f7694ad456e6cf225adb3c84a9b7766011d.apk,3759,4978,272,525,3487,4453
e7bc97b504bbf271a26ca5d97f409c44903cfab4891c00d2f448c8e886c9dc0d.apk,6343,9593,514,1054,5829,8539
eba522840b675fcec431860e64836aff14581834626403efb45c99cd47809ca7.apk,9266,12320,337,536,8929,11784
ebc2d180c377deef0e4a0a07352432164778bad19960faedae486cbcec37f1f2.apk,18554,8118,48,50,18506,8068
eb2ce0c84cdd45f5b0c5dbc80efe24d3fe465e88d9254cba2796a595d9eb47a2.apk,87,198,87,198,0,0
ec8ee8919b0ae53e684c40e8cb547c3749392abc2d1265d5baa4e3799c6d1b8f.apk,476,787,266,451,210,336
d41e22162b0742bb7c7ebd63d7b6805a1af3f0f911bbc740b467ad41e9c60349.apk,6314,9515,510,1027,5804,8488
e1473bc6407b313bd58ea5c5fce34f10911ce431fa6520702aa9f88589afa3c7.apk,50624,101582,3508,8219,47116,93363
ce03fc69b10feb1175a420fb79e71f4b878c1363298da9aa809f042cc50b643e.apk,3759,4978,272,525,3487,4453
f204315b2553212024bf11c60be48275754ef6f386e8dc0da981b6f49d99b250.apk,3759,4978,272,525,3487,4453
b8ce5756eda679879b3c1a9c90ea3c1a95aa7a58e3b003703f19d099d95ef052.apk,4077,9274,752,1820,3325,7454
b207a5a1425fd0a141e20797f837601c47590b97170d27c8755186cf4a27d168.apk,397,685,176,237,221,448
f2e54a0ce9ccd4f1f8e10a065daf248a244e02fe21d60e5c1e9b49aa491218aa.apk,3759,4978,272,525,3487,4453
b6b86425688a8f286353958336bffd0536e48e4df087c46ef3dd90f6cb1ba7b0.apk,6332,9556,497,1011,5835,8545
de3ff71d1d746455c1def3d90d97524d1c3d7007e654fe34427ef8406706bf3f.apk,387,529,125,171,262,358
b1ca8fe0ef179572df05f2051faa38ee408856967dcc1c4742daa483f8147cbe.apk,449,924,171,266,278,658
df21de947b2949340f92ad504d92e28bec99789d170c57ec703e24a983150cc6.apk,3663,4798,306,520,3357,4278
ffdae5b124392d6c22806f1126487c219b360c444072ea62110edc16e109f5a4.apk,147,217,147,217,0,0
c567593770a29cd1b0c66cf2292d295f9f192c1c0ff3c7ab269fab9260f747dc.apk,2155,3916,153,248,2002,3668
cd21f0a03ac0a507f5ba193389b9d86adb54cf20fc9df67cdd31f2575914d011.apk,9266,12320,337,536,8929,11784
c8ec416d0341eb6ff1c348e5ba6901158efb8449ad97ff5f3337f360ea2bdbc8.apk,69,73,69,73,0,0
c53f732b18f1872dcf296636c4924102f26f02e26db9387b9e13d11cfd6652e4.apk,3670,5389,233,511,3437,4878
e2efaf16485bf156ecda459543f894488db1ce45080f043833382c71fad857a1.apk,3759,4978,272,525,3487,4453
ce81ae79066de5693d3bb645c7959fc3724b8efd20d48def87524392311fde18.apk,16088,23117,432,699,15656,22418
cddaac7ca41fdcd1852e65d7903306aad9bbece6e7b8a38934c64d555f121e89.apk,29412,53226,997,1643,28415,51583
cccb801beafc3795eb388442ef4af35fc98563c6ce0f29fd0289ede0701c798a.apk,6332,9556,497,1011,5835,8545
a9257d2a508fbdbe1991f9b1aa3ac97cdb3b2d1819c59137270a0e3dd8488169.apk,5434,11325,317,550,5117,10775
bc888247e52a8ba9d63e14e3a2cc8046420716343960c19b7e52ad48d1fc378e.apk,113,223,47,72,66,151
e4db8af0715f414509de96a0a592ffb033ccd99fb14475b423d6c453e708edd0.apk,8395,14042,338,579,8057,13463
c5e26386db742d41c937099b936ef8a497bcef0c6846473ffb066216e9053773.apk,11666,26306,2516,6966,9150,19340
c9fa6342ba89eebb7893e967d34f762a2c809e57c9bce5949b2a570b6bfd97ce.apk,4029,5408,85,107,3944,5301
b10f53f11088854db9204851b4d27effc322bdcd980b70ba0622e75140a23759.apk,3759,4978,272,525,3487,4453
e17befad9245adf168d817298515f695b62b88bae6cda5ff91168105a117c603.apk,6273,9684,398,782,5875,8902
e0c0deddbe97daf667871cbc30857f7626f1a54f571582ec2f5b8d93762c59cf.apk,5628,7247,196,258,5432,6989
eca6693ca85549101c8dbe0910235eac193459e6e1b3133d33fbe4eea8417bc5.apk,4762,11283,2531,6660,2231,4623
f5996e401aa0a7d788a2858b5d7559e3f558f9058c1c4f95d7558bdc81ab3224.apk,16088,23117,432,699,15656,22418
c34eeb891c2ef68655309120d41f61483e8ba1d6d319e177d4243178dbaa306e.apk,15706,22128,436,649,15270,21479
d99ed2c0716b5f67436acc829b19efd0c101d867238f1faa6244ed14d65dfcac.apk,3704,4872,313,518,3391,4354
ff09fd183d2f7a1e94951852c01c5e2303f6f24e80587879bc6f5f7b81a2afbd.apk,3759,4978,272,525,3487,4453
dffac1c939c71872bd27e644fded419070809c1d9dd571c672c339109731b65d.apk,1586,3140,189,281,1397,2859
e0b12be7bec3c808107e5579edcdbf8d17bd3852f496e46839110f3b525b02f5.apk,6332,9556,497,1011,5835,8545
ae4a30139b75dfde7e3406c1eed3d30def771d5e2ac3159c3b9765544c02a449.apk,3688,4770,186,312,3502,4458
c812e8654799799e5258f24174f8667bc5bc528f3c09130efda824e5b02ef18e.apk,4535,8968,4535,8968,0,0
f626e7515fe208d4592b27f6dee715448aa13e7039d47df5470bdefb6fbbb38a.apk,4029,5408,85,107,3944,5301
ba28319328303ca4089ca4dbff3d1f719005f136869a9c9f3e46e32abdb6c8d9.apk,4069,9266,752,1820,3317,7446
cc8b1a3b93fa7df3a84f6c8c0e1e9d25007f8fef8de4819c74a494c37ffb6a3c.apk,387,529,125,171,262,358
e79a76b41d615f41c42a244567af96be6926a0f3eaf0778473a4bb672d106aaf.apk,16645,28526,941,1565,15704,26961
d51599b0f9e62cdcd94dd4f019aec0e2ca707c36062e4ad9330cc8002bae77c3.apk,345,825,90,169,255,656
f7d8819815b3af52ec95ea157c2436001566ac847401e59cd73d2255434ddcbf.apk,16088,23117,432,699,15656,22418
fa025d0dfb09520da1a8dff18dc914028698efe781c15c5c8aefefe2c06e4692.apk,209,639,209,639,0,0
f8263e2afc1a4245e35f4e7cbe2a36c64156aab1c71b29537704679198f1132e.apk,16088,23117,432,699,15656,22418
da652f391935aeefdd3af86f45ceed3fafa9579b420c654504e22821c6abd874.apk,13640,33661,2499,8192,11141,25469
e99e1404b1b93568cf9aaad5cb7e4a03a0756199900ca1e7f277ba4aa3e13f02.apk,6037,8246,221,333,5816,7913
fd2c68b01185264d0696b1e15dc45816f3dada250bb0e34f5a4197eccd3b15fa.apk,5481,11476,276,444,5205,11032
df246c3726acb17827989ffb75cc69d3f664972585d22e4a82df43d996d75d88.apk,77,80,77,80,0,0
c865328a56f5102f6ad7c968dda72d9514a6db17b664d4f17ca002c6a7fb9d5c.apk,3759,4978,272,525,3487,4453
b1f4ede57b584b38aff5aa4d01e82c3edf287e73dcee46e3d3e3aeb5813d8fab.apk,77,80,77,80,0,0
b782b131e8562d005c7de83c209f0b14bcecc22e75b5e8f30c4177b963a06abb.apk,5856,7807,222,313,5634,7494
b7ed7524d8c677727afeb1e250ee75d5dd2579b8c9c094aa0999c8c39d065b9d.apk,171,268,15,14,156,254
f633f1ffa56b647ede09e1aca6cd1fdaa9b9a5484697f70a5dd7a2f3dde653fe.apk,2155,3916,153,248,2002,3668
bfdd9bc18ad3ab820b6f3e783a9ba6ed9f762db05c608efac3c2144bced8be39.apk,2470,4488,152,192,2318,4296
c15bd7f5fc9a995f2bb6ede5bd9d518c432623557d09f953f70108ec0d01437a.apk,231,494,28,27,203,467
bfb51b7bef09937eaa970a0d8c373f6c0181d0c5e42e7cbb22edd35606386b10.apk,77,80,77,80,0,0
c554c797935277d3904721c472a162c6bacf6952e6f7532ef6e077c0ba575455.apk,4012,5354,84,99,3928,5255
bef81b985a3dd3d151e4fce74d85a3f42ed5ab7512e190eca5884256cf6ae66c.apk,4742,6480,84,99,4658,6381
dd48eec1e65dbd09f3391340c7fb8ac506da6f8ea377e77dd0f5ae56fa573b76.apk,1595,3230,187,277,1408,2953
b64cb8a16e312ae2d34480e87a1fa9c6b1e660fe5393d2fd93745e5054aba249.apk,6343,9593,514,1054,5829,8539
f68548b669c931be5147880a1dcf3d083ca1c888da10d7e31d71846cfe3213bc.apk,15706,22128,436,649,15270,21479
e7adec503bc9682ee5ddf323585d2f01006246b87a04024176a2de24d5e3b323.apk,3759,4978,272,525,3487,4453
dcf44b3b80cf644ef56efa8f3f39453fd2dedb9609fb7c78ba764d2fe92c2fb6.apk,661,1307,349,838,312,469
e6c142e8381db0104b30abd6906acbd282b241a5a8ae2a577bc90026b7447d49.apk,4742,6483,84,99,4658,6384
bdfe39c096f58f2282cbad9b24d973ace290fd9158c930759823ccd00d20b57c.apk,69,73,69,73,0,0
f5b797d25e0fec3a90eee1aff90fdcac1bed07a82c59ce65c745423e10ef2978.apk,1408,2314,191,342,1217,1972
da33aa5d75d1850012e651e6b733826095c445120ad12776daed0c35510bcfc9.apk,105,151,34,33,71,118
e2d73ba58c49e8cf39fa8503dab66501d0002d89367cec414fd749c9287e4314.apk,4012,5354,84,99,3928,5255
c70d5b4a90d412b045a101d39a142683509377070c24998189a61bf5b7b26fca.apk,3267,7176,759,1797,2508,5379
dd587c92678a9a0af18339e27a31e7ebd2bcaf8eb70c09c234020801692d5001.apk,4647,6386,248,472,4399,5914
c95f05401542ec70050ddfe1771df3e6a01d925ac7f2f5aac0c3b05cbe4c2662.apk,3814,5042,230,440,3584,4602
fe1f54e26c334298da92b536183f1c6b5b425970980ed65ae15a5afb1bbb620d.apk,1153,1844,220,309,933,1535
fc0852a9b6a7b078f16f29984f2a02a7e5f6731cafff9bf016aed7cf50c80117.apk,1067,2361,476,1079,591,1282
e05211570d4db66712ce87748a5c9af5066feeba4bf8c703ec828bc66e75d84b.apk,3681,4751,186,312,3495,4439
d00fa987603b08a483da12b3608750099f3f7dbacc1f113f41a56746c568580e.apk,4655,6403,279,518,4376,5885
c1aa9e90387273b5027b06e2a5f148ae48706b18174e55d2448642fe4324d86c.apk,40768,81789,4029,10199,36739,71590
d673b83a68dcf0fe56778a88244834376ec326f51113a3312203e0e2486a2e7a.apk,1078,2677,623,1701,455,976
b93814340e445dfa9b2908c57e6d2a6f0a2866db2c757a25038c6a1efe95ea8d.apk,42600,81188,5068,11957,37532,69231
a6c7d04ba832e0dd43cc131625ca371fee5b5fc69e08113f739895ba6d263fa0.apk,6314,9515,510,1027,5804,8488
ab8f71195cd3fefbcb604f4bcc1dadbc761085fdbc4549fd62d4946b897c3fc7.apk,69,73,69,73,0,0
d041d45d45717561facfdc9be30896ae21447c32cd2f70654b8b1d31fdde6947.apk,77,80,77,80,0,0
f38619e42431ea2e83c16ede366eff551fca36c9c058a541d4f942edd1d6bc50.apk,13640,24343,1613,4164,12027,20179
d328061740bf0d0248e4a13a90f23c7d5fcf5805253b3a769ba1247be756d13f.apk,11017,14463,320,471,10697,13992
cd52ded8cb5fa94dee540e5db3edf9ac47bd44aaecc3a47a63870585a8e02353.apk,446,918,168,263,278,655
f7acc9ceda6b9f045ca5996a4420c51b779e7aa70844e1b5784a813a93330da9.apk,3663,4798,306,520,3357,4278
e1ff294b73830ad561bd245dd8332d25dd9aae4390935a4655683730c0dd5475.apk,449,922,171,266,278,656
bb97307869cf00150232b1807d00b9c2397d611d56597550ecdb4ecc7d691526.apk,316,497,218,356,98,141
d3aee5538459d7e73a3e1e63faa5e3f07e91e2ab04ea41a28171e50fe188494d.apk,3759,4978,272,525,3487,4453
f6b4970906982c906e3f47bf1fe3dc381e96a4b4e4faeff62f07917aed0ffc80.apk,9255,12305,330,527,8925,11778
c6d2516728306b32caf1a5d4ab8858332129620c052c0af8bb92ae0c075d4af6.apk,954,1483,43,51,911,1432
e4b6cbfe35ee6696d9352d8d3578f55cf79a3bd0a52730fa00f1aa2cf09a584d.apk,15706,22128,436,649,15270,21479
be2be1e09d4d43175824462a7e4bbd9096133581f2bc8f29557c46f742daa158.apk,414,718,193,265,221,453
eb8e35b384c85cb652f8864f6ce2fbdf58732ed1dfdcc357837d4487ddd7658f.apk,1178,2344,494,1019,684,1325
c845d205b6b46760345adf138a8f80cf10a188aab296c70bed1c931f47d35767.apk,16088,23117,432,699,15656,22418
bce27e12e8d77b15176b8343a8fa3b549308ad5517ba66adfd7509012af6bbe0.apk,301,487,158,304,143,183
cdc5a93b14972dbe2b2a380b93ca7ddb36d13bbdea4116d39efeee533d78ee2b.apk,382,629,154,249,228,380
d67ff5328ef8c07d7e25cb0011f04405ddd0e93be9e18ee313b6736430686285.apk,2155,3916,153,248,2002,3668
ef8479c00b44022febee0fcdbf255f8018f2a102cbd68bf4348f013e24e7032d.apk,935,1424,132,177,803,1247
a6a238e9b9837861fd50e6453f0a220fd25c70aeb726471708deed2d5136df43.apk,5196,9534,746,2022,4450,7512
d78ca5f002c7ff23e2435527d8aa5622f463e9a7b6b1a6630acc25608344a881.apk,3759,4978,272,525,3487,4453
a6408087c77ee164ace8800fa008a91ac2c41a004c7a0b940e7ccfe4fe591725.apk,1592,3146,195,287,1397,2859
f064600d7983719f3c1221fa42d47e1a9270482ca9348b80676a8eacf4d54860.apk,11036,20286,2237,4291,8799,15995
ca58a3300d02c6840cf0f6812a270f0f6e845797923b0603a1a8f701e690fd78.apk,505,1065,291,597,214,468
d6b2953e626c42bc362193e4ccd959e02831378b8238e565abb95691c9edead3.apk,104,167,40,42,64,125
ac1dbcd817fb57e303b389a086f0a2626e36d2934cce535090b80784334eb069.apk,3788,5059,294,587,3494,4472
d33910a236fa1ff912aaf9486a6bc94825fa3a18038189b9c30b23c1fec18ea6.apk,3949,5173,84,99,3865,5074
a5672bb7e7620e12f5bf60517c8ec695939ef68400b969b7f08b974fc7d7b256.apk,6333,9565,512,1043,5821,8522
c749945126439fe9112c407e669e3a54d28c8199a388b2a83fca65210d4f1e01.apk,22932,46053,5098,17307,17834,28746
b3a49ad9d2ce764fdbd4565276c440573c82a68570b83d1f28e681af258222b7.apk,3711,4814,220,395,3491,4419
b60be1a619ac1bbf0f4186a3d1b605730624766781a411e4e13a8af0ad8330da.apk,169,130,37,41,132,89
b003650f4d42639d1c3aa1eaf3f17bc9a7a20d53e40205d31b7c7bb356e818b3.apk,6314,9515,510,1027,5804,8488
a8498c2e62d675114f9cbcd4734f1c7b8107397361f07cb978ce4d52f1d10ae2.apk,570,1082,308,618,262,464
b5ef69f813ecbf1e6ce45ac5699a27a559589e969fcc6c03df89d98745ec9b03.apk,16088,23117,432,699,15656,22418
e5afcc4e05daa4587e6f16f5cda9e8c1757fe55ccf9faf4ef5e0b638bba903bf.apk,66419,148873,14736,43581,51683,105292
f54a7a081675a8ecd99ae97814c0abaa3f350a0a118e53f3f75c51fcb43984c1.apk,4069,9266,752,1820,3317,7446
d6c484c439fec863eb26615dbb62b6aed0c317ad56ab4a087f612abbbd29ed62.apk,174,183,71,84,103,99
c6f872e69794a2eb22d048521cef46c987515abcbf19ea0e82f38ee73bc578dd.apk,9257,12313,330,527,8927,11786
ab672ae3452ba5f5fa5f4522724df2f81fc41576a3815b6f70931b9f159395b4.apk,1596,3220,189,281,1407,2939
c311b114b91428987e61942342554200e83312befc166301a402e62992d3b95d.apk,69,73,69,73,0,0
c7bbff1bf8a6e53187c197a1cf614d15cc5d1cc5aa048b65bcf866cc9fb0b054.apk,4355,5822,114,176,4241,5646
e374d60b9ee8d0d47b430d66fae253477c0bbc0c033febfe24997babb174fcc6.apk,8720,11529,325,519,8395,11010
f55d0c4281197950cab4524120d73a197538424294526835a8a63dd5c39ea879.apk,570,1082,308,618,262,464
d486c8189c16ee0d80599c0c6e207915091c85e54aa6613d0ccadecc88907dd4.apk,16088,23117,432,699,15656,22418
b34aadf99cd2f2d719271a1fa3691ea79d3617fc18effb8469478fddac9d88be.apk,69,73,69,73,0,0
b4f7fa471fc6465cfbcee777a6760721c0e37e684323a51d13c607111e7fd171.apk,5079,11270,1898,4452,3181,6818
eee73308b8bd8e6134c1183f1a3b1f1577efb3d2e6c128601dd2f1baf77f0c53.apk,241,762,241,762,0,0
f1c20407fb42799666ddc56a1279cdfff5c6e7c80e498eb7d310b611a784bfa2.apk,4012,5354,84,99,3928,5255
b9c695e8c54b58da29086f6f1d2cd7f39c9ce9688d8d6522de4fabf4f9615711.apk,105,168,42,44,63,124
c2f42066382a9aa971a11075e92d65b3c9376108ae35fe8660a5988791e60932.apk,15706,22128,436,649,15270,21479
d0c1c63c48b5935a29b62b84491a13aacf7c05a1b0fb7bbf3a3d0fb26ef85f7a.apk,1611,3179,208,306,1403,2873
c45447a4f5fa323841ec27746742fa41afbba892e420f0546c022d6ca4bf3201.apk,26490,46387,1320,2988,25170,43399
c906c40d722b6e50ad1cedc7d6f96aa4c1b287b8ccea00fbbe00b75a3d315410.apk,3681,4751,186,312,3495,4439
dc525cae62a9af45fabdc55e1c145b1523d808e097baa955d03bc4a2881c658e.apk,77,80,77,80,0,0
d0323869afbb228a03cbb97bcd71ff26d50203c2005707a478f8274dc2ef980e.apk,16598,35682,2824,8944,13774,26738
fbeca75540ae997403a382596d966e3490c59a8186998712a337a45b92e97adb.apk,7307,14052,1098,2646,6209,11406
e8ad7fd20b23322fad24dae4c3e064d31ac2a62a0a1954dbeab036778ced15ed.apk,447,926,171,266,276,660
d576d08716cf12d6af2988ff188187bf4d1936dfcf32498840a329af1d8aaa32.apk,3267,7176,759,1797,2508,5379
d159f102a4affe133e5cb480cb48f0e72e1f305da88c708a556a21972c2b1876.apk,122,143,56,87,66,56
ac67a609ac7eee857baa1172c45d193a47a648ce6610c1a3e9dae6a7eda1057b.apk,11666,26306,2516,6966,9150,19340
cb986b5a36a73358ddfa4a5fbb2ba586756c934cef22452b2dbc6d878c7a7360.apk,12010,18930,1547,3650,10463,15280
fe223e30a97ba5543ad8d593bd6c3ce680da83038a6c1c1e7d70714dee24854a.apk,387,529,125,171,262,358
bfb4e30ad69bd9f5ed48bf7470849ee5d7e193052204b619f582648281e08dad.apk,6343,9593,514,1054,5829,8539
c4af09abdb011a1cefd7e63157e0854a17e99f074f66edf42b82b5488e44cb4b.apk,29399,53202,979,1616,28420,51586
e5c0b30bde924f1f690910f27d830bfa695818f4887a375323296f8a3d22c661.apk,39348,78570,4616,12574,34732,65996
b25da246e48c46c37eca75a3a5e7f2fb12e8ab581dfaf3c5866b82ceeffbc309.apk,1407,2723,761,1480,646,1243
c26b90dbc85dd8234c0ccd7835f87311af24726a8a536d51ec36a8b252028f32.apk,3759,4978,272,525,3487,4453
b4209e236c4d8ff0bbea76721cbfe0a6853957e9caa42d8bd4fd384c85159649.apk,177,279,127,231,50,48
d9f9a72cd80b01ebb8b387ed09b4b7336baa4c3c6130e78f0eaa775a0e9a6b03.apk,5628,7247,196,258,5432,6989
f6204f2018cb954a010711ee83d499f6d6a618084fd4635a3edcf5cac102a164.apk,376,711,245,488,131,223
d018a95d483263f9324f274430f924ff1329cb71d74ddf7f255da271a1a8ede0.apk,3759,4978,272,525,3487,4453
de7a56b1e0e25f3677e928bba6083b13056edd2038171e22df4248f466828771.apk,69,73,69,73,0,0
b2e6dddbf64c47e9b3a92453519cf4035b61670e7cb0b270e28fa5b86c69ecc0.apk,5532,7215,196,258,5336,6957
f20d99c28a8f3f40662ec8a75537311de8a0fc9f6c0c573e3f9dc68967905bc6.apk,3759,4978,272,525,3487,4453
dd312b7e5ecb06c3ca0366ff855ff26d9fa9fa60f8e546dca669ad373c6bf558.apk,9256,12313,330,527,8926,11786
bb73f6df44247a2be263561b7fba444ce7db065169066127d5fa422613b81463.apk,15706,22128,436,649,15270,21479
f4043d144c7f08c09a697bdb9ab7f190560365eda3dad1bc347ce00c566642f5.apk,5495,11453,277,445,5218,11008
bb660db93f1ff4f54027f09a684447e30977df6a9229a230f12ea7aa8f239ff2.apk,51723,105745,3642,8772,48081,96973
fc3ebc7eca700679d65e1ce2674677f305f83fac95c0f2b9a5b8f1b1a40dda86.apk,4656,6407,279,520,4377,5887
ca6dd511f254bdc9cfe3235b14604d0c44118cf8c6c8ecef6c0a31e7a44e23bb.apk,62866,135685,8118,23395,54748,112290
ade29a1a550a89f431ee80533828c011be4b01d6acf9a5f3aafd940a25e79cdd.apk,4003,5285,234,406,3769,4879
b87c55a288dc753b27177a62e58bab2260fca752106d8feec0ca4d9aa1f7b1bd.apk,77,80,77,80,0,0
a579d49d185b2a15504f41db4408a3e3269c7fc466aeb55ab4a2d479ed7ebd79.apk,6343,9593,514,1054,5829,8539
e91ac0d9b36999c9ec50e1121d847d63803229f44485f7036497eb5851859f5c.apk,2316,6521,578,1532,1738,4989
e3bc70463182e97fc39d05365fe03476f94243ce2f9eea94f883e488bd9c5a95.apk,69,73,69,73,0,0
b04f9eccce71f013e4f9f78966b4e2c2c20dd3ca89b22613a85ffdf4ba8c902f.apk,104,167,43,45,61,122
faa15ab88ce6e13a8e8fad0a0a9e311f3727711b75373a71aa32eb861ffcb49e.apk,8398,14049,338,579,8060,13470
ea24d0dddcf70b269f75be73c465929e8f3acd611074afce9c2c23dd77096cb2.apk,102,154,42,44,60,110
f52e55e008a035c317fe4a63388bfe30a49f5168031755de83174c90a5b0973a.apk,66419,148873,14736,43581,51683,105292
a8e0e93ffa16e0d996c5f92a4d5d4f059ab6b777cbd6f4fa660efb74fe70051b.apk,720,1234,183,389,537,845
b875885bd25cf624bb2facfc2f7a0915242dced1f7f27dea7829cb71ad6acda5.apk,5079,11270,1898,4452,3181,6818
cf2b4047a46edf557c717d9e0202e0e63c8c15608aa0b9edf499859b8a644f0c.apk,4656,6407,279,520,4377,5887
bd0220aceb7ee5de2f875e239100ccb17fe894a848a3bc0360143f0b9d03687f.apk,4029,5408,85,107,3944,5301
a9c8860c6e17da6bd466e5100a3859ce907b9182934d1097eeec48fa3a222e1b.apk,15706,22128,436,649,15270,21479
b461c5f60630c292c2a9232b172892d7cfc78758d83e7c9701d4689eeb08e92b.apk,1108,1951,242,429,866,1522
ae31d9b75b83a8a3b7b9693a87843d5b92078b21c5fc3ab75227ab4468b7e07e.apk,1108,2395,698,1609,410,786
a621500781e9df827a8cb9b5fb535dec5f10b6b1b103f3a7245b9d7834341d25.apk,8398,14049,338,579,8060,13470
a56a84c1721b7d44c3c1c4ffe9ced8d6dcfb54997868bc0fa74547bd52f5352b.apk,77,80,77,80,0,0
bcacb30008f6e33902faf1f541b41de8c72c7af2312ac593dccd829b7d9bb72f.apk,15706,22128,436,649,15270,21479
ddf1edc575ff36665c367556e8e603df0eebf4fd2a25219c72de6ae7905eb115.apk,6343,9593,514,1054,5829,8539
ed239cad24395df0c669a06acf79a75319b8a3b8f5b1a0cecd4f45bccb74158f.apk,8395,14042,338,579,8057,13463
a7cb6266d4ba4aeb80bb6f5fac99c7d87b009d2c770887f9d447a28dd1375d35.apk,12264,29769,4565,13996,7699,15773
b9ac59ab2583721f9e90fbaa5c6e9444361cde864a55a128a2ce8d8fb9edf25f.apk,9268,12322,337,536,8931,11786
d446eb3ecc3b2db82129c3280f20e0e02132633aca43cb24f3ca66a0a4c12e56.apk,4466,10387,858,2250,3608,8137
f7d67dac415926e8eca39bc24603b491e3e637df727bac75828e9961c68b1883.apk,1812,3503,282,566,1530,2937
f0ba3ee1e86ad1e82c7f8b5270c33dfb99b97e82b761dec554bd56e62c87da1c.apk,177,279,127,231,50,48
bcc9b33ff0c1c4ebc68e1c454161cf79eaf5a66a155d93aa309320c683f8240e.apk,39582,50306,3926,9940,35656,40366
a7a59f1acae7aaf83e4c4fe396fbc28e258263dc7311558cb5aa77ea94d31f0d.apk,126525,300267,30635,94593,95890,205674
e6939b3784f2e10032abd4e5ada25adc81f1afa7dd6887f1b577db88e0c27af2.apk,158,185,81,93,77,92
f398c9ea4007d297adc358d0c914685edc9613138edf55335f12b0b7a9a57b9a.apk,6314,9515,510,1027,5804,8488
fc0e4a9b2663b5dfc73fb6ce2a7648d8ca7a9a4ea88323b00907ec15b74bff51.apk,4742,6480,84,99,4658,6381
d25e95b8a1d1024ecb983c758e2993def46e5de5f73d50f4f7762e29a5755712.apk,7081,18282,2714,9470,4367,8812
b601a36edd43c763b5a718712af971e6d2513d6a53b1306ec662fb9f07fedba6.apk,3759,4978,272,525,3487,4453
bcafec5991117ed6e3bc2c079ef6238ece7f395682fb27fe76dbeb227a2f0b25.apk,4647,6386,248,472,4399,5914
d3fa8f410d546e30101821a6b8840c8014124bdfebffbd79abc3d97ecee25906.apk,3892,5104,232,456,3660,4648
af3804c862865dc80f6d40b74d9fb9cdf7e7667606e6bdeebcb3c0c613fccb0b.apk,382,629,154,249,228,380
ffa42983df2aa808efa76857aad293c616c22ba91524cb7a2bf7069214570e0d.apk,3236,3901,50,51,3186,3850
ba1677f3f5c70987756c231142a4083b1da6fb21e942f55ac6ef25f6927f62a1.apk,3759,4978,272,525,3487,4453
cf03a361a9223e597a43900392970801765521d25b1a3d1930c20c71127bff61.apk,91,94,91,94,0,0
ecf65257bf1f1e97e95ae390913ad2b95703ff23925a75e87b7f56bead7c6d1d.apk,1611,3179,203,301,1408,2878
f26742a9b25c10c834ae7cc4038c9d87df3cf9855e59487006897cba4d39becf.apk,168,273,129,236,39,37
ef0934e29ac2fd7fef8fc1202c4836b8d435de367c510025f6c7f7ab3f93cbfe.apk,15706,22128,436,649,15270,21479
cad9a5a4433820c3cd3f826f6d3ed8f0bce710659330b6217d77484572c909a8.apk,4003,5285,234,406,3769,4879
d8dc4841912cac517fac08e1a8cb417096ec3f752a676c1872f99233f8ddb0e7.apk,4742,6480,84,99,4658,6381
be45da68b5509c7057444bceae8d4858e529dd663cda09f893655d8161bfd9c8.apk,1066,1985,128,214,938,1771
f654ebbebe1959aa06aae626d60336f71ef2585d855ac818c674b9f6017b0f94.apk,650,1106,206,460,444,646
f5a7566c1b29f5c34d6fe5445004ff98e172bc2ff15efff1231a5b7e5516aaf3.apk,3688,4770,186,312,3502,4458
a78825b51f92a6a5ae0edfc7e91cc232e249e225d7f578763bd2007d68b3be01.apk,1453,2574,1453,2574,0,0
e48e2575dd5fea65864e4948b29e9c2d6948c27b461a83754c44641a23694f7e.apk,3759,4978,272,525,3487,4453
c01e54bfe7e6f90227158516d49796abd83bc6dbbca6f4dbd8d17a02a7b1f822.apk,15706,22128,436,649,15270,21479
e71c43cdee8d31730947af74386ac596a7fee38df2a6827d3e0c3a48566e47c2.apk,15706,22128,436,649,15270,21479
dfacbfd9324830c9a5837176db5280a6dce8fe68cfad28c8066563192929b09f.apk,1682,3040,36,35,1646,3005
f750c9f92680a80fcd7cb8660488580ff1557b60042b7e4209ca40705e6a3af1.apk,4647,6386,248,472,4399,5914
e8869bcf65f380cc49973893ee50e845aabb8012e1bcae3673f6c5456d51c9d5.apk,9593,16380,321,654,9272,15726
e1c98250f4430bf9299f569aeeffa6b88d024f624400d3578486d28537dc1cef.apk,66419,148873,14736,43581,51683,105292
b579dae003b84c57354932021f9c374cec63e752093a2bc2b5d0ac237cbef97b.apk,6343,9593,514,1054,5829,8539
c223c5bc23e3dc85b45fc40c0f8b0f6352b2ba5c65f38182c640bdec8ffffe14.apk,3949,5173,84,99,3865,5074
aa78520d03396266ebc0e8021d9f7445a3ce000890f5786f24ca83952d54766c.apk,570,1082,308,618,262,464
eb4781f1e0a9038b3a5869060354bdd428fbe6149d266f782bb1b751d521772e.apk,91,94,91,94,0,0
aa5fdb3d82824b3112665041cf61488722bf7b242a0518528cfb238e0e681bbd.apk,873,1509,479,927,394,582
c140aa8bc96b340d6d3eaa018dd16211d7af53a3ca66f2798ac36a947b80800d.apk,69,73,69,73,0,0
c344287cd503b16efff90c30839b5a3beec016b41de77d3ffc687570a3b78249.apk,1108,2395,698,1609,410,786
ce88455c0a4b69278fe480c106a6482ed295df90a516bb95dea4269febd0e997.apk,3421,7711,277,439,3144,7272
f1bdbe006a90cfef4552a27b0d5cd356b91ed7c11ca4f3ff3adfef6ee61898c5.apk,37279,67970,5336,11451,31943,56519
e0688eadd09333ffcaf0cc18bd34dd05eea0c3afd5368397a723ae2b663727fe.apk,104,150,34,33,70,117
ec46bb1d8724eec2690453316823be15847281af599aa3bdcab9b403c9a480f5.apk,9285,15879,1279,3266,8006,12613
d9330752cb5fa3b621e1213b5c597aeb91edbb37179fc548dcb47aa6a6609fb5.apk,15706,22128,436,649,15270,21479
e54208c739e86975334ba82db05e2ab29aa8f89cfbb1f9e9a9d8c7cde1e544ea.apk,4029,5408,85,107,3944,5301
cbc931b660530e239b2a50e5383c76ae29f5551e23bac49f8da6e1f6d6c1f6ea.apk,387,529,125,171,262,358
a6598d8086a2d755deb138caf04ec6d3069a050ecd44c3f4219de72fe466fdfd.apk,867,1358,472,828,395,530
e70d6b486c2e1c9da3d377056105a0c4096cd0a9ef528a43f899f7108177a1b0.apk,3759,4978,272,525,3487,4453
df26e1e869414fbc1e1a1d07f6dc3a94b337b502d4c428cb47c0f6428945dc0f.apk,376,711,245,488,131,223
bf08221b1d1ed470605b456534cce13ff8d314d06dca93153440ea20071e0afd.apk,4830,7985,547,1198,4283,6787
d9f87cdf0cff5a91b9a512bcb0a06350af966c5537e81ffc4e118a8aefd44b7c.apk,6332,9556,497,1011,5835,8545
eac476b5b6a67e0b9f71793d4ab7da7a929221665af9a90f336f49610300bc2d.apk,4078,9279,752,1820,3326,7459
be09d40cd9409cf6cde7a530211baac18791147b00b175abea8dda5b5d32c50c.apk,3605,4537,129,182,3476,4355
f909bfd32ba3c007c4859258ec81bd706cd80ccc928ed195b351de4980b58c83.apk,3759,4978,272,525,3487,4453
e9f88a79d8ad0d27230e80feead78c163ab3830c4623a4c56ba1a10afbeab092.apk,177,279,127,231,50,48
e2d1e1e85122ad3ac320d33f23369e636f42e72ed28f59b2032f4957d14607b3.apk,4536,9118,4536,9118,0,0
f927529a8c82d8b7aae86272584db49917f1c8c289dc5cf440d59276b5ad6d4c.apk,308,361,103,145,205,216
f7265260b5dc67f965ae28a4ce54dff64583a8394f408a10a25d0e748942e5c4.apk,24035,56420,2817,6688,21218,49732
ea0287e1a4dc4d626d182576960b198a01e2e69e7a08699f2e2b06557ee243cc.apk,203,293,106,168,97,125
fb4350db4bfce9ed740079218c39dd25b00623754c5c02b5eead069daba2628c.apk,9725,12805,887,1372,8838,11433
bb75eea978a94152cb9faa493cc9c9ae4aa94c9f170485eb4f95e48368c5c7be.apk,15706,22128,436,649,15270,21479
bdb3e2d5ddde08358dcac54a77295da665fa9a876115443702057014b0c1d996.apk,3236,3901,50,51,3186,3850
c6ce0e3d0f27e01f19c6fa348f4457891dd3fff8a9136e4c9d49ef35d4da28e7.apk,4742,6483,84,99,4658,6384
e7beae74e03701ac199503863f01b6da2745d9e0abc33e5fdf46c0b581178587.apk,1108,2395,698,1609,410,786
cf3bb1df9e5bfe617690e8a39d789c083d83ab634693efe2998f7a6f15a19185.apk,39264,72641,1741,3547,37523,69094
d6481456403df8f15d7d0b64c03c136b1ff5e41dd779871649d3c47b30701c67.apk,3688,4770,186,312,3502,4458
ae32034c30d21186c2945cc9077d9a4eb4750b29a84815ef8935f21cb9cfdb7f.apk,2343,9087,1357,6266,986,2821
b108f24c99e3ab924c05722181bea2db3feb0d6a4889fb30158cf5b14885c0c7.apk,382,629,154,249,228,380
d10592cdccd09c764e4ad1470a7e0b81b9e9071b1280b349691b1a96ac04c325.apk,69,73,69,73,0,0
e2294d2165320f5271381ef97d6ba6dce4b05fcc8dd8ee7d95768767a587d8bb.apk,77,80,77,80,0,0
a758f6355db74022e02bfe984e4bd9e58323f8000d838476c03a047047b5daa8.apk,3759,4978,272,525,3487,4453
a4dfb883171e81888373ab89c4110a9287a7835c17dabf77cc6e30e93a415990.apk,16504,39909,3244,7731,13260,32178
e4d65c43aeff2ced0258c39d57d80a24ee6fa9d2ccf845ca1a8c887e58ce5b96.apk,183,233,59,64,124,169
c89f0456c8ff08e09345be2291db699b56c0e6a6a4b5291fe4117180c3bcf8b0.apk,105,154,37,36,68,118
d611c453d0042108d8a4ab18e61296c6f69f9ecdca7b3871d889a5dc3eaa0e93.apk,3711,4814,220,395,3491,4419
bf9ac47087c1c33a6bb3612ff8bc42b328b0fe07ff225a014a63e00dd624f519.apk,6314,9515,510,1027,5804,8488
b517669b5da55c877d66de41d54bf379ceac9ec6a1fc1380d9695de3fa63ebbd.apk,6332,9556,497,1011,5835,8545
f3593f202e6e4b45720a4fe43104d52d34c9b23410d6b1f9b8935a83ee0e2a1d.apk,8720,11529,325,519,8395,11010
fdf4e0b1cbad6da66c424d6d7d49d98c214a7a24c79685b6475062fc482b5926.apk,722,1246,189,401,533,845
dcbe47d5c28f11b209651fb73cb6829f6f618128fc4f65c58ed2d25ecf5ba586.apk,3759,4978,272,525,3487,4453
d4e175044db1aa49fa7df986689de46a1546a19968a4d40d27102b609fd62375.apk,8720,11529,325,519,8395,11010
afac33ec7ede92d1d6509791cc74df441df278a396e7798394e73540e64ee3df.apk,1595,3230,187,277,1408,2953
d8c0c5890fa66a7adb1c0c1c3b303db57b87e51c460cc03b3edb9235361dc857.apk,9593,16380,321,654,9272,15726
bc0d198e2fd2c739c3fed17cee03330a0cbe2ecb38cbbc275e0cf822146b81c3.apk,3937,5160,84,99,3853,5061
f7c74819b6ebfde11e16372cff444736a150b7f0e6094d21292bdc17523d0be1.apk,8410,14082,337,578,8073,13504
a878277296d8c9cce978d4e0a2d6bb7cde8584b7dd101c3d3b84e7e8b3c7c0fd.apk,8395,14042,338,579,8057,13463
fb1bc320b49851a716eb09f95b7e8a4f4128f4b5fb6cda44fc93504362022e1a.apk,301,487,158,304,143,183
d9199408d99ed5709d2a3effa1bdbd2004f216d44fb4d5dc4c78ea01e5657497.apk,3759,4978,272,525,3487,4453
c4710efb6a5724652ebcb755cb2526c5f181dbb9e96232be4143f9076acf9444.apk,449,922,171,266,278,656
aa96464ee4b6b54304e145e651266ef299765813e412414b8b4e5390d00634c5.apk,6343,9593,514,1054,5829,8539
a731cbc3a6f6dcf384030219f459763cf8e4d1f52b141dcf867125a59cf95b06.apk,4319,9773,805,1986,3514,7787
fb69399e556490883b0a51069d77b02e200f5e4d43aa153ed28333b8a4504510.apk,6314,9515,510,1027,5804,8488
ae2ab86df0a3aac49e1c699533bfbf160fb8dc633f7dc0d0ee6d04679bfc5df6.apk,3671,4737,186,312,3485,4425
a8f14e272dd9aad5293222efb5ac5d37cd8d53d6bc50d3c390d8a08880c048e9.apk,3759,4978,272,525,3487,4453
e30774b18c216c309539382a0fdeb14d4690827446b69180a758da019d9b04a6.apk,8178,10331,225,338,7953,9993
f639d48465eed2b7d53ee15a7e263abed6b07fc6da1f631e0c8bdc56700b387c.apk,15706,22128,436,649,15270,21479
e09f58f327f4642d5d78162f4b446eac3fb22333fac1572f03bebc825677ec0a.apk,3894,5074,269,522,3625,4552
ab4c6084c2acbd3fb942f636b5103c975d3796ce0c8113e73b6faf4f27356b42.apk,69,73,69,73,0,0
fc20d8ce4231a21a3cf3981c8049893a3e60fcc1d2bfc5e56a903038eca0c188.apk,15706,22128,436,649,15270,21479
c795ceabbb1c47a52390c29a1c542fad3a82e8409c5919b45f2ef135f0fc9f74.apk,1443,2338,143,256,1300,2082
fc5103faea9348f1ffc356571a1f24bd6f850e96d70f78884c465983d3c4b378.apk,6343,9593,514,1054,5829,8539
bdf2ed9114d661b7d143db8202f76b74a6788cd564774dd6b53d19ed638dc3b4.apk,868,1386,473,855,395,531
aa5c6144f7b3df823f17d5fad6373986e4205e0e858a8cb4771cba20bd825521.apk,3759,4978,272,525,3487,4453
a8f8580ac1b1287e932c745e682f33778cc5766e6e3b45f7144947518566f9c6.apk,310,515,138,212,172,303
af11774c7f57612fbf24af08e041815dd9da9bd5c448eafee8d376602867f8c8.apk,12264,29769,4565,13996,7699,15773
de8dabe435850a128a5bb0675d8e553d2560e8bcf4f571ee6af11c0445220f94.apk,6343,9593,514,1054,5829,8539
f2a5a7671c8b785f159f9dde20c868d78bd2e1f770e15d4f3737d64c2e23a8e6.apk,1592,3146,195,287,1397,2859
f9a9cdacfab00f2112dc8e18a09e354bae6815225c42f734774411cae8882afb.apk,16088,23117,432,699,15656,22418
ed4011e0b3a156689fe14ef5e62a46049fc1885ef92cfced1c5241b42fb69664.apk,3759,4978,272,525,3487,4453
ad0d2022de6fed7505a32001ef9b8a3270019bb97ba9d86f47fe9e1eae87b4ea.apk,168,273,129,236,39,37
adde9f6b1d12080a8a53570f2d43e220c698bd25e7239f62d56cfdc71a2b3272.apk,8612,11608,319,667,8293,10941
b1b5f4f9bf8036e0ea3435531888f2f4acfeb8de4514a294160790cb8eab0494.apk,450,933,172,267,278,666
f36f65bb1b16632a6643584aac9b7c62ff987f2915b177bc1067f618a605255b.apk,3688,4770,186,312,3502,4458
aed833c5a7f012952e8768b8b121a6a806be1e384fa881a7b13dca3e231bfc4b.apk,4006,5183,84,99,3922,5084
b4bef0f8639f84b9e482ba7ad3546b297518371bb2bcc388eaba3d77ff02bf5a.apk,69,73,69,73,0,0
bdad0887e96f6371a02f1f4c3635b93e0ec1dc5036e40999504c78d1622a82b3.apk,3236,3901,50,51,3186,3850
f7c4c42df6720a884615ee1895d51c1b65d5dbdf457715e11e3c9b5d2a4f7a3e.apk,476,787,266,451,210,336
d91b9e71b01460207b2275e5bc6cf6f8b91e3963b6f837fec3ae6e98725866ba.apk,10772,23148,1849,4753,8923,18395
affcbf8839554fffc9ea4af42bb157c212d94886747b07063ba9fded69317b60.apk,11017,14463,320,471,10697,13992
b17bd46dab6d9e46a0b8534e3517a45ffd2a180992b7063bf894ac3d4d9b17af.apk,9257,12313,330,527,8927,11786
ff82cc0c97dc6588f4b26533c0fa8a88752f6795b6d51fff38fdeb85c82f2051.apk,430,598,131,178,299,420
cff19e2a5a829c9b68d538366b6538e3604a8bfd25b8143a3f05dbb1017d1d06.apk,69,73,69,73,0,0
e69ef2719199e1833cb5ce256665e19bc15fc77fd30c53123f54c20c3ab86549.apk,69,73,69,73,0,0
e793cce41aacc97638d364133460594c1173d62675fa98fedfddade9c407c69a.apk,2155,3916,153,248,2002,3668
f955afddcdb6923c96f970bf4b7fada7b6f0557a9bd16f8e3b442bfdec875d98.apk,6273,9684,398,782,5875,8902
e3e6909381383d2492ad46dc0414fe03751a7196d743621660edde5f90ca9eb6.apk,447,926,171,266,276,660
b4c0482cfe4fcb449b34c3244e24a131d907936b330aa34e77fe96e134e80f40.apk,6343,9593,514,1054,5829,8539
e5788c78f97ae53c33bd68f9f4cb6284709d0a52b3d95cdfeea53f7bc7afafbb.apk,177,279,127,231,50,48
a9d9c09f62e3d302debc0a43a78b423f64baf65afa70cf61cf1ac63f41ea7a5e.apk,4029,5408,85,107,3944,5301
dff1b300797b3a2d561683db35b4d05ee90e20186e64db412f565959d02c4aaa.apk,387,529,125,171,262,358
c33ca3486e92c2f769e127205195eed17c5b5a30c0292089589e93918f02e6f2.apk,4468,10385,859,2251,3609,8134
d3ab39ff8fd31b65a37875224808f05a43111cb4aa16d1002146df7b8465fa7f.apk,6048,16052,685,1990,5363,14062
e3c215679d06eaea8508b7712dbfd2195131f70734bc3fa38aaaa85cfd5003ed.apk,4012,5354,84,99,3928,5255
b656f2533aa6a9f42269dc58c0e411bce3bd94ba9642f245fef11276a5a17040.apk,86,83,86,83,0,0
b165e3d5ce7314087f2de4415201ba6a82a2791afa00e2a7969a649bd278397f.apk,69,73,69,73,0,0
bbd4d747415ca54c015e48534671beef6c4a091160757ed7bb93da143c05bf32.apk,91,94,91,94,0,0
aa7d954bc5c745883169a27ea12025b6de3830cff8879ca160913479d261969c.apk,77,80,77,80,0,0
b14d79173913cc97fdd518710eee0d18b7ccd24c7a8c5dc4bc078e67044e53a5.apk,91,94,91,94,0,0
d1893269fde074acf282a7317f98e35009399bcb96c795c0ddc455b8358e8243.apk,452,939,171,266,281,673
fa5016a1dcd7b5e067239ad401de959285b02d818fd9c34deeaddaceed750b21.apk,69,73,69,73,0,0
cb808905980ade6b5d3f439b37abe3595c1acb86c767fc411658ad35ec87758d.apk,6314,9515,510,1027,5804,8488
c88a7e0e35107fc41b419ee2f2b3c33794ececd4d6dcc3a1c5b075c330bc8743.apk,3759,4978,272,525,3487,4453
f437c5202545302ef4526651b69016f5ea074294de19ff7dba2df1421b4b4cac.apk,430,598,131,178,299,420
af8c10ee025938e737047c8893ea9549c4388fa5951cd60ceffe13a4845610c2.apk,3653,4682,154,278,3499,4404
fdb9d02015f27cf0b56b8b27c47244672c1cfef0ae7a897de34869e1d247af46.apk,2155,3916,153,248,2002,3668
eb705f2fb19a8f0bfc3f002e04ad11bbbd8a45e6b7a387807e9ad1a4cac9de8e.apk,3815,9726,1219,3294,2596,6432
e7b0d5ccf675ec020a3d1ed6dbb243b33803a5573064f1d5d8234c046465dd7c.apk,183,233,59,64,124,169
e244f5e7a86cce4a8266750705946d0a59fcfb2631b6abb29304ca62ead5e314.apk,6332,9556,497,1011,5835,8545
e1676665ef01bd27d54956e3ed7bd1ef238af4b6b1bfac9152e3b567053b8d45.apk,77,80,77,80,0,0
bcc2558789e70fccfc226fafa7621c1407cdd524a4e95e29b22a0b47a9814735.apk,69,73,69,73,0,0
ce468e123d9ed52b7cd912ab764e182cbe13fa12048c952f5e8518770743dc49.apk,1288,2413,648,1427,640,986
c5f40861342f3da4b1fba32c4cbd0c156b0433e20f8378951b829e0804fd5816.apk,23197,43318,5413,10454,17784,32864
f6586b048b52e336acbf43b0da3e9213ff0ee936f94b55b87bed0dc3239d7438.apk,339,539,240,402,99,137
b663d2d5debabdaf47f8d909cb52f07711826284915da5db8def37fd59686aec.apk,1443,2336,142,255,1301,2081
dcde2af2848872e304547f807bd71914c587d5f2f41ce9cba1c283fad2e7f409.apk,3759,4978,272,525,3487,4453
e0c72db5c144e4a44f2619c46c2b4023e7c995fb0ded1c16fd8b97a9b594c56f.apk,177,279,127,231,50,48
ff21b2149e5f4e915bbf3f94ddd12555f2a8dd8f5ec0a666410c6eb7c87513c4.apk,6332,9556,497,1011,5835,8545
bad4c6e4ed585341ede657afdd3908b96e559a3f01d274d4d68d133e3f681188.apk,16088,23117,432,699,15656,22418
baf4b211a6dd8dfa2a41ae79fa8615cfa821be8512ee2b1dd657f8ea8f8063ee.apk,1683,3061,36,35,1647,3026
f2f1cd6b39754d4b626c3b68e9887a4460731601ad7b5de5a115fe2da6502e53.apk,2625,5880,731,1983,1894,3897
aead3fdd51e48a0bee9c4ccd14563626b2d3786f13574485e0900c2d0170f4ba.apk,64,57,64,57,0,0
e932c8efd70043a8d277314981c0d0ca4100de6dc4b00fea0fb78206f5ff54ee.apk,31436,86022,10445,39691,20991,46331
fde34b49bb2789037b5bd7b24ce7ad6280b6781e66bd9880b0348724973705b2.apk,9256,12313,330,527,8926,11786
fc6dda01c514d21e0923fe72e8126eca5985be170cb51d8332f951d6a530e1f6.apk,31436,86022,10445,39691,20991,46331
d3c47460d5d10dfeae47452c0b17c138a8002e699e017918a46de91c24ff9c41.apk,9257,12313,330,527,8927,11786
b313834baca572180ebb3ef2a0827ef90a0a1c26f55cf56f1e55ad13839ed100.apk,21698,58221,6236,21038,15462,37183
cfd702e40598a2449c7c14df1c8890eced0add45e8774f93b9d5c1b2260761e2.apk,9268,12322,337,536,8931,11786
f2361986785f3448aed57ddd06aca3af6771a329e5b93427743fc335b7a18aa6.apk,14843,26727,539,974,14304,25753
f868f0fea917be336b2c593455902afa214d73ad9544ff97c1d7d5afc876e1a5.apk,16088,23117,432,699,15656,22418
fe20938fedd205ea41f8a817516344adec34e05ba2fbc5d7043427605e865af2.apk,4012,5354,84,99,3928,5255
db38b62e5e20eda7e1459c1bc6136d75884d7021bc16c06356bbbe81d043705d.apk,874,1546,480,965,394,581
c2a184803fdf946bc4bb8fd60b4f96901cd59a23f3ba9031428712d9fa99662b.apk,177,279,127,231,50,48
d55e80654f49eae9f57bebfbb2b0abe5ce98bdd486dca270868c8fd2cbc7abdd.apk,387,529,125,171,262,358
b233044b73fb66efef90addf11dc155ff171cf5d47055de8af9cb7653d79c833.apk,3937,5160,84,99,3853,5061
cc80ff2950ecb590de097479af0daaa6d5ee3cac37a47559606802e7d052eaff.apk,116,158,116,158,0,0
df1db0daa386460126b1b32ced70d24303d3b8fa8df5569269ba64339d211c19.apk,77,80,77,80,0,0
de4bf62ea236c0a748b1dde12f97a4f57ff509c1188c1c496d364a59ebdb897c.apk,4656,6407,279,520,4377,5887
bba57b87344ed3fb0cb12eafc38dddc14daa473c66b25ae2952a9e82b9732c7f.apk,3820,5055,233,444,3587,4611
ee7b28595070f2a5a6d5d0815bcd6eb7663241933153a1e067d325da116bb1ad.apk,3759,4978,272,525,3487,4453
b6e5f94ded8a98d9f36e1d9de04a016116f53f3942b4e9d1d27250112884425f.apk,105,168,42,44,63,124
e4da622b6e7ad087d20f286c145796f015a0ba2ae24ca9d520b5b8c83026dc8e.apk,4655,6403,279,518,4376,5885
c1cec4f28a75a7546883966d983757526af6c7800e46da32738b86d453966a75.apk,69,73,69,73,0,0
f655856330c41bdf3d5e4ca09b5a0c0207afaf108a7c1d8c784d9904eece7856.apk,4647,6386,248,472,4399,5914
b0963560ec5b43f752b7c5e5fca18490c2b9df0c87f2587939fe56d611e91b89.apk,3759,4978,272,525,3487,4453
f10d8a498f5197b3b3cd38e03ef900e6265d3beff1254b1d9de98bf8c3d3098d.apk,77,80,77,80,0,0
d0d288da2f09a750440f2605eddd7975ff930179bef2bac8d83483b530421e72.apk,15706,22128,436,649,15270,21479
f235a0f33ec66812ddfadf43239004b4a563c1dde111f882154b8cdc987aac5d.apk,16088,23117,432,699,15656,22418
aa509bd30532c728c29d6f7c1a57a5d0bdef18d5e58f8645dea32a46da840181.apk,14582,27652,2398,8275,12184,19377
c5b5a479bd0ce8310a0ace828da2a3152f0462156b4c17ce82ee80630c77519a.apk,6343,9593,514,1054,5829,8539
b83ab5063007fe4382ea9b863f4cc734a3664a0899dbebf3eb11cb372d6f61fc.apk,113,223,47,72,66,151
ba0117527417f8b0338ec4f3e575f3fb7dc32cce0ab5c01cb12e1c5b23f3a1cf.apk,2188,4731,908,2193,1280,2538
dd5ff45928303c68c87ec53a00783a20023061859bbaea7e0d0a5257f84d886d.apk,27761,50105,4220,10905,23541,39200
b2eef84aecedd01940b4ed231995bd099bce5d5fa10fb26f0f0cbbdaa6f536c2.apk,77,80,77,80,0,0
d0fa7bd87bea4bdedce7abe61a28569032b779327a8bae2d992dbdf0d632d0fd.apk,1433,2285,245,397,1188,1888
c0478535bb62cfcd888e65dbd978da637fe5ebcf10b8f5c63fbefd73183cac21.apk,2155,3916,153,248,2002,3668
a9e09712bf6a67e2b8f5f4c855e897563a84b706015b3692f908828461368333.apk,12264,29769,4565,13996,7699,15773
e80346351e6443d0a47c3f5e7cf64f3f9014e948996b8db867edff20d9807b48.apk,9258,12314,333,530,8925,11784
eb7b445a1348056e4d66a4daab00338dd5bd206a188cc7f5e8f1fb2d1f5f791b.apk,3471,8224,871,2000,2600,6224
ae68e80a923131dd3db88c8bfac71e09d810572d5c013debec29e94ae3e469da.apk,570,1082,308,618,262,464
db632d5b1951182a32b927ddd2200c1aad8a85d68644ae5b759fd7d334b16fff.apk,6332,9556,497,1011,5835,8545
d98cc63f4c093918c63b6488c10daa9d34b9aac8a5de50a51ad2b5eecedc1cbf.apk,8500,15895,1177,3968,7323,11927
bcd07a5ad7c08f8526a7a04fa49ba5f7e7d77198f75c71a20728e14a323a28ad.apk,1439,2323,142,255,1297,2068
c9363a6b9772599dafb1234de7c4224e30b75228105ff5358f13db8d4f6779de.apk,4069,9266,752,1820,3317,7446
f3979afd68fcc0c47de67986d65556bf1bb8043569ad1e70939ae9dae8df7f03.apk,3937,5160,84,99,3853,5061
b66f5f0163577773f80e5f7b79f66432cdb37d66f743e8ef5f581921c83784a4.apk,170,279,129,236,41,43
e4e55fdf74fde98b815ceac7b182defb4a6b30b12224186b0d34555bfe9ec1c1.apk,3937,5160,84,99,3853,5061
fa906eb95d67ec4529ee28f1de518694b1d9863e7aee8797df5e61635d600772.apk,6192,9455,381,669,5811,8786
af5f7c4bb88c8a9a7441ef1407c198326999350c324c40ab3d36b3b7dccc4a18.apk,387,529,125,171,262,358
b3b5be98ee83a514bb0e1fc17f22065ed7d77223acb6f58f5938b1af77099d85.apk,3759,4978,272,525,3487,4453
d71d7680ad9e75f3f65e52ae47ce9f646eb77108f5dca5b5ecb9281be07f18f8.apk,9256,12313,330,527,8926,11786
cb0d3874542531672a374f9d5977ebeda1841c7666308652cf8cbca4f57e19e7.apk,3155,10936,302,908,2853,10028
f78396693c674f8db42d34310040414838486d3b1fd5e9e17c81cb1c71da249c.apk,6314,9515,510,1027,5804,8488
f83692aa912ce4212df7aae33713d8c512192147b0466aa675ad36367f9d35d9.apk,144,183,57,67,87,116
ed9fbccac6b25717e1a5d9749cd4f5595e5212460a56fcd21220083cc4167008.apk,104,150,34,33,70,117
c8b514840b4422856da50bfa6f2439ddde7264cee4a6262cdfab27fc460f9f4e.apk,91,94,91,94,0,0
b2400bd3b24c8316c550810f8ee95225699849e1f0048940a09aad40bbe0203d.apk,3759,4978,272,525,3487,4453
ae8693704b3758c5fe4edd373522952050903d4fa4e0a8ae60b76a3101665621.apk,170,279,129,236,41,43
fb8ca3bee05e6e31ca0dd04004364d28be4f7f2cbde815cc2e8b69860613cf53.apk,3937,5160,84,99,3853,5061
d96e99244c5223f5d4ead0621fce4f1197f4865dd990ce0aab0bde793430bf16.apk,6314,9515,510,1027,5804,8488
ecfe433a5527b3e0e520f9f2426637a7b7bc08a6293b97225afc39a4b195489b.apk,167,271,113,205,54,66
b4fc6775ddb6dc688b359116eabd16557cc55652ce28d50cfac6504191dd297c.apk,3721,4885,321,533,3400,4352
bbe11ed961c53437f49d48ff66f9ada9e56d4ec45514639379169fa861df4987.apk,3759,4978,272,525,3487,4453
be8d3e020d6660b032d875bd64ab45f6451fe5605016fe6671b28fe6a2106f4a.apk,6314,9515,510,1027,5804,8488
da0e1f8e865917a813ed7ac0fb6497696c1f98c5a7ca9944421666014bf03702.apk,628,1166,324,560,304,606
b7e9c4998e52657b7dde6bb5e191af873a2443f2a2e908a7bc531436bcfb67a8.apk,4647,6386,248,472,4399,5914
e792d7fd07ee88e97b2c90391dcd6695fafa66131e0fab731842e75b51e0537f.apk,3155,10936,302,908,2853,10028
ff7e44251d85d776f0036085641ef95cb3db603c74f8741498b97a73c2af3626.apk,450,933,172,267,278,666
aca4e3462d77f228b556c56f59ba79c0070b4115357925f4833ce0480c3d9651.apk,4589,7030,185,249,4404,6781
f2ffc7fe918b442d13024f0843c713e0f3a7d0c41b030a9010225d13a62dd0bd.apk,3652,9631,1459,3348,2193,6283
e90f1b6119de634b1057d277367e837c1ba466e7a3940ff090b9398b8d9c3f81.apk,6314,9515,510,1027,5804,8488
a6ed2dd48d28b48320919a11ebeb086760143d43b6be4ea3f520b9dd9866c4d6.apk,6332,9556,497,1011,5835,8545
da61999331d0ff7e8f05e8693c186b41075aaa9ef24b35b396eb5c1c004e979f.apk,9266,12320,337,536,8929,11784
b63709cc6ee50b78e482769363ad1dfbba8391d8752784dd6d884360b3ce570b.apk,6343,9593,514,1054,5829,8539
e72d05bf7c784c34283abcce2323a637702181e600c4b404fb3a35073543a6b5.apk,6327,9571,504,1031,5823,8540
c564da9a7a06dd09fb9fbb244706c9e2cd7f4711db64825d4cba271ba1903d67.apk,392,622,256,431,136,191
fcdb6db3d8e8f66284d44f644bf22978881b64f73fa20b8c2a58fdbfc5c691e2.apk,9194,16233,1572,2638,7622,13595
cb623863e34f34b76f05be865baad28c2a679f0fbbd81fec58d151899abb9474.apk,433,685,153,248,280,437
fd90d036cb50afb4abed9e5159dec52a6c9b3486e864dd047dfed19875952c02.apk,4463,10382,859,2252,3604,8130
d5928a3c9bf517daf7f96dd49024d2fe3c243551dc256ed4bb07763ce68bd806.apk,7457,11943,389,670,7068,11273
f683715e78ba1c039707fe674ab6b68bfe734c0d53ba9c97f1fc489b6081c75f.apk,4647,6386,248,472,4399,5914
dcd087611eb2cb3b7256a09517834b5f9b641876b6a05e54b3649ffb9b210292.apk,1533,3407,349,782,1184,2625
e64f8186aabe7fae7654a1ba0345877b50989c328f625c328046bb27b93136f7.apk,4087,9322,762,1834,3325,7488
db7908c2d948690133ab4f62e406612f9d797d5f583dd9ff9f27d6326362e26b.apk,45305,111410,7143,24672,38162,86738
e199e67853336dc34cf0febb91a477d8e9ef0a72f341051f707fe0cb5bad4057.apk,3671,4737,186,312,3485,4425
b3840c8551086ea17d504a61f32b551266b3aeaef1148f45d5959caf0578cfb1.apk,1586,3140,189,281,1397,2859
e8f99da6ab478e7aaada8f88e03894dd9f9618e1ae70c4778afd5c30f51b7239.apk,6205,9589,384,758,5821,8831
a93d30ad87369efebf9ec2750d03588829675b13eaff9a5ccb6ddf0e464935b3.apk,308,480,210,339,98,141
b26d3e64ab6fa9e40803f0a9b2142771a84f5a1945ae4bcfc20ad47275a93c4e.apk,1266,2619,316,543,950,2076
f4b9d0fbde6e33f835e2f59a2a53e1795648de6850404fceb72e6896cf8a529b.apk,18550,37052,4802,12660,13748,24392
ce6a528b31e98dbcc1bd16b4ce0ab992851fbb213c9cea6a274f70165f5a0549.apk,1108,2395,698,1609,410,786
dab431747eb25a273160fbc07f0f31c3962ce54e4761e8ac729fd20954c59349.apk,9593,16380,321,654,9272,15726
f2540dd69ce8d1b9cf6a780923b197bd3fc2db8ab283fa0258fe2edeba82509a.apk,102,154,42,44,60,110
ce967913ccd77db6c7c15e03c91acf73b9e1d79c1e36f781dd35fcdb322989bd.apk,58,51,58,51,0,0
c98e8078c1542e5f30813db4046d309aa11539dfc63f7949e74c65739603a579.apk,6247,10182,1418,2824,4829,7358
bf0d636424e46006a534bec66301d5977187ec513a919b80801572249292af1c.apk,77,80,77,80,0,0
c3ab7f5980668985e1ed64e06d8e41528bcef1791e70fff198f75bd69b97410d.apk,6343,9593,514,1054,5829,8539
ef3e325827e64eb47065ec89e66c737b07328988f7c9fb15b1ffaa1c81b7aedb.apk,3949,5173,84,99,3865,5074
dfbb39fa305c9f61b735310953963c0818922415f43426203dc08326f0594c4f.apk,3759,4978,272,525,3487,4453
e6fdb4d8ecded894e7381ef25199c1d6e5f5d96533e0c7b8b24f802978de3049.apk,4012,5354,84,99,3928,5255
eb267a82e0890e8814c0e6bd04eac26f96028f305801a3dee02a7805bad8b014.apk,387,529,125,171,262,358
de1b0aa952e246de86aca32e183fe129254f62d2020a8194be5c19992c307948.apk,66419,148873,14736,43581,51683,105292
d10a691c1642d40eea40b6038ac961006a68f57dddd46bdf322a842ef459bd05.apk,12747,21122,1539,3932,11208,17190
d2763c142be91b3b630dde491a78c0ba631c900fb1919e999192a469634c8fd8.apk,148,166,68,79,80,87
ac14c4e7273610cd9019a983ddf0a10393a54d2318183285937c15cbabf0421a.apk,16088,23117,432,699,15656,22418
bcdea3c394af36b243b6f5105e2dab2c338ccb16b5fc40842d29753b9a532982.apk,8924,17023,1969,3412,6955,13611
ca88ffbf51018c20d47997ba51ddf00beeae60568acbc84ce5c9d1e6ff419d78.apk,3689,4773,185,314,3504,4459
c83cd847686c52db664af25b7b75ca78652af1e70d06405770d7c7d74a06ddc0.apk,170,279,129,236,41,43
fcc1e46f644fea712b3c62d84a651f1c2ee384ff65bf6648c4f5cc2e60fa5540.apk,16088,23117,432,699,15656,22418
f248b403241c0e72403fc8c1b2e75fa5afbef97d4291e1815f4948ee8086f71e.apk,69,73,69,73,0,0
b3c18793e2d971d8e805ab6c87c17b7a006e19c429efe4b929d165a1461609db.apk,3663,4798,306,520,3357,4278
b95050ab27c2e1b0be22bf6afbc6671197534f812c0ada9a0b8f9e25a7e1b386.apk,1085,1898,36,35,1049,1863
c00c91c90a682267c20b57410ca01808c98ea0a74d002fad796c12aa86688e10.apk,69,73,69,73,0,0
aad9f3630354c1542eb54b74134992e1bbb08187ec6e71e81309aebc2a686e61.apk,3663,4798,306,520,3357,4278
ab14b79f9cfe3ab2779c50fd210ac0f6423c420d109f7dffba1065cc1b92a336.apk,69,73,69,73,0,0
e9a6bc5a17db3ad8a48d1771a00691578f907eef1aa37366df515bcaeeb7cf76.apk,4647,6386,248,472,4399,5914
cb641e5124c6da6d585d47be2c05c1a8ba8ea376f92c23a04a1f30c6029a3e8f.apk,4628,6116,445,666,4183,5450
d262264bf675d2baec38bcb17a6d1cb9edf9474e58b7e7b8b3c195ace3894ddf.apk,3759,4978,272,525,3487,4453
f6a777fda23dbf77f1b51361cb25c6febdf91c837273245dc6b456db934b224a.apk,8743,11994,169,231,8574,11763
e1803526c913e74f9aca960a0a759a984aab762b7ef40123d50487e23ce3f78e.apk,4029,5408,85,107,3944,5301
e31fff5c611ffbb860c5ae96ff8253f9bc303680bae041b391fd4698156475b9.apk,8395,14042,338,579,8057,13463
bee482d94031aaa7d8fd65055c0c6f67701ab5c36f6da4e1c1fde53ead66a2b0.apk,387,529,125,171,262,358
b77b496af18bae8b5afffdfecb451d6f1eb1e33b015bd335a9b17371979fb8bf.apk,376,711,245,488,131,223
eaaa091f39f2ec925dae6f628001c885063b9ed4c7f0722635b19e18e81e66fb.apk,3681,4751,186,312,3495,4439
ac00852194a4e600711a1b11945f7d5c47691d3e257d66db38a5946d6a8b5f12.apk,935,1424,132,177,803,1247
feb4264022c4f7ca88d8e7be8e170d5354d760e014ca7990dd6c3c12ab6a1a08.apk,392,622,256,431,136,191
d3ede5fb3ae97a646b016e171c7665adfeeb5d59ed4e9f205befa24a4c6709b4.apk,3956,5196,247,434,3709,4762
b22eb5e1e6412ef9fabbfa27eddb7f877a135e2cf5b81959020f962f02329c16.apk,4647,6386,248,472,4399,5914
b8105341c66e8a10e44a14de4a8efb78acec33c009ff38f338c7c971108f87cf.apk,12264,29769,4565,13996,7699,15773
b3441947de27999be914ef546ae92b2b5a5cf3971473ef10f750f66e92fd4273.apk,6224,9638,384,753,5840,8885
a4c7b8443f6fbf45c07220a07ed4ca4dee4fe1832b14f8d70e97df7df7224622.apk,174,183,71,84,103,99
d4403405e4c685593879186b91d6b0f57b1568c6c94db23888cf3d790ba42138.apk,16088,23117,432,699,15656,22418
cf520157a04304d60b9c3d3a4eef700cf3ae853d715e18decb232d30ce45c89e.apk,2278,4428,1024,2297,1254,2131
a9d47cc38199d7378da46c013c79a5b1ae444ff270c77103f7bba5ad19dcecbc.apk,9268,12322,337,536,8931,11786
c7f1a38e64da8a92a8c8d94afd776a6ecb3a97c53db451e7e72908bd677f3a1b.apk,3759,4978,272,525,3487,4453
e3cf8e51012c28b70c81a2df9841b63f8efa985c5abf47ea1c4f6d0d2b4c3d61.apk,4029,5408,85,107,3944,5301
b5d95f7df8b383187cd71ee8529078e876078dd30935c95ee8f30006fec4f4bc.apk,3688,4770,186,312,3502,4458
c67bb5a16171b7cbd4a341ad93de8e55e5cae1f90dc62e6eb8201bc969f4ff66.apk,61,60,61,60,0,0
c6289c39da68f9cf682fd5bde7d2930f3e7cc2e9e92456c1c6ef36cfaa9fe155.apk,4012,5354,84,99,3928,5255
c8014053b159ebe58a8d2735ecfcd9e8e18c936c275ef302b8c19bbc4710798b.apk,3759,4978,272,525,3487,4453
ffe64c04d97cf22ce30a3d43df9bfff084834f1b2cbaf4890f96153264a9997e.apk,177,279,127,231,50,48
dbc8fde72f468c470f1472ba73232d40d8131c6eb9187039d1bf92d6c62508e6.apk,3759,4978,272,525,3487,4453
d3e4475536cc4d4f2b89252df3b64a0a8d186cf36c844d84ade3d93cb9993b56.apk,15706,22128,436,649,15270,21479
b6c2c1c32749eddbdfd5cbebc8d302c6a8ed10efd0409219cea227ff02338ae9.apk,12264,29769,4565,13996,7699,15773
e50aae53a3737818195511a16031c57b3d069e0e81e506f2f0977337aeca1359.apk,9593,16380,321,654,9272,15726
c0eddf7c4a57552afd3ae987a58965039bab92dc19b3f990e815c0138baa42c3.apk,3814,5042,230,440,3584,4602
f422bd0ec84eb7d16abe2a5a72ccf27148272f3676e4927ed9fc25f059a73e0e.apk,104,150,34,33,70,117
c188755a49a58ce770df8b71a27bd6159a50e0bdd72717399e6965cfc387fa5e.apk,6333,9565,512,1043,5821,8522
cccf8faac44f0e9d28eb0d33eefc599e1d6e490432d3ce0ac5986a9b6999953f.apk,1595,3229,187,277,1408,2952
ece76e88fe8ae47beb529f0546c3c8d360d40c50e7b7aa3c6a783b8b53e3c79c.apk,1914,3825,390,721,1524,3104
dfef214a35eb53b21d547cdb0c20c24694d2452aba2af6568537b89224a773f0.apk,66419,148873,14736,43581,51683,105292
aa589d5e91c55d577ed6fb3fdf3f12924e064065676edbc8fa95a631f54218ec.apk,3759,4978,272,525,3487,4453
f5e0c04cd077f944b0955f92be1e0f77481663f2f270882a96e44be07506cfe7.apk,447,926,171,266,276,660
f9bf78083c66f52875990ff39e3aeab5bb04bb6c61cefed0d2a1dd5e02f34ada.apk,6805,20122,2107,6689,4698,13433
ec7e27d79587cbfe800f8ac9496a3987cdbb9f386ba352377d8df82315d4eeb4.apk,15898,29002,836,1464,15062,27538
abea6d3ba5130ee2d2297174e38b942a15dfc103f7eeca47b94b688220e6bd34.apk,113,223,47,72,66,151
bf77a3c1c77a541f605ae6550211900efa0a74c83a3716e517d10791c2de81db.apk,5079,11270,1898,4452,3181,6818
d61b23e567683bc7298e1404c68a0fac6480e14711b2f69ea6c83d4cc81da94d.apk,3759,4978,272,525,3487,4453
fcc95edf50ebe161e24ad0c66bc90c78faccbb236656d4e5ec00c2b0576c1ae6.apk,101,126,24,26,77,100
ec30e30396dc23062fddd5276a2c661a18a3a71beec459aad815fe3273690662.apk,77,80,77,80,0,0
f21e7cb954c07e197a7accd545ace552524f76b698f058ab40b256535d8f4b7c.apk,12408,17731,854,1735,11554,15996
c6af11e1ce5f03da8680e9bdd35f759c5226a8c1b50cce667dbc5a417c20d54d.apk,2457,7076,1163,3610,1294,3466
b22e42450fa9849b00ca673f4699e1ffdf916480510f2a7d73079baa43705017.apk,6332,9556,497,1011,5835,8545
dc557ad5181e012c2fff193e9d3e5319d676a441e92f1d11322dac0780d9de65.apk,3759,4978,272,525,3487,4453
c9e55fcdcdb7b6127498e5ec967087dfbfcee1455a51b487166fd01d002a17b9.apk,91,94,91,94,0,0
a810f348901ce5619c50fa166ee494c3991b8bec05458dade4f49c3de78dafa4.apk,4647,6386,248,472,4399,5914
f71225e406c66017e5cf021842e5e5743493340c9118a961abf6b08b42500b49.apk,3937,5160,84,99,3853,5061
f32c9db756b1e8c06cad37304f2fd30e3cda33f9368310494f1e1d1e65d157e1.apk,3759,4978,272,525,3487,4453
eeb4b75af95461aabfb6782174b1a7ca0faf56149bc14e9c9bb4b927edc8f4bb.apk,3260,7194,786,1882,2474,5312
be5f77cc609a421828c949e1750b7436a90e77570394f0c4c7fbfc1c4e4f8c95.apk,3759,4978,272,525,3487,4453
fd19f705312fc1e212668364fa799410809d795536d4bff6fc86b0fec8eb9591.apk,13142,27434,2621,6920,10521,20514
d19941e5c75321bcf3532d666849e09196119bc2fd6c7519511c2b63467614a9.apk,6332,9556,497,1011,5835,8545
c400e3e657867cbe077549db30ac09ee2aa91a5ccbdee074b9be4ca1cee005cf.apk,187,303,113,178,74,125
ffd5efd46b2b861b8b11e71c6ba00ea891c854029ebb407500c38aed86e9e880.apk,5163,10498,5163,10498,0,0
e3600aa1e02b0a6b714396e8be36585753954dcecf3673dc9eb39c5530665072.apk,3949,5173,84,99,3865,5074
b0bb478b93a6121ad7bf0deda1bae4e4d2a4786da443acc17e58e85d4c7910f4.apk,3759,4978,272,525,3487,4453
b8b7d42fdced5870ff09e5fe2e37d39338a6127488e9de10a0a3f25b3c1d4cb5.apk,351,551,163,202,188,349
f0da5fc0e08e9da83b7d8147c214ccd8ecb9b7ee6be1bb33fe6df8bd7ac80b7e.apk,3759,4978,272,525,3487,4453
f0ebfcf4bea61e070e4a5b03c92f43983763be9525d81588738d0df80fa22a0c.apk,15706,22128,436,649,15270,21479
aa7d29d2528d2c8ededf9e1ed5816f17bfe17cf60a3e069ec327a70d8caf0d25.apk,12003,28909,4437,13545,7566,15364
ba1aa326ca5b79e79feba9bbfe85f238b63c317d9329f1f7c28d54fe905353b9.apk,69,73,69,73,0,0
e98e0e3197e899ff6e36a0fd54fb94db9444d14b27ad40a13e5d93646b6ee89e.apk,4647,6386,248,472,4399,5914
c48efd283a7a550d28a6ae88209833b3dfa61ff88e90280a9d0dbc9191fccb9b.apk,3260,7194,786,1882,2474,5312
f8015d7beab94b9bb4bbaad89fcec876068686822006ba4cfa7cd250b74f5bcc.apk,8398,14049,338,579,8060,13470
bd00518e03fa38b3b6a669fb75d8c545e53c8f749923d54be047cc755844b8b1.apk,3408,4219,212,401,3196,3818
e31a6d1fa46d4ca058e19018158eed0cf7ea08d6769c499524c59c17a43d07e9.apk,4069,9266,752,1820,3317,7446
afc9d0979503a55db942672ccbfed4d9ebed5279196d8d228db755f421f7ccbe.apk,9266,12320,337,536,8929,11784
ae3b0837a86988fd4bb51adf0dcfeba90ca36b12e45e97ef0268d28cf1f3b28c.apk,86,83,86,83,0,0
dfa975de5078e550b254942d51ae74ed677e2e94db56b49c630b2d30e31d4978.apk,38339,96633,5717,19396,32622,77237
b7ef66d497217a29e8fd47f5958800575db10bf9ed9609b197e24a572ccd0ebd.apk,19453,29911,476,669,18977,29242
fd96c751588855c55d8bdb6bcd9cfd7164dfafc0d626622cdc9af4f339006c55.apk,1592,3222,187,277,1405,2945
cb3f175317ae2c64f5e61b35f8c115cd8493121291087fb7a3a315f5735157c8.apk,7728,15641,2404,4486,5324,11155
cf53dad8c5860f4104bb2bc0fa5d3e8b805aa9a7424665e769d4cccef2366d44.apk,3260,7194,786,1882,2474,5312
f7c2ee68512c7f7ffdea0ba2164ee93f2bd93ca0042c39dd6bd793ebf494eccd.apk,6372,9683,525,1110,5847,8573
fccde4042d497018df2744bc314c80385ef48e52be53f29d183d0122ba80b648.apk,15706,22128,436,649,15270,21479
d849ef0316fb4f070382cb761fbcbc0eb010f28d55d637d1d9a6a6d34c4e2c43.apk,126869,300701,30270,92892,96599,207809
b6c3251cc1a4e00ce07d7e99dba4bd42f134d3faad2576d825761d7a8aeec7a4.apk,15706,22128,436,649,15270,21479
f9af352ce1b958d9de72f30645c438c54306208c68e331ae63ad169f39aacff1.apk,3671,4737,186,312,3485,4425
b01a898fcc71da69f84e16d0fb2da12c799356d6168b688108cfa75ee8dde148.apk,3759,4978,272,525,3487,4453
f40d5e6dc0a40521626be118bd58f2e63616cfd28d653e1becbd0382f5397fa5.apk,15706,22128,436,649,15270,21479
ab93d6bebf1bb7bb12b4341ef6be39a981d35421a7bc6896e45125149f09b85a.apk,170,279,129,236,41,43
ed0fb5f0e97528225b0ecc7743414d7d10212d52dbddcb1cdd7a03308d0f15e3.apk,3759,4978,272,525,3487,4453
f16e607519a9e8d38371f2edac5c08ea52b4ea437115f6641eb7ae0777a20f6a.apk,6332,9556,497,1011,5835,8545
ab5e6a0224f69a767ecc7b7e374cfe20ac214d4d28c620d997f0fc658e22277f.apk,3502,6962,813,1548,2689,5414
b19edadeb070ceb2124dc519ae4cca4fc4edc9c1315804e82e7c101dc01216a4.apk,4074,9292,762,1838,3312,7454
e3763492d8ef9165fcf5d04ca9abd6efff9b64a49c463636b1707cae534e47dd.apk,57967,134645,12862,40452,45105,94193
b19d8633d9a3e60504a49ec1d09189793b5b98921fca157abb86efaf7e1e5ccc.apk,3666,4798,309,520,3357,4278
c21c1859fc8e5910c77272621f7dc173572404209d01726233ce8274eee508a2.apk,9266,12320,337,536,8929,11784
d1e16ae26322af4abfe77083af6f7773bbdace8782a978dd038c717afd5c9f63.apk,1812,3503,282,566,1530,2937
b0df30c8262aa9c89da4b9327e72c8f96a2cecd4e26b78fee9bfde33f1c702c9.apk,1812,3503,282,566,1530,2937
d3ac7b39a5aac18b41ce3b7c70d7a0197db8620ff705eb7fa1ebed9dcec01cde.apk,544,927,288,493,256,434
b09c7d5fde63791bf9f3cfec3bdcd747a909f1cacdc8b130c7cf7c16f06b57f1.apk,4029,5408,85,107,3944,5301
edf5eff59d43d40ec51d21b46ee9b96953da32570a2539867efab99dc8d10196.apk,168,273,129,236,39,37
d86b6babd045f942807913cb218042fc880b3859fe432acf0ac167518c9dcb76.apk,56,49,56,49,0,0
cdaeb2adbb42496669c83f7364963eb1159fcc7f9a3d31b0d05e5d9ed0d6ece3.apk,3812,8484,249,377,3563,8107
afc2a2c73548c9aff034a2d0b324915416be52999b79be01a5e45074031cb907.apk,3759,4978,272,525,3487,4453
e138e180ceb34bf3dea38b5623ed0aa8462c4cf0843aaf36a82f1048067c9d78.apk,387,529,125,171,262,358
fcac2a7b9e9dbf395def16775d3250ce2c0b9dc6a1b6d00299ef670c23d77309.apk,3671,4737,186,312,3485,4425
f48ccfb752b3c0e58ee1df0745639362a29f50defba735bbe8f8235cd12fa3fa.apk,144,183,57,67,87,116
a7e7b7186199231a3f81635d071e83a92cadb8792fd8cb71fe78a5b0f8789640.apk,19459,29918,474,669,18985,29249
b75e4c0ace7614927219b6540de47709f2b9f776cf25468e4b5e1848fd1913d4.apk,3267,7176,759,1797,2508,5379
c1d91d42593d9d02b281b5a15a772be6dd75ea1b4e4d69838ae51cd21fb42a3a.apk,4078,9279,752,1820,3326,7459
f7b3d05ecfe5b6907f3ac07e0ecc08e3febed75c509303aa602b944d11bf4852.apk,77,80,77,80,0,0
cb4d0a56e4919ec775b0e63a589d3f340fb7cc2958d7b142e00c757f9406e59f.apk,69,73,69,73,0,0
e52204f2b84dcb08ff6226ef048c51e401d8c51a0b9fd96ed129d8a3e492bec0.apk,9643,16578,355,783,9288,15795
aa073a0db35b2a2cba17f1109fadc2941a58cbee4c52d08257adf4a16ec28823.apk,3661,4725,181,349,3480,4376
fb3fc9868bb26a34739db83d46136e388430685f8d1b495274268eb3ac4bdab1.apk,69,73,69,73,0,0
cf4f1b992433a6c82db7c6c16303fc7c84cb616b4f3fac3c33245cbccf7b6dc4.apk,69,73,69,73,0,0
d22c095cd658ee82c9e1d309641e9d94fbb79395f9da5028b7c52e255add8b4b.apk,2249,5122,97,179,2152,4943
b760e91ded0795350d3c7442e599c48acab6582d1d1311a41deedadac2f21e60.apk,3267,7176,759,1797,2508,5379
cd1108bdd7e3701a88afba72598469d0048c493eae3a1285c2c1e0480f254bed.apk,8720,11529,325,519,8395,11010
f1644a8bdf3414c7f84e2a42a5d50f54928fc8e4a161adc00c0c95416f08c84d.apk,4029,5408,85,107,3944,5301
b39572b129f85b6c79ecd892022d41ed8ab3c03d9c6067e488b32d68238c23bd.apk,171,268,15,14,156,254
c9b8b7dee0f7856a2922f30e794b7460a6ab5923e9edc24cf9508219b36c4df3.apk,82,91,82,91,0,0
e5bec483ea912d1157f91a57e70114d50c26f8193ae37bd240df3e260d2e6e44.apk,3759,4978,272,525,3487,4453
ad7b91ba4017157febc3ca6c9a6e61587b1cbdd7a9d0a465de6e9f2e42dd8509.apk,66416,148855,14730,43561,51686,105294
d82741d13f5befed00cd8c06ebe807f404866b4080bef4f9f7364dc2b163bf8c.apk,6343,9593,514,1054,5829,8539
d735aa7a7d053d9a075b6a99683778a93f834a4a6ce170af2dc82b7b6008d732.apk,66419,148873,14736,43581,51683,105292
fa4be9c64e931d601155875763a85a39ceee391c97358314000b46b74631db59.apk,70902,174665,21084,72751,49818,101914
cd296bf8673316bc8860894e3ccead553fc56b7350b0347b8c5071bf8391d380.apk,3672,4740,185,314,3487,4426
adafb652092cedb52f3d0233d2147669c8dd4c4ebec895248a81940714f54825.apk,6314,9515,510,1027,5804,8488
b408a2be4af12e45324b3df28e25f39230ffe38f34a1e55f53cdd60ef950d98e.apk,1596,3220,189,281,1407,2939
afa3f8906cccd617ee8fe90eb3429a7f7af3057d97f22b2ad3f0adf03507d49a.apk,4656,6407,279,520,4377,5887
d7dd0b322ea3b5727da08155cb99534dc30662bb213004e660ee8f285ab7e419.apk,2470,4488,152,192,2318,4296
f54f04b673b7546d0ed962edccf41aaa86cf41fbc2508e18836666088ab416ad.apk,1077,2004,136,223,941,1781
c2570c4da10b21b883af699b91105ce5aeb91b7ec40feb927c3c2ad75dc47299.apk,170,279,129,236,41,43
c50ec0eb8f339d3924bc7330181db7d418b9d3183a7b8173a5d9809782d83811.apk,3759,4978,272,525,3487,4453
e1fc719dde782c29aff91275c219e38cf28ef5a5aad311d680d767fb4fd67a3f.apk,6314,9515,510,1027,5804,8488
ca70b3999c6f3b7939fbbc2c344416dc867ff8e733fe070e60f5c05379871968.apk,77,80,77,80,0,0
b727ebd74db0834e69bdfaa4b4912137d1f5509f2caf34c8dbcf5f5667ea13a1.apk,5079,11270,1898,4452,3181,6818
fef1b6eb8d7285c53176b64119cacc879d9c634436fea81738d973695bd45711.apk,6332,9556,497,1011,5835,8545
c4562b6fe5a10bb57edc3cc00b7561595c7754405cef4bfe7fdc53b0563368a9.apk,59,58,59,58,0,0
b4d4b1b7a8dee59674680b53d36be0e904f53bdaaa194fb33246c24daa9d37de.apk,6335,9573,511,1042,5824,8531
f6c75e4b59cde86d0c6e62f9f23f365eb483c3af9ce6f98c39c4c029643092a7.apk,6343,9593,514,1054,5829,8539
a620a45ffd53a0ca1d05519a8776a36b6a89709f17dc920d956f0cb6a17c5b46.apk,3759,4978,272,525,3487,4453
d675d7e4c2e8693cd338bb04c13ed1535d7fdc3f35da43cf10ae78f28c71442e.apk,91,94,91,94,0,0
a7f256814359ea1e87c0ceff7ec3a11378fd8060d119221275c75750c1796cd4.apk,4074,9292,762,1838,3312,7454
c1686b8f0a1d1f516dcb4770263d26bc2b4ae992e5a9753fc87cb7b36c2812bb.apk,187,303,113,178,74,125
f2b6914c7133cd5cb952675e7c56e664fb3e4991a2a68616556f63d623913f20.apk,39264,72641,1741,3547,37523,69094
ae13b3e8cbaa6e2857c8a5c6e2ba956b12554d773c88f94a56670550a2fc1048.apk,9345,13623,578,1075,8767,12548
cc6614389b0c7c81d1aca4b57de63076b62eed5eaa1dfe26f5bcf617a19356a1.apk,20844,38161,3714,10867,17130,27294
a6b7b34e6ab90f67410e14c92f73ee6fb515a0d86f4d0c5a40a0741d226dcb62.apk,3759,4978,272,525,3487,4453
d8b9efa1d0065d37682f0105ccf44e937c38e3f29baabdf6f807feb1321b53a1.apk,682,1558,496,1163,186,395
c4fb5a475021fec1124324df9fbbb4cf581ac82430770d88bf8b3197e196d1e9.apk,168,273,129,236,39,37
b7860e062403f0419ef5f68ffe3f6aa27475ce50f7c17935bdefc8a302255afc.apk,387,529,125,171,262,358
e8d4a9f59b48d68ce09646c139daa35d9dc6052622927a87d719a06485ea8b44.apk,3759,4978,272,525,3487,4453
e8a9abaf22b806de2f174a043eac8f5a3c4376d75a90d086cfa09d4d053fd91b.apk,9649,16598,357,794,9292,15804
b6d14ca8a6a4799be27f4668a6708f56ba7a20019bdab5a5e3452ef442b88b47.apk,168,273,129,236,39,37
d5d80c85e137a37ba8a091ca5dc0348aaa5407dd657ffe08905aae01a61a0502.apk,3759,4978,272,525,3487,4453
ad14d21de61e1108e8ef14b03cd30ed65981541587d851d5b4658ad229b07baa.apk,387,529,125,171,262,358
b7ab221b14e7351dceeb1e37ca2a0a350f4f555f824032b1388c8a3d8630c437.apk,339,539,240,402,99,137
f6902f4c21b9ebdae10e8f5a43e8c2f2f598408487391245cf99d8b0a1518b2a.apk,3759,4978,272,525,3487,4453
b51567440068be05db737306c31c3837b8459efe0dabd45d93e780aad8f0447a.apk,100,247,100,247,0,0
d67527a8c125a3c5580dec5a24a2583bf846a8718a2ddc70f05799d6c6392322.apk,5677,10236,1141,2541,4536,7695
aab02ed589b58eb8e17f5f9c74b6c094836351e30c230da8167b3dbb1faad49c.apk,3759,4978,272,525,3487,4453
bcac1215268964a2c385e5221da257105446b717d011937fe1a57d2d36fd1c55.apk,1586,3140,189,281,1397,2859
e0ad48192840af6ef60c63897aaad0779618afd99c887b27303ce4c3b6a60786.apk,3575,4686,230,406,3345,4280
bd66d24595298db7ff7dd89f44962631f53fca3488a3079f6df03fa3343c5674.apk,3759,4978,272,525,3487,4453
e3d1cadf036f8db47ed09d3562bde2c8370cb3290856de9228bdfda7a7fe1f10.apk,6314,9515,510,1027,5804,8488
f51ed2eb353b960c953bbcda6e48ec04faef710cea162854db13cf11092a2040.apk,126904,301727,30767,95177,96137,206550
e92ebb42b1f11615d7405519b0966d5b80fa245cc046cc87e10a481a66caeb68.apk,1108,2395,698,1609,410,786
baf3a97e3d98566841df8e7e40e4734efc2ccd9461914e3d4c9af7a1601fb3fc.apk,661,1307,349,838,312,469
b40d614af5cc4e0a34059775f941d8b52032273820132b0d4f11dc9a5a6f45d3.apk,91,94,91,94,0,0
c64edd275f062e49d96b7febf3c664cc046f41786d050c7d56f295999a519088.apk,69,73,69,73,0,0
a5fb4225dbf629ce1fc9a2a06e4f0c4dd279a341c0ea40d9049e6575797b3cf5.apk,17039,24710,389,549,16650,24161
c65ddaa9d206c8041a2cc5b479b99e8e3b33f600490544079a44c544fb49e953.apk,104,150,34,33,70,117
bf4996c0b4a3a151107f233981665caca6f41b8ee7044bcf6ec97e8b0e7dc24e.apk,3759,4978,272,525,3487,4453
ebea37f49f6950663f24c5f6519de03c95aa273b6ad59e57bf2cfa71b770e99b.apk,317,564,170,253,147,311
af466ffbebc066ded27f038235ddca3220fec1a6a92e04ce4124a842e0e6a439.apk,3683,4741,185,311,3498,4430
e3a8a8b5a730167c3982201691cff49d591defa26648ef02aee59aaa5e9f4cc8.apk,26234,44913,1792,3518,24442,41395
fe3b7a69eba5daf4486be40237a30080c6d767f5bcd23bce0ad810528fcf4c8a.apk,54801,106298,4653,12235,50148,94063
bc6d0230e831b9fce9c039fbac1ae61ff88b9585d0a08e51b007c75596534bdd.apk,69,73,69,73,0,0
e4517f7613dddac00b4cbe1e12b7f7432509c7d521c80720d5cd25e7a0d6eeaf.apk,595,1134,23,22,572,1112
c5701cc6a59af293084de8162b811c202364006dc66860b9b4e51664f205fdd8.apk,16088,23117,432,699,15656,22418
c01f964623703d16c2c39465954ac20b0f5d83f8ecd16a15fb9246acdd52a99f.apk,77,80,77,80,0,0
e46b678cd6d5c35d83bcbb34ba33d9196bf809c22d7f1a4349ced00c84cf00cf.apk,6314,9515,510,1027,5804,8488
e5515a54541a0a49b72a353a7170856dae0793669b3b8f94eac55e5c9e9900de.apk,476,787,266,451,210,336
a796b4f66c385c45521faf22a6b70888b351119778c4cdf4f4e2c2749c14693f.apk,4104,6625,626,1886,3478,4739
e03c9a118d003b10e5b1a0770c77288aa139e06209d616ba5135b92460feda7f.apk,3046,7034,1432,3686,1614,3348
b46303b6bb90218d29f18e0d902ec6dd0eb75e3dadbfc97a9aeb6de3f53e6612.apk,39264,72641,1741,3547,37523,69094
cc869e32eebc3d4cceb1050c6946329541c79d0e7a676e54d53840a03d5210af.apk,170,279,129,236,41,43
a9c083201cf5e23548a439337838e4d9661a4529e97a1419e952a8d8e33c65c4.apk,3759,4978,272,525,3487,4453
a949517cc846c654f39386dff72978cf50fcc0bb849ea55e17af2479114cc12d.apk,232,253,21,26,211,227
a720433240f2eb95023ad3b9ad18ef08cdbe597c93057f7b7f53604e58c0d99e.apk,3759,4978,272,525,3487,4453
f582386871b2e57ef250a787468ffc3d9bf22081fe8c2ac2e3714c308e6212ed.apk,3937,5160,84,99,3853,5061
