File name,Original_node,Original_edge,Pruning_node,Pruning_edge,Reduction_node,Reduction_edge
26f31f5a49ada9fe9ddded7073f1619cadf1d881eac67415fb72e1a4ba4ea227.apk,34829,66285,2866,6412,31963,59873
1efb9c8a645f2874790800e8125c22c491d468d2df1f7f0761975c3b822fde06.apk,45738,93705,2281,4825,43457,88880
316785e008925cedfe2bb6a95579712021e2e76c73319ffa56cbedfa185b8624.apk,39390,70716,1276,2144,38114,68572
0c0fbd84afa9afb3947da2ba8299822ca8b45a1080c1fc16a89c1068e02c5019.apk,25689,48971,3563,8194,22126,40777
2e3429a5f4320123fea978310f4893ca386b329652092c00a0dc94df283e23ef.apk,29763,53243,2327,4640,27436,48603
0234adcfa485181cb848efdb3de4590c331220c256503888e42413ac2f98aa6b.apk,38678,75209,4115,9431,34563,65778
069531c8dd3468bf25fc978099713b2c51f80dc18a0b5c8e3192be9fd2658b14.apk,8776,13969,650,1353,8126,12616
0380c2fc780f4a8b0a9febf23b86c0e1c5a0bbc3e4bcfe0717e6a15f726b9d23.apk,97957,210517,13284,34164,84673,176353
322812020a0b1b631e4102e154fbb0c2fb6236a2927fe8d97435052b06b53f36.apk,41528,80219,5765,13755,35763,66464
2bca13143e1e59f429d654d60c37185dc3b5f768bb27afe923b7f4cbff8a4e79.apk,34285,73567,7722,19159,26563,54408
17ce200e5868d22af9dd92c09c7f6110a50319a343e53a18e072447a41942596.apk,35741,76012,7008,16418,28733,59594
1c8914a57ea466f8b46c5ab942c7efc4bad765893ad41411163cbd93bb2fe862.apk,96093,192313,9031,21709,87062,170604
0a9136713a0eb1bf2f1fc047625728e5a092f56b3260c9d06826cb541bd9881f.apk,78899,156782,6072,14876,72827,141906
0b9e8f3a4563a6adf80db729aa6690408e6c735f7074f3f6ab2a6233bb88b375.apk,151,155,10,9,141,146
1e8f1e55325677d82389c4edc0273b4636631c1db2859b3e9c873a8b8e763b0b.apk,46503,94199,4924,13017,41579,81182
190ad12dad2f28d09ab3f98f79d8be691bdbe2bda046e4ed59d79d33f0fa0ade.apk,51730,106976,4308,9878,47422,97098
286d9a6cea675618343c8c680ded28692e1b1eac949f6b187f2a11b7a6561b7c.apk,35946,71967,1720,3019,34226,68948
139369a662696afe74131e40cfad7148e37e44b2f5abcf2ea42aeadf6c04036d.apk,25521,62685,6387,18108,19134,44577
28b2476693969105dd13942b7b3c969f56cbae9235f6ba054f98b716b0c89fef.apk,71733,140970,7298,17432,64435,123538
0772adc7636169870743cbd8abbb5ba1d6a3fb29919513c77e7cc7e577f693a6.apk,59575,124684,8000,20985,51575,103699
07d7be7bebf4f54477af6131da04c007ebab2402b283fa54a29eb28fc654d44e.apk,30152,57071,3110,6993,27042,50078
2724816e7895937404198ef38990016b536f47b055d9259dd384ac095a376281.apk,34408,63267,2549,5310,31859,57957
13acd902131097f029659fc9a25a3b3259a44365eb18c9de2070463056b85ed3.apk,49192,99065,2839,6403,46353,92662
003a38e8033e9860d10f441490ef1a15c15fc58e5a3d9485e17d4705357676d3.apk,61764,138459,11983,30743,49781,107716
0093ebf83adc955dc53ee8e5d58592c0d568221dd4bf0a7bfa2af60d174a58bc.apk,55963,113435,6573,17062,49390,96373
2d67408a79e7cd4af46b2ed92001159bb500a33a14e26c0602b15ab45540c575.apk,24229,39540,1262,2333,22967,37207
07c3917afac3a74fe24c7264a85477efb03843b9f8f2bc1a3482ef8516dd024f.apk,85544,187046,15309,45717,70235,141329
0630e8f3dc2c546cda82caac7774bb021ad91951b5af239aeda8b231a1b42a41.apk,93721,203944,6267,15465,87454,188479
1834eba71ccf3f37757de1ea588720b57b19fbd88b1d33aeb420d62bb28a74b3.apk,28182,59547,2094,4997,26088,54550
1c56c8691132e15e4e8adea637e9be438a5ef3fa139844e93a862daaf78fb9fb.apk,51951,101735,4639,10531,47312,91204
1f9f14835f6430f7cec86f4e6f4a221c682c9a3dff3b32a830c80d125e7f4da6.apk,46254,93572,6867,16870,39387,76702
307dd8a2934bbe4c98bfb9a4f5260e437fd6253f949a60c2b7aefb80935c50a8.apk,52245,98824,5487,13435,46758,85389
0fc1972d048ffe93cec21bdd22230e1583cb20567f4b86b23d87b821b0b102c6.apk,32841,60331,3311,7575,29530,52756
265807d535be4593505b216e939d432cc8ed1f67fc24b70b1b0b7c74b403eff8.apk,414,617,49,52,365,565
208b28376111bb6455f85bbb863970e2e6c0e2514a38d2ff2b5cb26abe711e55.apk,87065,216856,14914,52822,72151,164034
317b691a537d2209c8c81167585c7faeab237f985a9b449bf636487701d932d0.apk,64119,151392,11333,33196,52786,118196
0f9c6f215fdeb3b32e220b2a68fc54362789e2015f1b8a315104b2ef7b7f0764.apk,57308,121889,13993,35469,43315,86420
208f46133960eca330676bd706d4553a285014d047dc2ef1da10bc35cad46ffc.apk,66945,131118,3842,8158,63103,122960
128445fd58ce24ea5b7749f8b1c3a3362f4105a0e2011952cb4c18a7d01bb644.apk,49870,110334,5218,12267,44652,98067
1b28b6f4cf36745942b039ad356c656d57513a9368b9db28e42d5660b69d58d3.apk,23785,39340,2844,5744,20941,33596
12caf8bafffa9653726e158a2ec6a1c69c111e7016fd0f0165221a22149afe1d.apk,42510,98326,8709,23595,33801,74731
0c2061162624ae28dad2116d52130a1cf012a07a1e09aa04c1c2fe2894635553.apk,1406,1881,573,819,833,1062
1737669ad2911e5fdfa233ddfaa90bf7d9e44210e03a04b0c7dcc7084b87678a.apk,58610,119565,3924,8786,54686,110779
32ccdebf83355a29bf4ccfa142370b5b6a4d00be2f4fd5a1672d6b0c1cda23ed.apk,25153,51555,3503,8504,21650,43051
23cc4c527cb8259371a90ec7e2cc3411b8e796236ac1e7b6c16282c4d2a9c68c.apk,47565,100408,5856,14793,41709,85615
03505a52fbb783a8f9d53108282865ec7151e26e182ce1bf964d0ff4a2b58a9b.apk,47950,92876,3460,7884,44490,84992
0c750015fe92d6a985ee24b19b4b4f4c6ea277de72290c21fe9825c58761ef5e.apk,48781,97204,6500,17267,42281,79937
30e447532a4f7d6b553ad144a7d2aee37cf28f65b1ae58b45f5a978494f9b9b3.apk,46417,91768,6655,15205,39762,76563
00070891aea5767d858be0ff82253e6637e274cd5e7315dd9d8639e8465ed717.apk,15393,29746,2493,4998,12900,24748
192f6bdb5db37f247000c244757879598c3a1b0f1a1ad925095c0f3aedbc3110.apk,19472,40035,2176,6125,17296,33910
0cc2c80ea6769531f53532199bef8dde553eb9e63d58b9b153624382e07a3967.apk,1336,2138,213,390,1123,1748
32db497e97850a17feb14bca8a49509785e1ed2f79a96c39ce48ccb3e2e72dea.apk,27071,46472,2364,4585,24707,41887
197153f177523ba632157efef92c5c6e330ad9da745d55d81eda8207e58d91ae.apk,23629,38762,2474,5224,21155,33538
17254ba9cbf71d8a2f5b3a0c83c82fa989fc5513894200a1c252624619754f4c.apk,59300,117182,6240,16445,53060,100737
19b8024a901c7252aa4cbe923b0a65da88a6881c59d76d2f8b0d05f3ec7674df.apk,16238,34320,1959,5381,14279,28939
2853b4572584387d3d7974c6fffea789fc9d747fc6b2a68ba59ba62044a5e2a7.apk,46646,97814,11849,28229,34797,69585
0fed35d444746667b0fe32fed8972a49c11b774983b4ae8eaedc3e9e1f328ec9.apk,30348,54754,3529,8065,26819,46689
084ef9c4435de13b2a121f34bcfb673d78cf946e9943477919a300f880881bb5.apk,59139,118683,6770,16921,52369,101762
0484cbb0907264a701422f902de923bf55bcbb8b4d57243ab5f5d56ebdef53d7.apk,12969,20069,151,198,12818,19871
24cebb9d551c60e74ba7becd449e78a043dc841e27ed4dfac05f3079ff03acb1.apk,71063,143139,9238,23058,61825,120081
08d17cc0a3d8ff53c9fe54f359ef48da514b28a2be733270943b465530d71efb.apk,8256,15731,568,900,7688,14831
2b6c816d636853d22efd9bfe515853a8a3d51a3ca8da63d9b83efd0aa3fd3031.apk,31465,57936,1161,2011,30304,55925
00eac9c75cdb38f0158589d233d22cc78f69f0648159c9e8880e52e855b4bd4f.apk,56737,114854,10310,25689,46427,89165
144b1bcd6faeeaccef8587dcb5fdebe4c8005695f061c782fd31153462416ca0.apk,70037,137128,5267,11719,64770,125409
14f2e0ca8fb3ecef548904271f71630f4cc3cc6b526deeb823ed1d6f18cb2045.apk,61377,124838,7458,16482,53919,108356
24cf9efd58f43104eaa25482bcd76b4e031cd2100ff4e4bf8dc7b38471f11e9e.apk,56554,117113,12284,31825,44270,85288
17ebb6d77184b4284aa7b63c1d29291a99fe2d2511a962138d9b598b968575c3.apk,42541,92151,7858,20105,34683,72046
02e62bf7af8e2f32196aadb22a9d8c3edc02768108055d796ae2725d4d3f2388.apk,32896,63088,5276,10185,27620,52903
1097ec4977366f0696690d9a23747eca339ad8c6056283808d0ffb54d288ad60.apk,114351,241013,11731,30101,102620,210912
27c6ad8ebc7fc357c316a23c43707a71bbd8fcfed47446a55d531201e121ac25.apk,33974,71642,4672,10101,29302,61541
23a479b8d33781eacff524fd89ca97072d959a8c488ff32ac163345344229dda.apk,377,643,85,114,292,529
0e336d09f54aff5bebafca1fef1af6d2aae80f7f3f65c5dc745be2580f5936b8.apk,47672,95801,3863,8805,43809,86996
04b86cabea3f051ef198e6510cc5f1c3dce80d72e52e089f7e49414d4f208ed8.apk,59554,121768,9963,25323,49591,96445
02da49f8da8b15a2b1a427a6187b781329c1156f1a01ab03f5b61b486b63ab2e.apk,41810,92668,6861,17804,34949,74864
0ba1417880cc9374b44f0aefce904d1ce06e91ddde51d2d938e21e330f7d0186.apk,46831,97966,7752,20317,39079,77649
16177e5afc46d346e38ff9c32cba7ab500a10aa2ef5c823edd2656746594367f.apk,63681,127984,6029,15462,57652,112522
27cd2cc16acffaafc46ad4ef29f87f8bc4c9491b4c0644628e3c2b630e76df89.apk,58107,112237,5907,14712,52200,97525
286a86817969c50237fc0e9e4825066d7c189a6166bcf5510987f78c6f3591bc.apk,25060,42485,1907,3988,23153,38497
3352411b95594a39de20a5202368a10d3e1d40b70a439a28763edade8843707f.apk,28352,46935,1976,3539,26376,43396
062d2b1276289a37762c914db2e58b4ace4c7b10f264083185a52c183d82b1a9.apk,20495,36162,724,1132,19771,35030
2c8efad578028bff90192c5316a3b8f69ea253256491f14c3d7e4718b858c31b.apk,84249,159652,5296,11778,78953,147874
091aa7e88a7c8cbaeb0eba4fbb48536441d9dcad23f8f10f3c3385367718510c.apk,26007,45796,1430,2898,24577,42898
252647e333e77a6658f62e2217702affc9a8f173d7a42164982ce25e174b8349.apk,50557,97099,6221,15104,44336,81995
1cf4d3385b7b2fca697024c509c2e2464cf31255df4317e8ddf267388ed5f382.apk,47814,88863,1632,2860,46182,86003
2da166723bb2252ad63b302078c0355e10f4667089196314ac46511c5bcd6e6d.apk,117533,250746,12510,32987,105023,217759
0560204a3cd9845adabcdec10dfbd870d4206fc8b972164a57b0b07ea3f2bcda.apk,47362,106278,10425,25610,36937,80668
1301544d0adc514c6218c236bc03e138f191e0656f1f6667e462b6ba2b6daaa8.apk,58737,127569,10208,23662,48529,103907
2d483dbd5339d45b543e2f761d7020bc337ebed6026fa28fe90c375d0a38bd52.apk,38685,73131,4237,9068,34448,64063
0ab77daf4ad66ba71185a8f1b3fe9a8656a421ba45a0eaa98962b056325b9cd3.apk,42186,80673,4381,10054,37805,70619
313effd5aa37b812194f26ebc0b983ad9cf7a5fbcefa28c78446b9728a6bc484.apk,53186,129038,5416,16525,47770,112513
02e644e388720fe5a2c5b04ef16baf7b3699b65280b45ea99d9a6e749253d39d.apk,21912,45462,1536,3059,20376,42403
13ccd92c21cf87bd9dda809aca8f642b973778207a74dbb8a002f26055ab02a6.apk,56737,114854,10310,25689,46427,89165
1d51d705b800f610f5977ab058b904d848b4c37f5df59fbc1fecf7dfd3284b01.apk,79690,169750,10180,27491,69510,142259
26e010bbc3326336a12cfb8db312eb727f00cf8684b0f88983fcc47b46d12769.apk,53675,99715,3993,8837,49682,90878
0b47d6c420e78ac690e4aae3506a65cdc31799940f16c64bfa8bed019c57b383.apk,74096,161112,12022,31361,62074,129751
2df3745342fcb7fc3e08a889a278aa21b818c92492f589b11357b6dab81021ea.apk,21688,40508,2687,6099,19001,34409
2b0db0f625379e5e590f28d7fd336f3b4d43efedb0cca9e4c0934453940b517d.apk,60038,116545,4065,8714,55973,107831
27c3fa93e5e825a3bf6545f8564bb674b5b2767e566cfa3d0f9427c41ccb4918.apk,33402,54360,702,1339,32700,53021
08e2399727381d4283ae19e457d4ae44f56b3ba2e55dbd15655750069c8e5d2d.apk,54593,121078,10645,27372,43948,93706
16061512472f96783f9335f57bf46060156efe7b71a0b30ecc4660346474514c.apk,59143,122535,6077,15340,53066,107195
2ec8d89f9af214651d30efe6f30855773283df0d014ee9facdf95ca2787f1c3d.apk,60542,129112,10886,27738,49656,101374
19183fd1f730f07a5cc15819959a126aadd263a596077388d7e78f59b0fac874.apk,55381,105731,2571,5227,52810,100504
0609345eac9a64a5530a3d437928f060668f54b5e61c3413abf8854bf6361a55.apk,62230,123751,5878,12513,56352,111238
0d8a1948b00d4d22d7108fd1f1568a43c17012b9c22d3acf90350df04264e60f.apk,25994,41681,1748,4386,24246,37295
02ad6ff525facc4213e9964ae9a5f4e19816b59ae4be622d6f04953ec8536ec0.apk,55348,105596,2571,5227,52777,100369
28f621d15b44a1e2c07eb7688629ccbb83aa927d18f6d8ec6dc512b55d9521b7.apk,27122,52119,1250,2117,25872,50002
2c59d6a0b32b279d9874d2a9f2cc3523eaa40642c49a47377d9b784fdde9c538.apk,79479,192272,17956,50374,61523,141898
1ff9da35896fb44e1b8d8cc752edc10d40b76894ec167d0bdf60d0e4e24e1bc6.apk,42219,76841,1601,2827,40618,74014
1ca08a0a6b701ec4c8a3e0fc14d5eb88f5a0cace88639cde973e98d446717384.apk,46999,90594,3284,7460,43715,83134
2902c65d16d5b372761973aeca960bc9202d2406f98a8593160caf374e247da5.apk,126579,315614,30195,99167,96384,216447
10ee7c0228913603555c63f3352b2ee952e5a95e0924ecec812577d570cae7a4.apk,45455,86015,4532,9749,40923,76266
23040cf2b5a759f5dd46fe82f9484eb3d2444d2b9c594a8f48ac42b2c3b4e343.apk,54541,108414,6234,15508,48307,92906
26ba4b0f8bc9f18ef33608a8f1c6338bcff28782869b1786268e77ab91257b33.apk,69582,146772,10408,26758,59174,120014
22b6249694ebe44afe17e3a71ff369803bac952d4e42185ecfbca0abe3a76211.apk,10378,20022,1345,2553,9033,17469
25b6cf7711dddbdc0989e2aeb48a06e64a94688faf9d5235527ed2ba50fc7710.apk,38911,84353,8873,22712,30038,61641
12e6a20c583b926aa876828d0dbe8bce25d7bdb21c48f1478c77aedfdb886217.apk,45748,93983,7022,17016,38726,76967
1eb2850f56dd45c07d728b7047db4c58649910a58c3d92babdcf9b78569a25aa.apk,58908,116438,2510,5298,56398,111140
052f3361b0065b1db470d66d49d31251cd814d0434fce7c2e274eeb932b87fae.apk,62616,130734,3829,9771,58787,120963
08fbf284d42f8b9dd4f8e4c9031ae4402007eb6f47e0631438237ca6dfc6f1d5.apk,79088,175061,11312,31267,67776,143794
3135a25fc87e417cbf969c22fd9f34f90439e5d5fb640a10168c470afcad5edd.apk,68448,169262,11709,34009,56739,135253
2092486d97ee6da01869929bee762c6452a66ab29600f43421df88d58a0769ba.apk,62377,143977,9516,26324,52861,117653
0c839dc7d8594d47c1ac661c19603640299ed891ee01dd133b239943513efc9c.apk,81428,174700,9043,24301,72385,150399
1ab1ab65dc3fae1470c2db73af28f82922a8f3ab25dded4291f49556f481a0dd.apk,63024,128026,7614,17157,55410,110869
148f5ca8d93a31c717367a2405978db1fecc65bfb6a30e8546fc000fb4712e95.apk,1252,2406,1252,2406,0,0
0f3bb553563219996d1b78d386bc7ea9dbfcedc8bb44f3ef80df7ef2206b7fd7.apk,11015,17051,1156,2635,9859,14416
1f6d8b7b9cf63de719777595590b36ad32187ed73a4231630565d9fb1e738580.apk,20806,48181,4137,12577,16669,35604
07f70ffca47cbd3b4c76b5bb20019d181e89bfd41e20a1fefdd3c3824b215601.apk,36094,80476,7515,18465,28579,62011
299f26bf3546f4d89560bb71c9e0e59c3477fe20a0202bfdeaced58aff17876b.apk,45672,89400,2837,6044,42835,83356
332d2e31ed8d7b289a91d4b22ebba7d82c237cda84caea9002cf29975c7b91c9.apk,63024,128026,7614,17157,55410,110869
0f46541a283ae5a46a71d80e7f55d0d05f3f3d46770ca6d658ecd3ffb830158c.apk,66700,155038,17616,50053,49084,104985
20284e2988ec9ed44d34bfca5fe7bfc456ed34f50a4550c080c296b422aa0446.apk,42108,85491,5571,13850,36537,71641
219d3bc411b26242afb5ea275440cbf226f278e07fa9cd0a93fdd88821137384.apk,58038,126917,8190,21276,49848,105641
13ac93b70356552b0e41954582312c85f73f1984b90672600ccf3adc6ab645b5.apk,57847,119632,7060,18650,50787,100982
2f615d7020d22b9b57aca31fc28e2ad398309a52416191be1a2365aba09135df.apk,58506,129482,11193,28392,47313,101090
269eecd164d5b27ac76d10f5f9d204e61f271d746da792bb24ab91cd86bc2bd7.apk,97894,226585,17338,48901,80556,177684
24c6163283774146697280443b15b4db41d82602d37260fd8529cc11a6fdbcbe.apk,28326,48543,1955,3748,26371,44795
2ddf9d19e0b7c5f6bd8b34e975c1c1e349d4fef72d7604eb639fa6edd24513d7.apk,11442,25400,2457,5517,8985,19883
017c70f47d4270be4e933436bb52e74ed7afb033a97a526f32a6e8fd2aa5bed2.apk,65109,128935,4454,9468,60655,119467
0e61b9f95bb116e89a4ccd57dd600824e8365db0f421d19bee94983a7de34a8d.apk,57031,124650,8848,21607,48183,103043
122f56167f7bcb8e9214cfc219a07d5ab8d3d30a9879b2884083ba183cbdbb41.apk,60147,131280,10631,27703,49516,103577
308fae8ec279d15a3e11e325ff997d9b8cdc908bbbca67a14bb2c82cf2ffb1ff.apk,40951,75042,1623,2875,39328,72167
209ee38371e4b5b65eaab89471d7b7b5cd9af83687b3e52b9fcfbc3dd9a78b52.apk,59978,119587,8426,19760,51552,99827
311c26b896d6b900cd73c4e0865d8dac9498d0b4055131a2a238a477e89f8665.apk,46815,86702,1805,3339,45010,83363
1da4b50a172873b0a48b2656322a51c8e948ee3d1b6b8baf0b2f389f97c7e80f.apk,45516,86942,2185,4585,43331,82357
281cb9d9827da297e764422aec690071181746784df95a6cdb46b1f4e89f429c.apk,31872,63892,3362,6837,28510,57055
21db72c5807678c060276d17dc02fa4a7630345ff3e5627d788556fd59dfca5f.apk,28326,48543,1955,3748,26371,44795
1acfaac3317827c13debba542e6f14c6ee6f56fecdb43f612552642accf6982e.apk,18681,36616,1205,2077,17476,34539
19ab60887fec08a5c8fc9eca37764250dc23d2107a2ab09d81e1dc16c3881c08.apk,54716,126130,5238,12863,49478,113267
03cab9fa509b66dc5452b8b6eecbb40793d16b2549cac51975444dbfae62cd39.apk,40699,97439,4820,16085,35879,81354
33e19da91ec2d6e70e90690c742c2974f4075bac2fe2949fecdd3913b98f6ae6.apk,61762,121320,4159,9334,57603,111986
1f5b75cc77df008bbe5c8a578426c4a9fd434f324bd4e13e06a502df6cb2d120.apk,21473,39409,1514,2772,19959,36637
186b20a2f33aa8589a6f6171624616d1865aad3d84f2c55ace1bb0491f6bb00d.apk,7320,13218,635,1206,6685,12012
280263f41279df69400fb127c29a99c5f4ce2d27b5328dae52c595aa96785713.apk,80201,169621,12946,30900,67255,138721
07165bd55be05969d90b0bc640f1a42e4318055660bc7946186d740958ea58a9.apk,60108,121841,7567,20675,52541,101166
14fbe1a818e3a3e9c58e3912fd73b10a53dde87217f5a02bfafafd8b0518f4bc.apk,37301,70014,3835,8415,33466,61599
186710aedcba4e92c0be7eced1e902a7104e929495ffabec89e80d054cfca4b5.apk,97589,196693,23924,59125,73665,137568
26d0ebcf2676b9d5cd38c941abd84dee949f56e25fe747daaf563068b529bfe1.apk,74098,157751,5410,12700,68688,145051
2b41cf952c3e5f2d21bdbba6f25f12087e85953f434dcb380562c9cd1b65427b.apk,16482,37378,2944,6603,13538,30775
1f6d29429c2ea1f728c3fa9e309780f9e903ac0a23ed9406272e7d722cdb16e7.apk,81304,180646,12328,42136,68976,138510
281804aa04f3f1addeac82753663db5e5ee7e85f92736ec9351e257bf633aea2.apk,37132,80380,4816,11298,32316,69082
11c2271ea5837ea7b55d0b39a5ced60a55753f2070e999be1aafdd0be37ec69d.apk,31410,59601,1594,2904,29816,56697
301939deb1196ce6f8ecfec2eb03091bbecf505d9380107175e920219da0ce63.apk,7991,16617,961,1821,7030,14796
0f6f07f8f8ec9f0135c0512c63d956af60ebd8d4b9f8a9e060cbcae63186389a.apk,32211,70465,4329,11158,27882,59307
176c232c62093d164df5ce28df0c6d19cb765c1061e4c63917b626e8d8d301f4.apk,62645,127821,8159,19012,54486,108809
0305f3b1b1f39fe397309e86f3ec5682335484bf31ad720f8037baf9c7567e05.apk,48632,93594,4849,10814,43783,82780
265d507badd8b7509689ac1b1077782dc76a733b0e9bdeed4ecb74b7d77a342f.apk,77824,140851,1974,3897,75850,136954
05a9736ec9a301bbb3265f1cc68431ea563d400f5984b3c22f6235312fe916dc.apk,18888,29413,257,389,18631,29024
0afb47b1a113e7a0d0795edfd373ae2fa03a4f60479beffb4fef8e776ad0cc04.apk,45814,91300,4281,9715,41533,81585
2e53c23a0fe5eb1aff89a1e2f9f639d82ec1591e9da660ddbeda29126a5dd8c8.apk,50651,97534,5454,12479,45197,85055
25631f22a02eb5b31a2838db21efa164eb7d57982f62dd25b7bd798e11764515.apk,139873,494467,59893,265734,79980,228733
2b5de10b0c43bac508e0d10ce5d26f8c9ac9f2d5d08cadd0820be10dad5a6a03.apk,53812,114183,11733,30997,42079,83186
17e1675ebd3078f7246c1df11c40bbec3089a85d55e2ef1d1a5e560f4cf4b5a6.apk,16223,31905,1242,2664,14981,29241
1a229c3fd8382924431e84241aadc73183db27f1a7941fb44e4c0032ad3e0b13.apk,41854,100389,8397,24879,33457,75510
1b05bfa946f00b02fb4a32a9ad1fe2a5a24859c0910d50f3b489fa7183c13800.apk,73191,153803,4117,9668,69074,144135
22126b25baf51c05e2df78b665b09ab4dc2eeead08b712da3fa6e61daa84da24.apk,74478,145989,8474,22160,66004,123829
1be33a7d1e9bf606f54a05b62d1ab77bea4dae63f1a165a2def36ac00eccc0a3.apk,41947,87432,5137,11443,36810,75989
0f170461446772bb82d0f5645db9a86f1949c4dcbf66bae63566104de896b85c.apk,9819,20692,2357,5237,7462,15455
3131b47109f2f8a366e2f08bb33529824da12f724b11b51dc4bf1174ab29bdbf.apk,90972,190088,13478,39251,77494,150837
10178db59e17d01a6421fc88badfc547a186512c8c687ba1c2486e9f356716a5.apk,33646,69465,4577,10314,29069,59151
03929b2c7bc1cac90cc559ec4c689e968aa041d4e87387690400a441304537bd.apk,75211,159475,3795,8703,71416,150772
277841f2f5721f120f5adf6769eb28e27d3b8a876025f9dc22a95e2b0c113fc5.apk,15326,30823,479,821,14847,30002
2388f589a5b5643fd08041b4d98d3a3bf6775f969f58401befefdeb0204629a1.apk,39093,72764,2065,4219,37028,68545
1be12b75dd037c6b7c4bcd279c512c7d231e183f173105bb8016c3bb8886b6cc.apk,38464,69898,2990,6385,35474,63513
327ed7148ef99f7268a95c1cc502b6ebc39c883dea960d27e280001d82f72c9a.apk,9789,18444,542,1084,9247,17360
292660c32c97b184cd05a3b31dbcba538b38947ea610d65fbd42c03f81459231.apk,115444,248841,9731,23116,105713,225725
259425b0ea626b1dbd9776bc2b4fbf31aaf6d35d3ae9c6371f766a2cf9fa3993.apk,17916,35043,2723,7133,15193,27910
2ae15dc581414394ee1953649f8b1c309c8dc9387dba67ff2d16e052aef9b6b7.apk,20011,31130,510,743,19501,30387
273e1b0eb41eda8b3227810e5aedd517fe9544eaa6786b44b8a9210d9817fcc6.apk,52918,103239,4303,10381,48615,92858
263c30309c568340a8ac13e942932e270e6f6e1379f89c5eecb4be1f98804940.apk,46717,103927,10493,31364,36224,72563
096eab69059eeafa8550e2ce8fb450cdc5b487447462fca57fa76a52b549d4b9.apk,59222,123354,5099,13159,54123,110195
04461b4d48720a9f63164c9df945b3cbaae77e7bbb6c3c5f69fd54d6e9c866b8.apk,102828,214765,16528,42834,86300,171931
23f238b604e34ace0c45a2030819d6ec6fb58ca7faca13958adc9343330a1621.apk,36948,73967,5657,15682,31291,58285
1ddee6bfdf29ab516617eb93e93ae42e378eae8ae756f0b253596fb63366f0bc.apk,28778,56699,2161,5142,26617,51557
2424fa56b95a6a6afc23a79ee00243f0d3857ec5eb1f6189864f75cd325a51df.apk,57461,111520,3777,7712,53684,103808
1dbbc809cb57b649fbaf22efd49265b56cd100f1cc47b99364e9501516d1ca23.apk,33861,64223,1559,2841,32302,61382
14d7d122588d280009a5d55715a8e6c9b0edcf7ec0af54712bfa65270bbf2f33.apk,39057,72324,2637,6575,36420,65749
05ca062d1db108e138948f84fc9be33553827ebb20d188ef7955940dfb1f8496.apk,26283,57786,3400,8084,22883,49702
27bb67cad9a061481623c58c104310611c647f2190e2d3d5ab8cab7b6a97aecb.apk,57822,126550,10304,26552,47518,99998
000aa1f313ddc02b9e365d5dcca92841eac4f40cb88f595fad0a872d14711536.apk,22143,46625,2947,6507,19196,40118
157ba33fe6ef287d45e010d42e039685dd2df0d2c524a7baadc9b63f956a8dfa.apk,64866,130740,6283,14284,58583,116456
0b0d09472f23de5ee9a9fd85355443eee7b0a68a16bbd496f4cf1720e8070bc1.apk,40293,76937,4369,9268,35924,67669
285e2114290e22bf24b6891ef005e773dc4fa5442c0cca097b9b634e86a71f20.apk,42622,80353,3930,8580,38692,71773
0e4e3e5c912d3baf383be4162af115f2f67dbef0ac84583488848dd3cde78ccc.apk,32824,61749,4247,9999,28577,51750
3340bbb6b4ac0131713489f2e808854ee355d023e3bdd49ebe440030fc9426e1.apk,3664,5673,542,816,3122,4857
0b3d1a1912ae0ccf1365881ec667de2d6cc29a1addce20aa5871c775d86232cf.apk,25353,45213,3010,6339,22343,38874
269ccce1db55f65a7e4f882608fb4ce544fd713233cb4f5c94fb99e032398034.apk,76596,171703,16896,49255,59700,122448
001248a66e178bebdfbdca691b841832d4b2c04ef295a17fbe9b35f726d10a21.apk,44984,93725,6012,14353,38972,79372
1ae2c65d4363654c05dc2c5dc91458b1bd7b6c661527ea1a1d39f718a6b4123b.apk,86620,187421,14015,35514,72605,151907
2fe0973880e34a9b578eae78330a0d27db7801278795bae90fb6e6b4073f22fe.apk,64914,133667,8728,21900,56186,111767
245c254057fc89f8aeb69ed1c6eac552e9b4ef6cfa70040bc4bb857e0baa20ad.apk,87580,174871,7997,19618,79583,155253
01ba83392dc6ff8867f9313b98843fabfdc1e1c9ff6a8ba15c824e0e3773c274.apk,57641,123491,6289,15571,51352,107920
2d02aa74f3acdbc8b09407d7e8e235df30c0d7eb3c5fcb903d300e0598b89446.apk,57030,117383,10645,26513,46385,90870
296316b4cbd3125c69ea44f7011f325980c175a539dc67450d40ade168df2bf9.apk,25980,43608,1968,3657,24012,39951
0dd9cc91552acec916d31fddb88549e9e50d5e14e534709b5c2306f7bd5a98af.apk,58973,115516,5448,14224,53525,101292
0128802148124451721c607c94e58b6664e19fe0667589949c3ed87206a58392.apk,61608,127463,8263,21388,53345,106075
2012b297a7a7e08371f9cd41f35c702d6e5868f48bbe8f4a982584e7272ed0b4.apk,36620,73552,6281,14481,30339,59071
1dcb1766c600e86b3619de1c337bdf5360eeeed77bfb50414a4f5fb36c597c60.apk,56234,109678,3032,6401,53202,103277
27a9d4711180aa6a8b9bb59e1b7ee7d744392d32f2c5af0bea616ff683e0a420.apk,27594,53202,1131,1907,26463,51295
197d76d43312bc26d5b4ca4b6104a1d03ea0cf38e88ec8f704e9082f329bbf04.apk,43585,86768,6450,13117,37135,73651
0f53ba30b8fa6e814a7067e4afe4aeacd86cb74fade767fc6a8795740745d2c3.apk,18254,27628,1247,2449,17007,25179
18f53d10be1e5e2c4a584494f50c12007fa2af5805edf1bba0daa3fd8927b7dd.apk,58383,131086,10586,28177,47797,102909
0984ce5aab2867f0d65cc3486186a0d06c491de3945c0b73dd68e99e85fa2cce.apk,89701,186175,7350,17796,82351,168379
05704fc60eb8c341d5e6749f4e17b70ab39006e3e86033a58ba3d1d900b36f76.apk,13209,26754,706,1259,12503,25495
25c615670ac45192a5de99d3948b599051e0cbc70fc9698a5c81409f43486ab8.apk,16085,29179,1285,2275,14800,26904
2ca3897078c5d6651ff7f99c80d56ec052e0dcd1864502f6ce3773bf15e486f0.apk,49149,101163,5315,12224,43834,88939
0ce9e3304c851d5ac863deb9f1a247a78fd0c5d7bbfec31ca40e703e5eb99b08.apk,106673,222009,8410,20938,98263,201071
1b45a6c9c9f2f76b366e0afbe12c019bdfb1ede7f278bf79411ad1efbd1a35a6.apk,4026,6250,585,892,3441,5358
2c6dfaeeeb3e825c84c5e4c55343c31123e0876da2297806f30b26396998b990.apk,30931,69896,3876,10350,27055,59546
00be2e75ca91895675879a869c24547f3f71edc7bdd6cb873a7c8d421a9778a0.apk,34796,83470,4872,13646,29924,69824
1b228951289f5721c8d2354cc086a894d36b3259617f2b90182e389e985d88f2.apk,61639,130506,9717,29378,51922,101128
05b21894e5ae1d4c00143746fcaf3fd73e52e8dd5a0ac57ae692a8fa19acfc75.apk,20043,36894,1514,2772,18529,34122
20746ec9921bad4b74ed7deb95ea316f15a3e8f05c091b234b588a5608f8784d.apk,28352,46935,1976,3539,26376,43396
2e752199633ae81cffd1e5069ae54e57e134623622edb83bf6135a2b855def1d.apk,53043,102996,3279,7035,49764,95961
2e0051e1c0be4d6c3ec4e8179c7e9514211f6b3aa59d2a79b360d5fa7c67660a.apk,74807,176002,15817,42024,58990,133978
222c3dd56912c6b4234f082243b09f27c45d9b6d92c286b41165ab67a915a419.apk,83189,170633,6512,15692,76677,154941
0ac4e891a639ac97a932210748623a0e0c68ec44552eff52d02272d49bdb2f42.apk,28421,58932,3384,7465,25037,51467
0e7cdca588305375c42dada451221e0e81da07c9d821f18f54a2dae7040de249.apk,64248,133108,4113,9668,60135,123440
096bb6542dacb300bfb7d9865ea92ef47c0ded3ecfc54beb65012e6419ea38f2.apk,20744,38013,1342,2687,19402,35326
0edc4eaf0050608c251662262ec92b77efe9ea97556b2da66e6e275d4220e072.apk,70259,140817,7642,17663,62617,123154
2a2a008fb0d9e62dc2ab81bfef532ffb7093ef8b96c5743a5efa7c033688cef9.apk,18497,35902,1907,4086,16590,31816
120536f984107c8f25bfc4533c7090a9b5a16c22fbcf36da6d5af2f2fcdf70b3.apk,76455,168817,16336,42815,60119,126002
035f1183ae7e31bd7545d815d20dab8aa74ff6ed68d8de930ab7d869d3393f39.apk,46297,104636,8372,23413,37925,81223
0d25b07572c8665ff13cf1bb5771585c69905f3cc366efe7c26467eaf5d50c87.apk,80799,169649,9099,23970,71700,145679
26c99cccf6a04e6bd0a3b7d7afde05241b7289d49d6c27e4e0b065fe4a9ef0ce.apk,63379,134936,1424,2933,61955,132003
210a2f3bf3f20867ec08aee1c5b126909e68fc5004b393955698eccfd9cea9f9.apk,34542,65258,3759,8760,30783,56498
1b20220739971514351cde7db8dd2a7e643fef4fb3277cdf78223968b873ee4d.apk,48233,98766,3266,6891,44967,91875
1aa7a7b6b3ecd94fb511730290edb87b0218d40e3929c841d62368b7979ad155.apk,62272,122237,4874,11150,57398,111087
04cbd693bf39bbc34d0a96f73910b24e8a7bdc35ab7dc23e5fbcc432f104092b.apk,18857,38728,2745,6048,16112,32680
25a64b0133d953ed95b997e796e4908645b8878af799240243e4212409d99de9.apk,36909,75267,6263,14323,30646,60944
08db1c4a37c0ffb98c8348199af869fe7a36140253979a4813441c8d3a0f86d7.apk,45380,96882,3878,9018,41502,87864
3112daba3b3d19cfbbce0a884ab97df2a251b7ff44c42c8cfb3dc90032ed48f2.apk,83075,168681,6404,17019,76671,151662
05ed94fba0a08a001d5c88770d632463ec38635b1b298e9e5ca72446d90caf04.apk,81848,170858,9612,24477,72236,146381
2482c88d3a6584867aa709c5bacba86d2020ff30c1427eb35fa5d99664a7ccc5.apk,35111,82253,9965,33419,25146,48834
258a3af862afa1e885696f74d8e94d4aa32b1a59f288efb7bdccb34612b41f0f.apk,56857,111366,4277,9821,52580,101545
0caf786761ebb91b90b437af2fd123d31d41cb806930bf46a387112c8210d335.apk,76784,162638,16688,47075,60096,115563
1f02cedfebd97747d59e19e4e94ea9dd198873f9419609eb0eefa46583285a63.apk,20535,39346,1084,1895,19451,37451
2310dfb748e57b95115087711dfb193c6bd988d5c68fea85b739adb8bd325dba.apk,59731,139207,8079,19343,51652,119864
088245d482ebfa8424f718bc2bb2157994338268a062b58b17454fa1af94638d.apk,28526,53949,3219,6935,25307,47014
08cf82c610366f78dd114635f75f7f45f4a0b7e7f61f8bba602327fee843f784.apk,53699,132051,9203,24883,44496,107168
3149064ea21e4f6741c76aff896c6a2c4dcbbbaff4bb5ad78fbf9876e2cf1b75.apk,57812,112698,3410,7090,54402,105608
12e8b8b7336ad9c5d8a5b3125d5d0c52557e66aca9e8cc5d64f2439ed69c9af8.apk,61647,127763,8974,21205,52673,106558
0cec9e22ba89377cc2ffb7029829bc0b78262a4c53c454e27a6c9a2a1d471cac.apk,29030,57031,1531,2813,27499,54218
2ebbd567b441fb3df319ece9328b730c85b896a7e2535aa33ebe9ceb1f888c2e.apk,34496,63803,3213,7093,31283,56710
1adedc50883563af586e55018a92b864e39aa6538baf38140f92112c70e0099f.apk,49500,96433,2606,5182,46894,91251
21171dde5056eb0bf273707b7d243305224af72bfbc915b2954ccd67df4ca312.apk,43130,89044,2166,4573,40964,84471
129605a492f80ff8a2ce5decb64b887fd9035a0d307458dfbcc4bf29f3ee5263.apk,98085,191770,4446,10387,93639,181383
032a47238b7cedf00b848617ffe05f131f7c83b0005e7ae9530b9eaafeafd768.apk,9635,17829,965,1770,8670,16059
318592ae0c75d2acfac1c24f863cf2787b2ade62d6fae9dc7cdef5ae487b8f7c.apk,1906,3708,469,964,1437,2744
20d3075d1299e6d1a14143f6493c102aaab991ba75f4d1fac67ff4435ea1560c.apk,80982,160855,5840,13253,75142,147602
29c43615b8c46414868960d3d5ad57ca86738c82b5d6dbd2e134ba75a747815f.apk,53754,113287,9565,23033,44189,90254
2e10884c6ab44c7bdd3e46b6127ce9c4eba797718baa0a3e91c2d551f245d970.apk,220547,589834,47066,150927,173481,438907
3087eb5f211411473366dd19aaf4adfa883a37c5b683e1e201169d13cb1a98e4.apk,1118,1674,194,337,924,1337
1e7b13edf8ac4001d355195c0175eeed61481885ccb029634c1c7b184462d4ef.apk,58105,121080,6755,18409,51350,102671
1386650d58cda34ab261026ffe94585c68030272ac0d331c7b5de8f51f719258.apk,53429,114291,8534,22097,44895,92194
339831191d4ec7f782714fdfe2942ab287c92da518ae9e994d2a98c25c216670.apk,45817,91549,5518,13319,40299,78230
199693ed10d799948ccf90e53086b7f97c0c8945627e3327a301c4e6e6c50380.apk,38327,77071,1160,2175,37167,74896
0aac09e33127017797b4eb4411b31a02169b18e692358b1d9ff6431e5768cf5e.apk,44408,89293,4687,12237,39721,77056
24be1bd69ced4ad80ca1df2b85f7318671e9289cdecfd1bfd82669fcd6289cc1.apk,58526,115981,6632,17099,51894,98882
2ca73c24c051a47eaa66a7246c60198c31e9725495b109d92a18a64c82c49d34.apk,68938,137093,6623,15549,62315,121544
2b861e27cab4fc2bdaf875a6eff3013559ff94fb74e431c9d0b76fb56c9b878f.apk,47544,91378,4476,10349,43068,81029
1dc441aa09c97584e557cd52c6781c987817fd6e2bafe43556abc9a32c38c69e.apk,31288,70110,7514,24677,23774,45433
30b8bac56822c7f452c7ad3081a887125eba5a68df9376d2a7ae33e2e416e898.apk,49180,107976,6925,16626,42255,91350
0cdbaa206f8ca87c35597bc665f5d4ab5597dccaa255eefa7e6ee93520766f7f.apk,64151,138074,3087,6399,61064,131675
0c0fa06beffc3c636bb0b0664e10fd5303b20605cbdcd48e12018633cc10d418.apk,63903,115557,5794,15453,58109,100104
07f717726001076f8a89c530972498aaf87789339110711ecc34b2e0f879c328.apk,67985,150986,5885,14938,62100,136048
2e18d019b0d8b28c89fba3cf9293964b070f639628b0af629bf581e667d5ce80.apk,20573,29635,419,604,20154,29031
18d4d0bc5010d674de1c5487ed2bdee291de6ed1599d9ba8bead9bbda4b19d64.apk,96905,210040,15152,37279,81753,172761
2c039b8a67d934ef5d2e3116e9ad8763307463765cb2fa086002eee1008fddc0.apk,41195,76016,1595,2889,39600,73127
0b376d46f47198635b8647f50c9991c29620c88c4d80bdeefc1a4643a0b785a2.apk,14817,27352,1238,2084,13579,25268
0551a5f592ec78d318389fc8177f93130a6ef1b5fd4d981254a5bf0dcdcee3bb.apk,35324,65003,3816,8288,31508,56715
248aec813ef3a274ed3bddbbe91f172194f8a0836a537a6e33febbc2a116682a.apk,38895,88254,7185,17612,31710,70642
2ffa140ea469bf9046beb6e408fed32d33e4e920f30bb824136e832aea92dc1f.apk,50502,98741,2718,5642,47784,93099
2f5be39036d6a27af802029359b5e9ef73006743bcd2c73e031e3ad4c76a1535.apk,19630,43399,2841,6706,16789,36693
18210e927a87626c179cbff8fb70e522c3c39db80715f077dced2ce76d47b6fc.apk,46064,97656,5132,13850,40932,83806
153bb97e42cbd3829d3e04d9da59303bf2fb3c4465bbf4a9ab5d26c0a180e01d.apk,47930,92487,2453,5016,45477,87471
33065811c90a08abbdcc803f6ca2f2cd2782bc3eaacc23162e9c04f16cdcc7e4.apk,56127,110635,2997,6483,53130,104152
33ce9ab9d1c07feb7fa4107bf21fdcba1a63ca877723d7bcad928037383bf190.apk,21339,33684,1992,3965,19347,29719
2706716563d0a3cb4726f8010e016b48db8e08ab77c7a1e6558d39d99cba4ef4.apk,19002,35882,1818,3993,17184,31889
29149f9908f7cfce383348714fc1254299093b303b9e9428f87c4eb3329d31a2.apk,61119,123968,8746,22301,52373,101667
18836bd7387a542d12a18c990f8fff8f5a626a9b1e76eabb54234fa4355559f6.apk,29273,77656,8832,29775,20441,47881
0c6ff893d0d7642dad682bbbcbacffe354cf71b26845768413ca3ec122932e25.apk,20988,41805,1899,4120,19089,37685
33ac3280ae2d1c783cd8fb4d460cf1bfb99b306607e62e937b19f8bac8fef140.apk,5895,10611,534,808,5361,9803
331ea561f233f27de4396c80e8af4abe3790e47a92ff5fe27bf1e1e99b27f162.apk,41151,73894,2374,4493,38777,69401
1640f458f45748e03c9156ea63df21ef0ba21a3f59874ada0d5e5434448f757d.apk,40364,77311,4923,11302,35441,66009
0d6e05fc87ebb244839db0028c85b3807b4b337fab119c4d1e708907fe12d4a3.apk,58491,133099,15099,42008,43392,91091
0f061db06e217cfa481077d5e3bc69642e32b80df756bccefd63b3c2ef045e35.apk,88857,255113,10391,35857,78466,219256
19c53c2c1a13260eb6478c76cfd1917ec6f11d195a7fcc05ade37a74f8ebe19f.apk,11075,28016,2123,6599,8952,21417
2d572bb0f222e2ab9fe0ad0c664b948e81a4f81320dcba04fe34c1a873820d9f.apk,25630,58224,6082,16760,19548,41464
255b4b1ad99dcc8cab175b39f84c14dd39ab1cc868a668dbd3c98d0c08b692c3.apk,49437,108252,7489,18588,41948,89664
0518a70366db5786a5207037c416661f36f9058cff83ab88862b81ab291b3d95.apk,46428,108037,7410,19794,39018,88243
2b41a5a3c1a941eb2f9fcea63cbe8f9e9d19ba3a53ef1edf292defe8621c9f65.apk,40282,82653,7908,18861,32374,63792
1247c6c105e95aaf5356b6c7965f3b6426b6fe062a38a59ff84ac99d16301c8f.apk,49370,94511,5600,11945,43770,82566
0e764196b28d024ec3a3efef378b943e8bb0b4449b09f9db7e58cb242a0fb1f5.apk,92271,192059,7069,17313,85202,174746
22c5fde7268ad31239fe5bd57d406c3eb4164e82092d7073f1397525b06e49a8.apk,5104,9354,716,1500,4388,7854
200d36af291e1837b26e24f9396135d17e0de85cd977b711b77872ab7f359193.apk,85664,190570,17556,49844,68108,140726
0d7b45c26de2a4fe832ab718c33e56e00da2783f4bfe9a43b55028da1f2a522e.apk,37854,85859,7625,19739,30229,66120
125f714dbd0f99633072202324d9528633bfec5413a2a254dcbbf89544dc0cff.apk,10527,24322,1946,4728,8581,19594
16b9f67d519d893c7d787d3d5c8dfde3313969eb698652d8c9ee048a4413fb94.apk,79807,181046,17299,44553,62508,136493
09d846bc52953fe570f5fa30a599894a86c52ff03203901a3de36117c510dc81.apk,51618,99091,5785,12962,45833,86129
264f9bc4cdad18770fcbe30ebf03f5588e3829586de7c7f253dea7395f6679bc.apk,42625,81697,5626,13680,36999,68017
277c63d53a9869859d5bd34f70745dcf6c35d3e49fae8a2fd47faf504634b47d.apk,36167,65850,1145,2157,35022,63693
22e545316cec59ab20b40fc57060b318e9b81c644f1ab37412f09240c3e57e12.apk,34940,65539,3667,7916,31273,57623
07f32c229d3b1a4b630b996ffd2ae0366c4c39e7bfb053d4d39a1e8da24af2c1.apk,74007,166162,13231,38620,60776,127542
311e82f8da5d122b78ba86627a4f6b41ce1f0dd0da7182f7a5ca728eea66c467.apk,45195,92776,6349,15944,38846,76832
06fee9b3bf839701ed5dd43a0d055fd80dbc5eff50867731c0c86d3220a2e75f.apk,75837,153249,5018,11649,70819,141600
2ffdded79134f5ac1ab5775f5235819f9d7879948e521e4f806fe3377396c003.apk,12975,19213,914,1884,12061,17329
115f8595105761914b566896fb64fc70cd563cc723f4a5819ed6d7566ba94b88.apk,14817,27352,1238,2084,13579,25268
0b287b31263949f372623ee2b9a2ce8ae51a72ff64299aafd0dad3a91e641736.apk,61673,144032,14452,40514,47221,103518
1febb8f4be4e7225a222a1d1af13d303f5fe0f061eda8aa4d39f5325e6e6c537.apk,19768,39953,1176,1940,18592,38013
0dddb32bc129f4fa018c9cb286e2018a5302916e890f2fc526147bf82a507316.apk,47816,98321,6643,15640,41173,82681
11b0092c119f750472456abc16f61de83de2c8424da29f7c83fe248c89d94830.apk,43564,89048,6326,18327,37238,70721
2af13143a51f53aaae209b9bd0cbd0d7274c1e667754ef627cb1cba9ab9cb0d9.apk,64151,135809,8805,24037,55346,111772
22830d15d56b7383f8e4c437833d49cd7b7ef7c70dc1e9f57dbc2ce5e5e0f8ca.apk,64289,140097,8311,20336,55978,119761
26e2902c2bb7be3d2971179bfe76cd990c85af42231f62b2a2acab055a81dd18.apk,31322,69379,7724,21381,23598,47998
0fcdcf873e2bc668e688f0917aafde93760cd1605dea984fbd6e301aa84bb5f1.apk,44210,89708,3453,8370,40757,81338
12cf21930ad9c95486e5df8ae00998680e8f8e60a2005d5f9503932e599551a5.apk,47869,95249,2851,5920,45018,89329
0730977438835ce4f8a42159cecd68b77138711b1086a964d9675cf4a12042ee.apk,52691,111427,8143,20825,44548,90602
2ece57c8f7e3786d74ef9a560a2710b5f93fe92ce827db20dbaf69b4d21638c9.apk,18750,28062,458,658,18292,27404
0d2483933dc52acf4aced429d93c6265e5d4ad1b7e96176d4e9ab7d4b6058707.apk,35630,65891,3689,7363,31941,58528
1b7016c6b08507b1416d872293ed86a5fb2924e0c6ec888d1509cdc4679de782.apk,30800,53817,1844,3499,28956,50318
318d50c6d5e0743d52386572998e2451e58f71b05711382a25d09b0c35a5f1b9.apk,73940,163502,15156,40924,58784,122578
1d06962e23654933e478869da67b696c54b600736098996dda31a7bb3605bf7b.apk,26563,51158,3132,6915,23431,44243
288a412b8422c1f0ea54fb1f2e7287b21507d21502d021704121ae9cbf8ce183.apk,36837,68928,3570,8116,33267,60812
2bae47eab4760010881708bfcaa5eb897d62e3d342c8a17b17f58ec57c42fb1e.apk,49979,120051,6127,17524,43852,102527
08ab92d120943e40c0d2233f1ec057f132fcaeb3982f68ba0d289a0fcfdaa4a5.apk,34314,63623,2969,6495,31345,57128
23fb62dc22a8474405a710921d2fdca55c94ac47be262dc366b2d0a660a1a234.apk,19057,38484,1914,3798,17143,34686
07ceb7c6da08df6285f600b3573824675692b84f7a6fd3eb684523005c52ec42.apk,35618,76933,2927,6843,32691,70090
313c7686e4ef5e5c04d136e531baf5722411038742ec41d135d1a78e2fb099cb.apk,8867,16589,1132,2388,7735,14201
0a203ea56aa476e3380b377e4d55e05228a005bc9b2871ca0354031c476f32a2.apk,73636,155812,8039,22457,65597,133355
09b73df8c1a649a7a41ac727b1f6892b791244445a1a73a1fab2228d7b9b9ff5.apk,97462,196374,9283,22254,88179,174120
0e316f966f4b3c689811e3341fcc1586d777882807fb2af3b42b5676a9630188.apk,15713,22515,353,502,15360,22013
197f1182ef9643a303d7c5da9c52af55cc5249a233509300c47fc0dab20dbdfa.apk,70198,148214,8857,22381,61341,125833
108af30ca9024d77ef06478d26f5193a43178eb7d1738476006b3dd8d8f82dfb.apk,56082,117474,8317,20604,47765,96870
16ea391fc56f73ce52d02fae6a9b8ea68ebdbcf103bfc064bb8affcb8f3f38c9.apk,63782,139373,10572,30832,53210,108541
19ed32896c130c450aaf331636782b7bedea5f3f613f4eb8e808544006bfb441.apk,56832,110234,3833,8577,52999,101657
0661abb74f5c1edcb3931699aa0a9079556b850599bed70ad3ea1d8b998dd2f7.apk,58208,126252,6577,15954,51631,110298
016453284b77f5218663c65364329799ea23b2f1eb4251c1b5e69ff8c37367ca.apk,46551,108427,7411,19817,39140,88610
05efba9a5ef8f0e12448ae931c1f27e592d9ecf9cb789ff881ebc06bee6ed1bf.apk,30713,66498,3074,6926,27639,59572
0695220c992e207d0630d99b06e646b5e3f78e1419b3d270dcf654f0973e7a53.apk,62360,126597,7586,18158,54774,108439
02a4db1a4c041e4c72f6f08a82cb3bcdb726e742050c996418c07e78c8d68e24.apk,43758,86507,5084,10954,38674,75553
3097cf0970513bcc35d656aa51794b73b20e66e2f03251ba9f58fe5a3068a2f5.apk,71523,146859,6747,16057,64776,130802
1cada547406927bc3f806ecd7cfaf6611e420fb12f0087172db19f916abec7f4.apk,105208,227657,11496,28229,93712,199428
1d9dd13b2491bae7140299d530577ee58f0963167a0b16025eb641ab46ec7a08.apk,28338,59730,2140,5087,26198,54643
0c7f841a027d7281886a656644951e0cf62218a5b00f5fcd2986dca12291d934.apk,82495,171579,9752,25524,72743,146055
2f3376212305174b9a6ecb1dcee0a5827bbe4400d7be7039cb3bc495bbc01f2a.apk,20475,45688,1610,4217,18865,41471
22f073dd2419227c8798c50736929a0a40d00c01f0bb239fc12e21c4682c740d.apk,80451,156265,4773,10619,75678,145646
2de19e6a52c1544613318d1147674743c2871d8bb01505e21a05fd79fb5f5341.apk,45284,92881,6958,17679,38326,75202
096beeb9e4f097f5128f660d60c822f741e3f8bb56a216a3b70a34f79fd0a780.apk,33284,63467,3536,8213,29748,55254
1ce190486b9b7db88ca7b8caf94d1feaa46a972ab739dca6ecb6e773bf878e3b.apk,73190,158244,11010,28054,62180,130190
32cadfb1f0e2dcdea500f504d1d186429127b4dcec1d944b098846aa534ea7cd.apk,25089,42308,2433,4770,22656,37538
31ad1a0b73a22c2923ad0bd2a0434681abdfecd8003a2df132ebe8e7816f069c.apk,50560,104446,4893,11410,45667,93036
07d42f7d106e33b4a9974124209b6ebffd07abd6a6bf855779cb77fb8d1abb7f.apk,45905,83405,2284,4480,43621,78925
126123266a34cf5079a3345dfd5d30ad23b3a5ec6de6b8faa59c4d54a9d38912.apk,42361,82995,2241,6496,40120,76499
28b769f7ef2656faa72a362267fad0b8648fc1f887da5c4af8249cfaff37c52d.apk,32386,68693,5087,12030,27299,56663
291927252c89fd410c89b0f4fd549419dc5ec4b7ef8ea047aaf0ae4418ed3df9.apk,45651,83432,4721,10487,40930,72945
098abd5580c2d35f316e632e8f255656c48d9d9faa667536fbf7fe35f919c11a.apk,52237,100914,4305,9826,47932,91088
13fb20e0266d31f8f02b034ef479977b834b10d74fd859bd390d03f634128e9d.apk,33185,64781,1215,2438,31970,62343
1393e2ed452add819c17c909067e4bf6573d9d711c309b06463ced2ed24e2d4c.apk,65070,136782,8813,22840,56257,113942
261f154b02e7d874175c504f294cb245d0d52c2b3c201bad0440a47ccdc4ea15.apk,91878,195919,6618,15966,85260,179953
23b6f23907034aad6402e02d971b67f173d285c53880d34570b0c77c39a90fc2.apk,106006,241525,21899,59406,84107,182119
24befdbe89b933acf624ee576229412f69eaee898fe0ac98c44002232e72ec1a.apk,58629,115019,7303,18632,51326,96387
20111d4e5c779bcc326135a2750999d87a12a2160a3d4b23146a21a8ab6f7fe8.apk,57530,120399,9556,22985,47974,97414
2e1f3002543449d1a5617a3b5f3c61c0a5a7fb2450986c45b7aac37e50ecb846.apk,70030,157807,11900,34885,58130,122922
1edda17f72b135283ccfa94cb754461b5971c197ec04244031a2b783468e274b.apk,20015,30351,423,612,19592,29739
0ee611c3fc060c877a589badd5a7f3713d200d8060124df0d086c057f8721c40.apk,1827,3454,312,632,1515,2822
19b6299f7f4f09274cf614ed9f41886c0ccb0e017e375c00ab9ff7986ce074bd.apk,22999,43303,2247,4375,20752,38928
0dad5399b99d1c2cd66ccf2a4e280afebb8b58b4bac9884b23d9fb618c227a67.apk,40121,84369,5847,13679,34274,70690
2393b26a19d24e2511b3103142162e179076c10b7029dc3618ad42d7a6e3ebf4.apk,55376,105669,2571,5227,52805,100442
1ad2e822208dfd7c5553d43be9a28b3e54598bd586b425ccc9de92aeec263c42.apk,45483,94509,5002,12694,40481,81815
30f3b923c1c6869a3000054e6de50b125e15c5b26f0df94f9493a0935b06954e.apk,29577,67544,4759,14732,24818,52812
0949164ca781160434d4fcce4e91fa790480b16827392b6b6ebc4dbcce2ef961.apk,52423,99268,2297,4888,50126,94380
267ece5b6b9f4145f814075629faaab36ea804c411e00aa6cf868d886d9fd25f.apk,89542,203589,16464,44641,73078,158948
168dacedd5fd7dd457939f88a374c93ffa78e78af42323a204fab364012c170f.apk,63496,120284,5938,16391,57558,103893
2f9a8a22af6ecc0e2bcdcb2984e3e1c11e99dd01642231f7118e7dda4b60f15c.apk,30077,44964,986,1518,29091,43446
098bfbd231d41fcdc9e73ea5848893bd95a07c17c77d6f2408b69e6fcb1e65da.apk,36550,73126,5631,15990,30919,57136
0219abed1bf5fb2e22c3744c4e49a35fa1da5f2213a153fca1c554c8c3b288bc.apk,95464,194012,9762,23939,85702,170073
0e626fbcc058079b319da745e975cacc4bafd01cf0a63167704d97d86e078900.apk,37294,68440,3154,6991,34140,61449
0379578465228ea95406b775a10dbd077fb499554820d7bbdf2931c20f6a8768.apk,67099,135512,5086,11960,62013,123552
3225e6f7a5ed1c3af5dcb2671239a2102e65ff74c3b68587be161ac3f5717180.apk,91182,238140,13667,41186,77515,196954
1c65f192e4722bf1faf42bfaa1266746a887d18bda72b79bdc50a6206952bc3b.apk,41891,75698,2035,3909,39856,71789
2509160805f8087bf1fea9745edefd4e0cec40263da7ec64431197cb07512a8e.apk,82232,170806,7714,17030,74518,153776
162c62b11c2465ae55a1299bbb53d35c2050f340f209cbe0a2af8391c5a1cafb.apk,55162,109778,5772,12777,49390,97001
04d22a0458234599493dbaa56472b5b4a59f97ac555f671640a8f70200618ee7.apk,40890,78501,4484,10918,36406,67583
317a72adff79b5046191efcde46bdf1a59788bca1a3418df154a6a130e11b83a.apk,48885,110553,11136,30040,37749,80513
1be88a898960bf298b9704dc2ae41a4cdb4e971e237162a083655102b744bfbe.apk,38656,74961,3173,7334,35483,67627
254c9e286d430f4c2f335292d02230793faf533f1e4ccaaad08cb7f6072eb9f2.apk,73378,176438,12008,36636,61370,139802
315fa5f7e3dcdba86ebd77b2638d2b317d174d2453010bea7d9df3593792097f.apk,39615,72811,2055,3863,37560,68948
076b7b9f42946572497b4a2c3cd2058fb86e72738f9056ff44c60710d3678533.apk,41929,89722,3734,10767,38195,78955
0750f5c2a6436060a33631bbb3ccb0aa900fddd7027617b38338806f2a0c8449.apk,42278,83443,2989,6663,39289,76780
039e08a2d4806b5dc59e088f6208ebaef7604d84838c057543ed6241bc542d74.apk,33605,59912,2470,4846,31135,55066
12f2219d6d164a70eea152aefad30270b3cd7e2e79b267221eb44dfa27058c78.apk,86617,178539,12124,31254,74493,147285
1f80ae2602a6dd82dd4626b68adb094e1ce1261fb5955cf38e02dd8e23ab8439.apk,96376,205648,5823,13465,90553,192183
0a4283aae30826fcec591a4d0ec7876166f2aae04a1336f02c18a60e4c46125c.apk,94021,192344,3569,8750,90452,183594
14dfb6528effab50cbdf9eae0c0a01b57e4e19586587e297491bcb4011494bdd.apk,42209,80067,4119,10634,38090,69433
2eca3bfaa42dc808bc68fe0b23a8ea83e0c1eec178f16e138d465a5a97487b91.apk,18764,36022,1981,3959,16783,32063
102c24ec654fab521b9b9f802c3ec96489d3b7d7ff513c01c4117bb7da25d2c0.apk,60410,123842,8918,22214,51492,101628
09296108366f458513fd941f4bc0dd1609b364796faeb256e6e02bca957002d1.apk,21598,47824,3102,7448,18496,40376
2d51d4697b6a819a260b30c601a14157e9d4d6a0f62426171e37126a7c56b08c.apk,39551,72634,2927,6529,36624,66105
2b559f1c50d1f0c177e359710cf4f2e9e28820e77eab8ff14ae33ac3d5c92354.apk,22940,43793,2348,5026,20592,38767
079c8e2e22da0fc2e6fb38d7add0b76c2013577305a7c51933abf17da80a942d.apk,21977,35893,2169,4481,19808,31412
2caef7e50748de7cbaf79b61dedbe3569823383e9328f59476301abb7248c45b.apk,107844,216951,13626,36344,94218,180607
00c3aae6b765da3ea08b4cd61edeb76ed9824573b7f65a1aaba6b69db422ac7f.apk,21456,43345,1513,2621,19943,40724
06bb97de6bb6fa0e1791d5d8cb1006be82200b9a321a2f978c1d071f43f9fca3.apk,61885,126485,6834,16495,55051,109990
2dcfee36966245db46ab178874a22a420b7ef55eddd04c3e60af259c67292495.apk,57226,92595,4702,11332,52524,81263
2f9e2be3661ddc4c5fc3bbf224b64abcdf2aac1867b9f057526e325ee0c6cdf3.apk,27433,59107,3233,6832,24200,52275
133f752ac27855762ae64a25cda46042120e2dad49708946a11d3c215238d703.apk,49786,103794,8252,20462,41534,83332
0f775e19f9ba9af1277bce1926230959724f34bfefba3869c7cfe0688ab2b969.apk,41629,90393,5582,14727,36047,75666
15d95c92a6997b78de99be11619e4a48925f28deeee63c791ee4dfb997d7a0fd.apk,1168,1837,190,332,978,1505
0a9391e0fbacb8f57aa1a750ba4dc6146ce798ed06360bdf4e94a839aafc8483.apk,37301,70014,3835,8415,33466,61599
24fb9bfc620f16acb21554bf2bcf95c2a5c96f789f6c087985d9778ddd216c9b.apk,69528,175758,7227,20966,62301,154792
1f323d66f4fb59454e03327503773fa46468911fd1e1406a453d22b2901f28a7.apk,66979,137075,6193,15111,60786,121964
1b68cf4d5f3c6122f04f3de406884bb80ffcb2805c1a3c7ea9bcb93d6064757f.apk,45868,95312,6104,16969,39764,78343
2f758dd14ae34d4ec5bf1274debafab412066ec472cc887ba6cc26f0ba208d1a.apk,57835,117220,8345,20717,49490,96503
1a4fe906cfa5062b0a5466c156a41f96fa38e67f795411f4818743912ffc5f4e.apk,43096,103358,9905,28989,33191,74369
064ee998e89ea51342e3d38596c232ebaf9d3ed47fd6963fbf7236457db55399.apk,60015,124272,7013,19945,53002,104327
2ca5c42e28a59796455716a3ef4915540c283575f0baf727980f81fc06a7726a.apk,42548,77612,1340,2354,41208,75258
06028bf5045a0c795723b296147196d238408dc0e34de2b089c3d61991caaabf.apk,42169,86849,3632,7544,38537,79305
1aea40ef58eb27b13ffd68f898e7b3f2632125042fddf65120b1e25c87db0c76.apk,33814,62982,2695,5553,31119,57429
094f57a21b9052f8fae30ce5c054ee2da4b0a0ad86ea84a908ab13ffbb2e86e7.apk,28326,48543,1955,3748,26371,44795
05f0303d92ce80c298e33b13af2844a875f6ce4fd6b81ff1861bf2ae96838b96.apk,4910,10402,1275,2733,3635,7669
1dfdc03664d22dd08a33a82a9aa340cb3cbff80cb18560177fb50a399b5c4171.apk,54018,96811,4979,11518,49039,85293
1fbc5b05270cacde1798b72d6ebd6519a61dca9ee929d52b6ac20e6b48054dae.apk,81825,188876,14856,42874,66969,146002
23287cbe33fda35404d00127956c33f9ddb9d660d546849c6f51259801cbf2ec.apk,32620,65247,5057,11158,27563,54089
32ff933b8fc72ba74f1dbef609f04e14141e5f4874ea612b7804c2b22497c200.apk,33677,66458,1804,3612,31873,62846
1186fc0e231c2370dc90d738ffa4d5af7d1cebb8d6df897465fc8ee33ce115f8.apk,60146,122672,9245,22782,50901,99890
30b9b6a99ed782fa430c1e327c1d0b12dce5d5a748904c3f4ba8c8a9e34c3cf8.apk,11374,24275,859,1347,10515,22928
1ce3f9d6cd288cfbff642d5db320dcdb7e55afd85753a26f19a92ecee1da89b8.apk,45127,101887,7761,19836,37366,82051
25aa9ac5d12849f367afc4cdedc3fd68c1f23ab78ae7011c87a368b4cd96e413.apk,22869,40921,1738,3667,21131,37254
29f14bca30866c7a88de022491182342aef41524a6e5a7d041e4eb8624259f49.apk,33285,83872,7631,20800,25654,63072
075c557c003ac66374bb8a4c8c88f1dfe2652a729906138e3f878134ff5657a2.apk,56710,118456,8633,21337,48077,97119
12d8c07eb170a5c5413bbc67fa70f2e6c5b848f677929513bb3c7335813d4f75.apk,57343,149959,19403,64910,37940,85049
27b9424785e885c0c7e45b146d08dfbea40245c24df346f71d1797c5001c1beb.apk,48819,108642,8923,23447,39896,85195
2c177624308798cf58d107de7e6417c2a86ad39e0a11a206ecf38aaa77d68456.apk,5728,12972,1491,2899,4237,10073
148d357e54ca79bd6ec1b20e6134d5cfe7ef54a7ea6d76d3d89ea7eb71cd0188.apk,26773,49640,2310,4539,24463,45101
2223967d2d9d587a0f3f034d57d1e50d28dee669e8752ba388347f42f15fb775.apk,78719,153860,8586,21437,70133,132423
2f1e065957b2488aae3ada73d8a56cce16555f396142d160893d31125b3ccd9f.apk,77144,162002,10576,27748,66568,134254
1cee9693dcebd4b0f783d26723724b598ad7fc28a64d3e39b9948432550fef31.apk,18254,36305,2734,5889,15520,30416
1f1fa871f4fc84cfbeb7f419267122752cfcabaa8bf06ec23a92e17ccd57371e.apk,64943,157755,12874,48787,52069,108968
25ee25e5d0b4382de3f7b4f4ec5aa1e97df06e7fd902186ef232ccc41a319dee.apk,72900,145319,7878,18710,65022,126609
2998b718d96e095dd0b9a086bc0618b571fbc91240344f6db55a72488be8bec2.apk,11387,24857,2057,4394,9330,20463
0ea38c6582a243df8be7515ac34474bc2de436c3abcbd3c64d52791978943818.apk,26358,51324,2198,4827,24160,46497
0034344c31f7b8812bc980d67ebd8dfec951d98d5786eb201f3ccfeca427cc54.apk,63668,123333,5433,12039,58235,111294
1aeed0164b1522f135febae671b2047fc79544ab6ca456a4c07346503521e753.apk,32650,59292,3652,7824,28998,51468
0e240afd063a231befbe9133a890abe7516b52ceb8ee704ecac50c70bf36edca.apk,67912,135709,8694,20218,59218,115491
32cd1f6a0152a86c054af2637d881b4ae1c49a23b2092ce98167a603f53a5006.apk,44160,88659,2281,4673,41879,83986
0e4af9e3095e43821ede8935cb34ce27014d60d62f710e32d4b063743efbf201.apk,24015,51638,2757,6213,21258,45425
068d4ed83a4aaae901ca7feba2b001cb9e1fc85bdaffe31359701757463169ba.apk,32666,59281,2247,4425,30419,54856
198629627da72507f2317fbc6ad9c79b1889d562b73f0fa9826666c93712699b.apk,44219,83950,2600,6089,41619,77861
01c8eefb6202a7afbe3b965a47d4812a9a2c88edaf39f2a4c9fedc3000e9c229.apk,22783,45544,4224,10385,18559,35159
2b2096dfb5fdadb412481f3e56d7897519d85f4581ee993e10daeab3b6274494.apk,70940,158772,13338,34720,57602,124052
23bf010213e03df5d3cf78f01c3cf7dd99a95e8fa9b20cf9d0dd42868cccca7b.apk,10482,14838,968,1746,9514,13092
2ca76132e627c2dc93939cfb54d4034da044908156ce6927cfa280f9b118bbe6.apk,51182,114136,6553,14682,44629,99454
2efc8ab036927b530d7431b2ab1b7223503b2707a901a4efafbcae6ceb4d64d1.apk,26449,49967,2723,6326,23726,43641
204e506d10fd32ef55a7619381ca3f1efde9f823fda1e4388cb13e007b78879d.apk,34758,70202,5897,14759,28861,55443
13f1fddecc2b7da6be94f1e2e3a2e4c42bc3b4e9cfd8b022249c457350483f55.apk,35763,65687,1426,2549,34337,63138
1574b2619a5d64dd436e8ebc96c342f17df016da93437a1cf316566599c0d572.apk,81630,159585,5726,12857,75904,146728
20283bf2d724a26c521daa56770611834a62aa6e6b0786e90198d1669c9fd7e5.apk,63839,124520,7416,18705,56423,105815
2f7c959112a4d1dde844047143617c5dbe0abc4209cb19cc6dc18e3a439bae4d.apk,32824,61749,4247,9999,28577,51750
1eb6ebbe8e73ec56b3bd65a1b34533184d82fd82b3fe4af1adf08ea06140e08c.apk,37824,82819,5180,13148,32644,69671
011022cf8052f1170b0c55a8e9bb45826e6ee1a39f88ff3284e6d10b8cbcb6a7.apk,57032,108265,2117,4218,54915,104047
0f96eb0023a16c16901836b17cdb9ada5edf2e593c3c18d10cfcf7f0a412f975.apk,63923,143062,10493,28991,53430,114071
2c69a6dc8c08937331934ea1f6b7d9cbfce517240812602184b14671cdbfb99b.apk,49700,103952,7371,17846,42329,86106
226b4e77c6b2415c885e5c0c4bdc2d414f1927554761e5dd1ae1e3aa8c82f80d.apk,27660,46065,664,1270,26996,44795
0f8b91053508ee67a706ab9e9a70b80a00f9d8c30291f4aade09ea17395e1049.apk,12913,17931,750,1191,12163,16740
09fa0e5b9d6f76daf0d74b2259b66ea193ba850bfc6f3ced3d3c8fa256382474.apk,62457,118268,2448,4974,60009,113294
2fb87cccaefdbe5a2ba61e1dd08fe588e5c23ef45ce36f188fd2bd29879292c0.apk,45182,89908,4674,11035,40508,78873
208b34d65d6696aa8f83cf3726656c8c5837cdd95bc7d98ecb27cd4cc5e550ea.apk,65375,134542,6330,15602,59045,118940
1b3686db1ac26c6d8e4c7cdfef1b2ace05e3d03d491c740fd3ff23dc35e1806d.apk,48526,96284,6562,16063,41964,80221
0b304f55464dea92e6640e08ac6075c00fcd38129a2f76eb6f1e11919dec19bf.apk,20176,33579,1343,2213,18833,31366
22ff3b3e6f62c8d4d290b90804f5802eca970c6765ff0ef7c843fa008ba662c1.apk,41601,84837,2280,4805,39321,80032
058120bc9f391e930bbe7dfa188cc7e2b9bf3ca349a6583ad9438cd82faf7ff6.apk,13367,22217,152,187,13215,22030
10e98ecd4f8ef6b81d3288027849ce39e24ed1dd9fb7c79035885bd7b3aa634b.apk,23049,37493,1234,2308,21815,35185
013d48228b51b063c2f5cc34afd695d87f6ba8741fcf5dbe8803a79e43adf15f.apk,36706,73618,5496,14783,31210,58835
11a90506b751e60191e2574a34d5bc3c31539cb25499f8a17a0b969093874a2a.apk,43856,89315,2292,4641,41564,84674
28dfec362005df9622d33b793a53f5bb6619a6ac1cd52e153aae5ed24b75301f.apk,96289,205764,14550,38872,81739,166892
0b4a5687d607f71be1698483c8b4a3e3dfc208a73a184fbbf1b96b8a16a22753.apk,52989,104686,5984,14724,47005,89962
224f84b34cc137483f032f7be78ec56ebcda448de90672a0c476aecb0cf5aa4b.apk,20656,39709,1548,2825,19108,36884
025a4c4f51e87dfc3ebf84b5a9c1987b44b98eeb8f0579606742f3116a04d2e0.apk,20411,40360,881,1398,19530,38962
31eecd9faaa18376d0c489f56f5be3419a01748cd2d5638452ae7dd98a37a6b4.apk,31783,59719,3098,6888,28685,52831
2a4f6176bdc40552620448a3c50d98aafb74c57271bee0975e4c3e70d7a27d12.apk,61428,122090,4734,10865,56694,111225
1b13376d020e3dc88de943e21fe45fa5a8538dd9b22ea920a37dc56e6d9ac77d.apk,60965,118552,2439,4919,58526,113633
0577b202493b9e692dfb586a5adff8dbc32c9ae08bca08daaef733974d97e306.apk,61123,127763,4693,10821,56430,116942
26b0a01c1d8de2b1557f942bc96ae4a1a2db825ce054061dbec1c4734bcfb2c2.apk,4939,9652,1728,3508,3211,6144
0a0fc9492e3c3f2f9f3f85eca4095d00e558659f952bec52a87c991e7d806fcf.apk,34408,63267,2549,5310,31859,57957
09008437c13f2fc44c0f66034ecf690c270883311b9b96e539e286e5530019b4.apk,10336,20450,545,1147,9791,19303
1db0964e038b942ffad26fcc76a93d6e16201e803cc696055c493ce06113fc24.apk,60631,126505,8559,21986,52072,104519
05954c3b5b148aaf414a57e063417ed591ad08e593ed64cee2e58423982a38f5.apk,47824,87051,2775,5621,45049,81430
2d6c7c149af1076005061dbc1295565a677b037f408d8cc17bf99fd346a4ecd0.apk,44269,88605,4435,10036,39834,78569
188fe972277bfab3505cfcb029fd936182d896283233727498bb6cc25c84ef63.apk,38584,71473,2877,5994,35707,65479
273a521ac39f0a260315a9ef849709b11f59057e56f8de85e441383674e0f09d.apk,24601,46300,2489,5893,22112,40407
2f6fb7b00c9fc85087b56ce3c7d728a2d5a48e6b5df02c251faf0a2813e6e4a6.apk,51973,115399,10964,32092,41009,83307
2f33fe961789b872ac1d2436d72ebb48de1682268ca0d75cec2bc71612f94a5b.apk,31696,71667,4299,10300,27397,61367
0ad7d32a0386a7c02812d6e43819f47561e25c69fa0041991dcca15ace83d55b.apk,64139,139705,10327,26562,53812,113143
1ed2749275674d709434d032bb01b24ff070cf0221c74b3957e0b267d07eb1f6.apk,36465,69895,3119,7125,33346,62770
26362d2887fe09b08d6a5e6c2caa5dd2ac4aa287a475cfd19a0a35fd88ce2ef5.apk,37771,69339,2631,5285,35140,64054
2c03b247d1bf327565f0057bc99bbeff5f370bac86735863db6e71bdc07ad836.apk,32824,61749,4247,9999,28577,51750
1838d36c717aab98cd7aa822db1d4343abe11e9585e5ba5c70ce5e4c2547dae5.apk,14817,27352,1238,2084,13579,25268
22062dc85681394982da9ed1ebd2b952d46c483456b1186a62c393cc4d209932.apk,40610,76416,3170,7564,37440,68852
2ec6074670a644fb4322e53151e0854b29fdd52fc928c4a897d0f29255629880.apk,41559,78801,3754,8007,37805,70794
0f74a195ee9479c05e912af74b69c565a06c68e23041fdfb85c0c3f3aa9c4cb8.apk,2616,5242,578,1224,2038,4018
1298b46af9a5a2853ec30a6a9dbb9802c3761099429321b1cc64bab9e19b21a4.apk,14885,31521,2165,4815,12720,26706
2800d293b44335e89b3b9568cdb44bcfdc1c08f53c4d66ab674f923349e3212b.apk,8555,12778,195,269,8360,12509
0c244cc0a71472035fcb70f1fe556636e7f4061284495d4af88b5900e71c41ab.apk,41008,76123,1812,3281,39196,72842
20bccc4dc6783c3eb0cd7cce0e3081c71fe3e955fe08772b3799851195847186.apk,48161,97318,5880,14432,42281,82886
298f238f01db32cd12685ab194c57264e3ba5ef556c8a0a589d2d25d3cb95b78.apk,31762,61974,2182,4489,29580,57485
245806ceadc7e8bbdfd59b1de1d393da2bd635a0ec9cc0dac1d4256261052cc5.apk,58532,112980,6217,15382,52315,97598
21572a2722bcdb1d257e8e13d734ec35fb27ac4ddc74c126acb61f7778ad886f.apk,44021,110596,9492,29529,34529,81067
3175bab2845cf0ccfb4ce9a4a8e7b5a9749717ab121f4071681bd38d3c03f485.apk,28326,48543,1955,3748,26371,44795
31cc5cf74cdf826a961748664c7bfc232c7c58b55c2ae504f2ff0cbd1ee0eb38.apk,74844,150070,5405,12028,69439,138042
122f1f0132cfa0541224dce22d347a849adb91ce9c8897b65ccced09e2ced47f.apk,64141,125619,7131,17164,57010,108455
2fa5ad797e5f0c84f3cc05cbc119ba9b69277a8986b022e69047d5bfc5cc9fe9.apk,61148,126278,14557,35284,46591,90994
226404eb24c4b9db9d231de81f3d9e9fbff4855957203667b4ff94a25fee6213.apk,55586,106127,2571,5227,53015,100900
2a3bf8a0aaae4817e1de7e472666a37f7c299e083341fe2b81b74ad55b03446c.apk,27210,43617,437,616,26773,43001
0112ae505f5be62fa8f07ba6a2bfb0a47df65df5cbdf5428871c1766c235f44c.apk,18333,30867,780,1486,17553,29381
2cf04535e60fe985bdd2304fcdee610fce11fcf290761682a546b1e3e67e3b61.apk,42754,79993,2770,5629,39984,74364
2afa09ef92a18904b0adf604bb63488066642bc786c97351f87a6652ae76b0dd.apk,46128,87513,3891,8722,42237,78791
12ce10bd9a88f6574f679c08eece3cb79b6cbba06fb5394b9c964de6468dce8f.apk,79518,188012,19641,61923,59877,126089
034c8a90930cea823d2c8648f343e94893a555feb7ab7c565a9d61c9900655ac.apk,11887,24726,1536,3203,10351,21523
1dc8b3d775f5835e5869881e4686d17ff5a0fc68ed4b6fe845a4e00ae32d3cdf.apk,1277,2044,220,382,1057,1662
1659b7d31314db24c1c0acdad5aea868075e0df460bfb19861fc8f0472351ab9.apk,61194,122962,7559,17968,53635,104994
20cda0061bd9f2b50de69a7171f50d06b81d3227bd11d3c52c8bd749d5e4619c.apk,40085,86692,5622,13170,34463,73522
103effb54f60543bf4cdab31938134a5087609376b9897f879385c2234e5d2c0.apk,50136,100247,7685,17925,42451,82322
1314a4217d61426790517e49840e23b238f8f4eb8428d4cc78ca3a2e2651061c.apk,48021,88677,1838,3724,46183,84953
2112bb8739928ea1eab23598eb218717fb6d72b4e0da409a79de9465f597f00d.apk,55550,108706,2921,6008,52629,102698
31674c8b539ffd02dcf6157eba09104ed0917d6f9d98b913b936da90f958da36.apk,17825,26952,1488,2861,16337,24091
02acb09aa7db58d5317a16f6852be990192ea1bff66ae2b499cb284261c51479.apk,39715,83666,4161,9538,35554,74128
338fb280df7147f12bb50a0ed0eaaf98169e963962c3ee091dd01b2c1acfe893.apk,50802,100934,6837,16898,43965,84036
049a6c25f6e13c897168d60ecdd8b71cb312950639fbb454dce4ea488c8c6ec2.apk,97167,197965,9693,25092,87474,172873
05a9c96f3230f16f1ff81d5fe47c950253278f6e6b0a2f5babf8d8e1588f1cfb.apk,90117,189596,12238,31084,77879,158512
2af602bf5525dc11b65725a151b58739468d30fa10e08d3b91ea14a2b6ab74b5.apk,63046,135403,7302,17703,55744,117700
1afd34160f27173b035c6d4afc9ef7090c1f39352ea8be6daff378fb61f10c50.apk,57816,130021,10337,27773,47479,102248
13c84b4677bb1ed9b719fcf2c8fb857c3de8e9a262a537ff3acb476b55663ac1.apk,59525,136824,5372,13286,54153,123538
0a8bcb60df8cfb6654c73255d5857391b9ae42d2d0268c27e2887b8f73371fd0.apk,17196,35169,2745,5874,14451,29295
1a1391b3aab7862a702baf494bd5fc7638ce3a5be63208d04f8bb7896c4fec0a.apk,55125,101932,3130,6423,51995,95509
0d26791b0aa196965a7da9b689f0b6a5125a5de563ea4e5e9a24c55b9d1fa025.apk,29561,53434,1324,2396,28237,51038
18fac48b16c730531d377dd330c9ea300a58dd9544ae20ba98bdd1f4a1e3c851.apk,47532,111338,8454,27938,39078,83400
2b7e6aafe3dc15abb3caaebb2d91f453d1ba0f5a2dcd09746806b5d7e1868e74.apk,8552,14424,908,1748,7644,12676
3297a05ba4dc8437c78bf993d48c5ca4b6d30b9cdec011dc495f1b211f72abaa.apk,62119,126852,2793,5915,59326,120937
01d905d8ac7dab38307fa12492ba26d0b715e4a540658ba0fed08c0570a68807.apk,8097,16140,2252,4880,5845,11260
1522d36e36f39585879783bdd9b43c8e26a65e3cb826a53bfefb6123dfe24aaf.apk,33527,77988,3513,9031,30014,68957
04ad81d4455db213096126e8361a7f96f0de1ab1d6199ac8d42876004791d02d.apk,54216,107108,3680,7926,50536,99182
0e4c7a9ccb15438b49de2d7fbf4f349bd8577155b81edc3b6dee60737ef1080d.apk,57901,116180,7258,18110,50643,98070
20fa50e75044e3435c340685acdf19707ac54b7e769d95a8be262c42b187c310.apk,52644,113513,9135,22856,43509,90657
223d9da940aa27c7cc4914698a9c700f7e7c4427ce4f68e04375c0264a0b22d2.apk,39058,78756,2115,4473,36943,74283
2409842a90d9b28f659760cc87ae91cffb1626a122c50105fe2e0d9a476e8588.apk,61767,120844,4080,8813,57687,112031
15de3b233b6d6669e96f0e60746bf0965814f0b2c4e93a7cef172c06a6763e8c.apk,79127,153433,11039,25064,68088,128369
0b0649fac11dfde138f45b170c8edea4659530aa2312822d2651c13d544bd843.apk,69151,152807,11295,32324,57856,120483
253cb0c3b93608fcf1d2ff2ae00ade065512d9b55e46ccdf1db150187124ef2a.apk,43191,82302,4755,10665,38436,71637
2428664a7104786669b7a629b5e44f2e8e1be9ec8952c10b2f3cd0879cab6a47.apk,61145,130709,8883,22068,52262,108641
130f148331a99f11ba40708d5105742632314facbc45ef7c513cd3eca99d9ecd.apk,60367,121234,9176,22400,51191,98834
08620b19b7b7314113f949d38d5ae6b1c88e2847da33afdf33ae6c24c0766087.apk,86917,199673,15970,42792,70947,156881
2a720ae114de4c3d7132ea3514322c58ea0514c4d10d2606b7f9dcec0e139f9a.apk,72032,143884,4929,11334,67103,132550
1755fb88b5d833478be442a4d4ddd59fa42ea0989a828c3dddefc131e62db1d4.apk,68076,146206,8955,23717,59121,122489
3238b58377d7523adffaeb462c12e43e358541f34de66433b11fe3fbb6136c20.apk,32847,86523,9138,40362,23709,46161
15da7d9e20be1a6e2f3531f024bd2dac080e7b6090f595a9c4d312a0f07cb099.apk,47169,90475,6700,16607,40469,73868
04a98f84dc3da87e9fac6c33f2707f26e099b372ed27816a7a8ed7989fbded6e.apk,54793,116640,7065,18591,47728,98049
0f4e04a6648eea18fc599ea75960cdcdc5f29358d04857b66d1d1d8225b6eb72.apk,65380,136859,7785,21647,57595,115212
2b01f18a72fe205ad3538ac745ea53671c795e9d270e83acdc2b855c5a4fe84d.apk,63049,129549,7595,20137,55454,109412
17d5b0b97983cc19c44f6aaf5c531446d5458762fcede00aa8ec0288ac0ee521.apk,45379,88298,4655,10802,40724,77496
164d7ba79a753f87b3147fa703d75738b0658e8e359a76fabebe9eb46af526f9.apk,3394,8531,455,957,2939,7574
2b87f2eb94c4f6fc5e15e7a942d514244491ff020a87105ac3328e08e9d4ce79.apk,61973,139028,11648,31815,50325,107213
2c99344e771ae3c4ec201d2968d3319d6aad904b47403e32b0bdf406b3af354a.apk,20197,37453,1605,3027,18592,34426
00b2154d1a843117dd3441a5b869f58a9667f31761aec7558e88b93480741b36.apk,41827,78091,4921,10745,36906,67346
0e1de458fbe116e57f2c9e1ae20e075972e55044a8e8ee8ae32cd313e28732be.apk,16320,34778,2180,6156,14140,28622
2683e7a9ea8ce67e0ca9df27ab0401f24a4d5697449c9bfba81b343c66c4464d.apk,19552,38917,2747,6161,16805,32756
15cde78e235368803d82cf65427cbbf5238940737017f47363edb655203a80fd.apk,24569,40859,735,1258,23834,39601
2863c1915228477bd13ac0bc239ddb9cb5d7a77f9d933ad2807711fbc044bfae.apk,49915,97547,3060,6444,46855,91103
23568ffbd8b7b50554caa6fdf8d3ea7b005f01b0fa0ee17dbbf0a57c08350c90.apk,35300,68856,2365,4659,32935,64197
18cd8e4bea2e83b4e5eb4cd6ae942b1f7571ed2adc074eeeb6b7e060a7eba6ec.apk,77179,161014,7669,20530,69510,140484
01115bb5d043b775b1a9b90e4001035b6612c1030002c160219654738634a4b9.apk,84955,178621,8889,22242,76066,156379
19d9fd1cb4b854c51420e89b4d0ffa2a0c41cf1b666af6b2732c0e009deea623.apk,34187,63352,3876,8447,30311,54905
083c0bc6167c0bb1c9a1ec7f2820b879196f94a002b5388ed709224347c7e747.apk,33657,65918,2700,5839,30957,60079
0b91916bc5ee7636f88d5f5ea5eac0397c5dbcab7da9cba59893485c129f8081.apk,70013,145932,9309,24548,60704,121384
27ea7e2bad3abe80cc5e347306dbf94858ae8f4b0054d6f91a295b26a357d15d.apk,39073,82696,4821,17664,34252,65032
22023ba3b3b07960ab4aebab2d5cd2b13e14a8ff203a0c88b6d6f123446ae80c.apk,33951,69872,4851,11206,29100,58666
14138e912720bf3dd00dde099af69683a2ad12ec7c76cf670ff96d586eb7d162.apk,73276,152837,7646,19517,65630,133320
22113ee6168f97ac43a00ab709a1801e15a26161ff439a682f77b70d8c7cc55a.apk,14817,27352,1238,2084,13579,25268
0a9db416f05c5345ac0fa746a0ceedbbbae255efdde263e4fa30efae205275c8.apk,48275,107128,8207,22825,40068,84303
0563ff99f825cd244c73555b96b6447cdaa2416f4e1de14e83c2aeb79821ce80.apk,22245,46313,1753,4843,20492,41470
2bb130950169cd278bb3a9e33cda8abaf65da473c6a7e6581d2d1fe8fd35266e.apk,45348,93969,8310,21886,37038,72083
20abc80f0f38c3e34ef98b5085e05930b8e4d392b4c79d1bdc0ca2e3fa6c3fc4.apk,35165,69332,2762,6326,32403,63006
16475019afd8485a29cdf3af26b4c8c6ecb2312fbf9f6fb396ecefc7a223a079.apk,59934,125588,4764,12398,55170,113190
210740870edd834171f0db8925b936f8d5a7a8aac8ef08b95882863922cbb248.apk,64088,133898,3996,9121,60092,124777
063f72310734bc563d192ee23fb5c2f142b2e58c2e90d61646b4277640a48c18.apk,130736,258552,8276,21627,122460,236925
2296200b416a0d43584c91df3b94637b9f3017a1f855de97b1857eb1799a107e.apk,89011,205863,22665,60691,66346,145172
1f2031012ca9959fbb3bd8be41f7723ef862381f3e1a3f0e2352ba2b355273d3.apk,20692,39899,1781,3349,18911,36550
07213b130c3dbb975de15ee7d86d1d6efc274b1fda9773a99c6e6b722187bead.apk,26313,51159,1702,3187,24611,47972
0b145ffc0cd2a59c7f08d3a30e719a7825da2a9201086b07b11b9174b3bab6af.apk,31206,56137,2813,5902,28393,50235
110d4c559aaaa193ee0dae93d0ae117cbbb4bf5819944aa6c4896d8a23dcef1e.apk,68898,137953,8353,20620,60545,117333
29e4dbe14e2821c44c5158f2e67cffe27c7e72c8ad5dc1e3989b1194e2ef85ef.apk,70279,158047,16017,38987,54262,119060
31812363625a855f7354c6258b51be943d346ed4fa3ee715d435ac8023ca9ad6.apk,184695,391088,15290,40596,169405,350492
22a783299a70cc47427e285eccd61874266a095fc0fc7986b1758d058ef93878.apk,67213,149182,9847,24991,57366,124191
02829b99485744dc489b07b8c4edf3470f14d429fb38599fd1a6cb1f3695a048.apk,63077,131377,3458,7831,59619,123546
2cf3632794fdb1597548b0483085747cd41b62c81cd34d19b2205a33a7e48377.apk,4855,11416,1174,2554,3681,8862
0e857a437960729a7df64cc287216690fdbbca3f1a32aba5b48d25045810ace4.apk,82475,167202,8000,22169,74475,145033
2a632d01506dbf61f2247fcf0525e180689d64ff4546876da8eb7bcd52aa7a8b.apk,10584,22562,3900,10561,6684,12001
15b263ea40ab179d9817afde1d33b61a2d8986bc855c895ce3302ab353cd7007.apk,36459,66348,1450,2700,35009,63648
1e54e6c3632ec46af6e9c5316bf54bca2e0bdc201e06429bd05db86ac1b80257.apk,47344,87573,2847,6727,44497,80846
2ad59f7dc199422629c53c02d33cbc48b39cb26a60dfacd3fa1b76d80624dc00.apk,51299,107874,5892,16664,45407,91210
106c82679b48c12426fb803dde341d738cc152999581799a75daf4b9ee92a38f.apk,15363,28948,1326,2278,14037,26670
2ba77b64f3746881d7b9dbbb50f1ac34bcfed4e281afedf50555f4d4b4c74ca8.apk,81222,171904,10078,31862,71144,140042
23b1ae34f6ccd031b0897c9b35f3e8a0486e0dbb9ca6f2b326e9e971052aa2ac.apk,82997,186442,11388,30926,71609,155516
228018854fb7ed04b7e40289ba1590f5ced602298d04d650a52666c7ca144394.apk,42209,87110,7032,20060,35177,67050
2ab1f332d6eeed41010133ebfd07066c566fc70a2addada49329093bddfbde9b.apk,46586,98204,5629,15674,40957,82530
07e2a3c303ad13057230a8e22571d37db8f2cc51ab270afa9c608a0f1dbe4225.apk,43460,88085,2411,4868,41049,83217
04672047ef3694b2ca0d3c483e8f402fd0de2f73148b4423619e778ca19e2c79.apk,54561,113552,7828,18425,46733,95127
196c47efc40ec15f3bcc782c525435bf988b852a63d59d26aae12ebf58f7818d.apk,4109,5397,83,96,4026,5301
19d9cba9ca22e42f1891f6488435235af95ca131d2a5e52886091caeaca96dca.apk,65475,131249,7083,15634,58392,115615
1b0edd02e69ac08ed70be41b517937543858e692f936920e83f3aee3c34116fb.apk,74335,155379,6811,15752,67524,139627
310c49d515670b1c700d58a9774db143f2f559a2890777b96e3a1affb693754a.apk,23628,47047,2251,4705,21377,42342
17c5caedb649c93499681b06199d919cdc320447f3c0d5562404166861e27eb1.apk,55363,105631,2571,5227,52792,100404
0ad4676db61b0119f66ceac60081c0f159844ed0309e54f86ab68874e0c9cd3d.apk,70698,146665,7644,17800,63054,128865
1cff59a580d8ee12cfe11b854326fea4d0777b4128b31c315dac7c78e47982b4.apk,38088,63617,4925,10358,33163,53259
0881d078a35994a380ae4bfed20ee43e13cefcc509bdd3a2e2a229f0027c7beb.apk,32511,72231,2953,6658,29558,65573
118c87b2282d60cf3ecf50ee99aef25649e44aeb8739e9bbd0b0f81a1bf434c4.apk,27141,46502,2128,4108,25013,42394
201fd1be3f574b06679bb71a50787e62fac0be1f40b21dadd8854ee7aad8adaf.apk,27593,60278,3661,8611,23932,51667
104ed7648524a73ad5aae8fb36c0cf1941256a67112bb38c071806128fc2c097.apk,54386,118064,11817,29560,42569,88504
00216736d5b7a5f18e87769195d69e95da8da267f06114755df2dcce9ed03981.apk,61206,126066,6692,15749,54514,110317
305d4959d1a3ca03edb31fae317f3dd919d8bac85715ba71d6b9928aafbba583.apk,51255,108740,5390,12785,45865,95955
090df2b14f63b9033de5c6de1cd258983c3232c9bc5071c614c69b8ebc56b56c.apk,408,598,408,598,0,0
1a30afe2e865aaea2ca3e46d2edc996bf3a5b34c42cc8d24b5b1d194b85b6bd9.apk,9089,13305,128,167,8961,13138
19c2de5c887b15e34efdd83dc01a6181635c162c34961f2d7b4dd1ef84cea9c6.apk,39303,71838,3017,7377,36286,64461
10da4221ca06bd7cd36220820aadd86d822c8d0dedc30bb02541dd45db4589d1.apk,64798,146123,12439,32821,52359,113302
0e631044f71b0d56ce860f02fad2bacc5c3e962c92a6762ebd5d547f6f3e9ec2.apk,75428,148535,7490,18355,67938,130180
08ddf63eb4332bfeb381fbd386a3f6332c05a87e595324e8a4054639d7733b7d.apk,39576,76562,4183,9257,35393,67305
07f4b711e855bcac69e9e0c3157bd372c22110ffee77524e708cc86e6a8e5be0.apk,41234,88704,2690,5162,38544,83542
27690474aa090e215ba6f4ab4b8b5b3c6c0c37666efaba0c9eab90d560580c45.apk,35920,67404,1104,2225,34816,65179
23effc5905da553bc6629a0dba97ecef483d0a1755010030ac6170704fcd0fd2.apk,47690,105058,7432,22056,40258,83002
2cd81ddad6c732ab986faba28efb8ac91b521de1193402ad3ecdfc532935f20c.apk,41667,102736,13728,40527,27939,62209
2d6279f2044a87c32f56c9eaa87df3d7febd713783cdebbdb8e0f744be9b336d.apk,20043,36894,1514,2772,18529,34122
0b95d4674e701bde3cce978116012f0378f1d836613ddf5565d789179628b100.apk,60763,139667,11550,31097,49213,108570
28686b7523522f860802254b6eea27df158b7e523c34abf6b6c66de23e85af6a.apk,82789,177967,8928,21325,73861,156642
15a5f955f69e2fa466d68118e1dc4d1c24f8b55aa01074b00a61b010056e159e.apk,68298,146914,10904,28719,57394,118195
17409dadbe8c78423f40813062e2fe40011b3a1bb80f43c9be5cdd7891bd49c2.apk,86083,176700,8976,22628,77107,154072
28f8f4839f84bd6599d418e4ddde356819361ad1544b1edc59f05fbe94880562.apk,41848,82187,3777,8590,38071,73597
0832d8f79a977704036976f3b9c0cc37c782a9827260cebfbce6d3c93163f834.apk,53910,104953,4467,9541,49443,95412
2d1d953a4d87cebe4bc0ec520b61409166b478532b54f83455054726ebc5d5e3.apk,46133,112384,14870,41412,31263,70972
22b99a446aa55fc546abad4b60495fe693fa10ba561072bf03e6e9cd832a205d.apk,8257,15726,567,898,7690,14828
0dd98b1055c88e6bc4862ce995bbf96d3e75d23ec7b67a2091078ffc31974bb4.apk,41027,81558,2109,4197,38918,77361
0f2b56f86f3e295a37430dbbfffd1d326572b9e8fb1c89495764fe1de97081d6.apk,24784,43998,1153,1884,23631,42114
2413c9f1427e430d2831ef1499b2589e5ddb34cb3f675da2203437653b6c7c10.apk,15222,29189,690,1161,14532,28028
171a2f8d9ea7c42a7cff9741bba5a3c240aa867c138b39c755d0b8ff0ef90124.apk,65211,131253,2908,6585,62303,124668
187edadba59d6c7950408723019a45c07333fb654d29b5fbbc56fa1c40254993.apk,75732,161044,4616,10612,71116,150432
2e8619efedb545de5418eb50f48351e35ae12ac76f33a48a9fb7a87bf912e8b2.apk,57793,114404,5094,11041,52699,103363
25ab64179cf057eac722c657ed01d64040de58e23e0bccbbc51732c69f2e5511.apk,60527,120874,4796,11283,55731,109591
110068ae758798dcc55df9d28536cfcd7b68ab15e0d9a33dfc3cb587c36b73ee.apk,10148,18269,156,191,9992,18078
1e0fccadcfd3e26f770b205301f2dcd4d331b14c899ed60fa9513bc874161548.apk,31986,60568,3419,7868,28567,52700
287be62d222298334eada9de66058cd4a18e9f56adf37042643a4b4c2e47f737.apk,66739,140674,8561,20896,58178,119778
1697bbb47f88d0aae0a9f0a2228a3b0a8b0efc781d43af273caec4aa81188ce6.apk,53051,108300,7417,16504,45634,91796
1245fd97d332252bd2fbc100dd21af2a3e8a9ab6d938ad74fc8006efa5ef7db2.apk,87476,289549,20179,82525,67297,207024
32ad57a344ca9017fafbce7d7240defb0f2264eacb3081e98da1e99e6f63a808.apk,23591,40487,1310,2262,22281,38225
2e4c918f3c02ec5d86144a7c7c507c0812e3373d8789792694b9082cb750fc0c.apk,65049,132610,10013,24854,55036,107756
0de2a56b0dfb17a6ed4fb45ff2a77f636b108b231bd1e0c0cec4bca079ef3a62.apk,34866,64725,3078,6327,31788,58398
3223e68cfa6dda3ce8046a548017023851b6fe9c8e883a482f61578e05ff0006.apk,25259,47369,2505,5501,22754,41868
209c658799f45b00465ab1c40b50b9874fa98f4c8e5dc514dd7677c9899476f7.apk,19653,47705,5587,16094,14066,31611
2cdff54b46b98f6c94a60dab351f58da444e8a2e5bca262eade5a9101abab5ff.apk,59029,128579,10228,28055,48801,100524
193636c2e5fdeb89194fb74a7e481c91250404f303482a1e1588489aecb37e78.apk,69516,145003,7870,18543,61646,126460
271a6fa603d004c38d577022045d091ee51592c9d6c53adb17be606e7e32666c.apk,11186,27178,1385,3172,9801,24006
1b40b112b126fab063e88d0ca54406385a3c4b394c28ca90a08b680c4702f4b5.apk,44315,91532,3135,6649,41180,84883
1ffdd383d578d646a47cb4472ae432c6452a2dd7347844d06984efeb30e3afe0.apk,41203,96711,5551,23706,35652,73005
0880dc4185fbf018fbdfb5b8cb8009b77ba60170a1e3a9f01cd601ac37357acb.apk,71528,137471,5241,11906,66287,125565
0db7cd179ebfaf8b7d257e2fb758edab704e65c00ce372da866c33b944fc7177.apk,31161,54026,1516,3055,29645,50971
154d2d8cfdffdbd29aaddb5b5c338f2c1552570f9211581c3e490e62c52bf8d7.apk,9552,18338,9552,18338,0,0
33b25014eaf4eb0c91f8f1ff0ad7c728bd4621fe094c05bf1148496d9cd0e32a.apk,26967,53862,2050,3880,24917,49982
040c1bf5dc62e2262ce07ef33386f2e7bd577beae284b467704b781395aff572.apk,62004,137469,4399,11603,57605,125866
0c5ccb35c4f3e6a4e5c0122aea0018f39ff4829922fde54eb97e11926cc267ce.apk,45406,85898,2122,4186,43284,81712
12bbcaea3bbbb84435ee2844f7a337753555012b36043f5c5c672e0c8b0d3ec3.apk,50029,94190,2602,5444,47427,88746
2edebbc9baabd4fa5e4126f3830aa040bf69d9aef70e1bec875ba41069a6558c.apk,37060,68918,4045,8880,33015,60038
24276169353e3405ae90af4a21e20a73b9758d4907fde1a2dc6c57ff2b7fcc13.apk,34645,81693,5665,14414,28980,67279
055a339cb95ee869b266a93616d54d17fcd63979bf44ff379d5abe1639b8b8a8.apk,16616,27704,745,1197,15871,26507
2f805579b05d24229663198a3b23e058135ab99e44e4f1643aa2d5b4e29d9b2e.apk,25678,46496,1639,3299,24039,43197
235280824d946b58666f6bab75f311432069ea914d0d428b3cade269451168ed.apk,24286,40394,605,924,23681,39470
18e11e4b2c41564020ec525ab7c3f792a0f250669eed96b58057a004913e2c70.apk,7134,14828,1046,2021,6088,12807
1fad6f857097f8683dccc1ccda812f87cf1d73ae41a23ef496e48303edd0ce3e.apk,26539,53960,2492,5064,24047,48896
2c023be932c9f6154ec3111cf56b93a72dc38a93d0c1b4777443628328b4a652.apk,62793,116081,5903,13407,56890,102674
028625334d7b126dbfe56dff561fd8ed22f967bdab95602e4f4c5f71a5b53bdf.apk,27681,48213,2033,3901,25648,44312
02d437b4fa80a95940044b4196a0d4e666caa0d9d5eb9e60ea6c7615b5d0f7a2.apk,57881,112184,3024,6321,54857,105863
054f900f938537be1f3042c2e8b8784bf7e5df4535b9cdba073e7aebb45007f6.apk,20063,37118,1578,2915,18485,34203
2e9d0045004bd89e6272dfe983f1e9d3b3c3e131b2917948743f1b35d8685055.apk,64170,136689,6382,16102,57788,120587
2f9d2a23fdb633199dea7a349ceb7e7d32c9846f418bb75af69e48f3e07cb23f.apk,42529,89381,1921,3924,40608,85457
0f615ecdff690ebe19dff1549be1d287c852081c085e43d218c5e9b3ae224bd1.apk,58867,130224,10249,26226,48618,103998
2532c5560b2892fc5693ad4e8dc5506d3d6adb6eaabc71e4be2a8734420b28de.apk,35803,70568,3145,7070,32658,63498
07f92eb2e04c93b9e43f95266303b3c9fa838bd5f750acedd0511308da9898ca.apk,26409,56276,3843,9221,22566,47055
1dfa9e971b15727cb91e4eca84ef93c3352e415a3dbc7d29e20363d31674c47e.apk,29092,53991,3556,7703,25536,46288
0a64fedf73c86ed8d6937c25331b1dfb5ec4cacc2090513c462cc12c12f4cacf.apk,17052,32493,1034,1857,16018,30636
07f4453abaa49ac37bb29d669462d690c8ec4f941eea142cf7bdfc81bfe68d60.apk,124799,253186,14384,38896,110415,214290
26401e54fae9548dbccdb1da12cc4c6c59933cd5f98a7ebc5a9a3e52d2b361de.apk,25117,41402,693,1008,24424,40394
0a37f44ab538fce5885680975b2711e276d6dc0cb4f2b1f23b177ae79e5549a9.apk,9507,13690,727,1735,8780,11955
2a00c4173b91d9f678d325adecdf9611d8c6969bf60e61e8e5fb78e291fb1605.apk,41528,80888,3780,9016,37748,71872
169a5a4fc351c31cf407d41cf912f88ad4d3e80c27772f9ec5a11b07c11387f4.apk,20783,37610,1173,2508,19610,35102
222fd21684f84da1db16e462209123ce46b5666dd8f07f4b4ae3ef96c1b8200c.apk,50819,108846,5787,15065,45032,93781
18ca0d32060111dedc4d665786f9e5351886fc61bc5a47c5d7f19b4b165a49fe.apk,83639,183428,7115,15784,76524,167644
229474f9d0d589639e233c2229d0532bf0425bd976917b53d39ac30e5279fe00.apk,53658,112278,8530,20534,45128,91744
33f5cd11636dd34d8bf5fa274729d7b5ab94d90aca4fbcce268be926e4226707.apk,24788,46526,890,1404,23898,45122
132695714ffe597bf5f8ca346c0079f9c6f53ac328143298bbeae2de0fa43e8c.apk,55571,106115,2571,5227,53000,100888
2f42652a600946ffaacfb6020be391af646cd83ce99098440b8a1dc69ca7e79a.apk,43039,95197,5475,13765,37564,81432
1ca96205b6529ef25743162bdd75df59f9dec4e9e3afcc1966de0f735dc9ccf7.apk,40644,88738,4725,10939,35919,77799
2ec12cc7316bce72035ab393e63c21fee31268cc7f70146eb8cb94a37f594ece.apk,42437,83093,2424,5021,40013,78072
2ddfe03f6922c653a6b23a97e6b8f674b28fca5c72bffef693bdde57b08cb785.apk,63241,131610,7895,19820,55346,111790
1ba4a4363b5dbae4906a14f154bbd1fca0d1bc43c2c611327f6d0ecc5ac204f5.apk,20139,39672,1635,3881,18504,35791
1bb4449fcd40ca7f1b3ef6560a6db324cdff123dea8a1c86955ce2c6f2deac5d.apk,59640,115482,8683,20878,50957,94604
1a12a7216c89457481193711e46873f98fc05e03b178c4ea67d9ee030d95dece.apk,27940,58002,2144,4695,25796,53307
0a3ea75a962d2ac9919a5c66879b53827ba62ed8b8813e2c72bc8e1393f19e17.apk,33530,61570,4993,11662,28537,49908
20dc0eb73cde7cd6ae42b4c0e447dbc57616e73661741a4fb3c26c9c22f5d842.apk,61090,125205,10342,24869,50748,100336
322051e290a8e543decb67195f34a20b05d9417a239c3e42a321411d6c0127f7.apk,48042,92568,3002,6520,45040,86048
1cbc241dc0f137d4be3597082eabbde0c82581b3da1eecaca28b62259fa58cfb.apk,45888,92897,2417,4887,43471,88010
125bdfb0741b21d5711f974eceea3bc6a8c9e79eb10f882d11f6de2f625f1ad4.apk,23064,44574,1741,3705,21323,40869
2b64c8dad71d1bfb1bdcca893eea1ead1d04b0d0ab1864042c381d4fdf6660b0.apk,14817,27352,1238,2084,13579,25268
247aa7c01998000cc94d50abb373123582af21f014785138fd12c5a9d190ce19.apk,47738,94995,4066,9812,43672,85183
1b14a8e768d88d1e5010d69cf382aab00d1deabc64ab800bf4db56ac268f058d.apk,76176,159877,15297,41476,60879,118401
1dfe2682584b04c37760eac15ce39417bd0c9f5cb192ba8bf6fc2138756a3884.apk,33965,64680,3409,7798,30556,56882
2b25a9993f525eba0c04d244d87149ffded01625e26b89d56d997d4f7b4b84bc.apk,59666,126670,7846,21210,51820,105460
24bf2c29b1d06f3693ce4a3bde84648ccb8bbf39cfd8b598e816262f2087fcbf.apk,56084,102027,4034,9223,52050,92804
2bfa65855aee49008c4d696ba4543824f1565ac24aa85be6afbb9e182ccd4a4d.apk,26703,46125,1438,2653,25265,43472
213bbdf4ee8454980359d640545f574db804cde6bfa811009378eadc3bba4f04.apk,50186,108063,4987,11882,45199,96181
1f252b5135a347fd0e94df9583414c1f75951792b21ad0e0f06b690c89da0f56.apk,30301,53236,5266,12289,25035,40947
0f1fe7afbb403771edd4deb38f21f78bb0c39452c6a1a2ae8007f0730ad70316.apk,41579,84012,8043,18785,33536,65227
333c5046869daa8c0abbe1b6af341dc89554084cecee8f3d9c58d5fed3c931f2.apk,59707,117394,3975,8799,55732,108595
1a8185f8815ef94d08e69cdfd0b4bb4e2a9a536dd0f4ee20bfd7c4c8454983d5.apk,65382,146481,13253,34559,52129,111922
325fcbeea1d6d9439e048238b65512a175331c33865e3276a066012876e924c7.apk,70908,133886,5240,10790,65668,123096
0a9a87487ee1367c96300edba95b212afad6bd7a7e2489ae7218da4ebea7c327.apk,29583,51765,1850,3812,27733,47953
0d11a4aa3f768961af5d9047ddaa0915ebdec45d392283fb8814bd0b664f3dcc.apk,45610,91008,3256,7541,42354,83467
29e6b6a4e9e0542887f7641b759c3b8fba804149a92486e5a04f3887cacbb846.apk,105,121,105,121,0,0
16f978cba2c39fd8af622196cd9a0096f31b9a7508c70a4fee41f55c59d8dc62.apk,10831,20904,1357,3336,9474,17568
1f55bd199e77c64e64e1d2dd0b42d6dada9087e65106fd1accc1dbece8983638.apk,46054,96049,3872,8827,42182,87222
33e0558bd12e689a0b7dcae34c44b5b69ef424ffb633b346f3f498193bf29757.apk,64723,133796,5111,12145,59612,121651
066b13c00947600f0405c8eefddc669ce430a7ee16983f12107415b06119a2c8.apk,16264,29704,404,1074,15860,28630
049fcf0903fb986d24e294f72a77cfbff0a748da48b313781c28ca404f16d850.apk,42541,92150,7858,20104,34683,72046
0c9bb48bda9787eb89fe7ffa14dee6641011f4454288262c6713d62e4bc15139.apk,53617,116727,3911,9442,49706,107285
15f1a2c93c2738ffb58c8cea133646f392d85b0939aaaedf66eee9247e2c0fc8.apk,48280,104309,7285,18078,40995,86231
3047a47113dea80838551917ab4b6b6f57b2fb3154aa281c749e1107e2aaa17e.apk,61829,90114,5370,12557,56459,77557
31eb360d40bbe8811daddc3760f027749288d1f3e26669f734e284ebb0b5730c.apk,41891,76306,1157,1924,40734,74382
096fd22aa0629e60805740ed79de3be155d5d5c7a08eb5eab4815dbcdd44dd5a.apk,20101,31489,677,1059,19424,30430
227ded1cbea82b8dfcad99b152b81f018f3e9600e804dea87b9ccdfae1246774.apk,49181,109010,5289,14791,43892,94219
1c70a2c4cfcef75a57a9befd312ae79619ec55808dbf347d1d7726d0b6623d08.apk,3329,7406,579,1067,2750,6339
15d8b7d770a80de11daf854c26c8bf12b11738b7144653999610d61e70f7cff2.apk,56164,108344,6271,14759,49893,93585
0f4040746d54fc0ba0297867138878d51df1cfe16b6d2ac0d345c15afd358422.apk,81177,189122,16304,46511,64873,142611
0bfd25a341ae6bdcfbf1657e93a792ce871a67de46a679febfece4c843fe6774.apk,35579,67342,2979,5924,32600,61418
05b8dd6c0cdaccc76f0dd6e2e538ce1632983bfcac88aaedb93745eb7ea1443b.apk,34135,64212,1106,2175,33029,62037
194a9f05b8b31297d4af87d985183c906d7871ddc133e757b87c3a0cbbc27c84.apk,45514,91613,5136,12303,40378,79310
1743443d44e46d61a614e0d6e8851e6c87efd09e4923f6c227d70e75747876ce.apk,28326,48543,1955,3748,26371,44795
30983d8a1a0268f410562834b752d75e1a9a08af5dbc09ed6d228d0951edd760.apk,75095,158668,5217,12058,69878,146610
2eff0a51dd85ee9db27b3dc5a701fb7596ec9140e04793167b75d78987b182d1.apk,30781,61841,5396,14104,25385,47737
21e12eeca727723174ff4f06cd5720317bd54e2c60847a5da8a837987de67a36.apk,41155,73912,2380,4506,38775,69406
058a90e081a8d22ef254b2feb2bae00f81b971e39a6ba6737d93ccebb6278f29.apk,28450,59868,4049,9061,24401,50807
2941822ceb64d4ec1c858c372d58085c468c9acfdce7d8cb06720ea116f48743.apk,96502,201213,8806,21050,87696,180163
33edfa8f127708e0d2447748b19c0662693af56783931d12a354a100c0b5974d.apk,56812,138395,10797,32505,46015,105890
0349ca08aebf9c352759981b07aff8e4866a8ee0b8931d5394ba38caefac55ff.apk,24202,46270,4233,10986,19969,35284
2c169fcb16b1572b631fa6e029b8ced75a7158351519d4ee045076292a9b2e76.apk,60115,141808,8825,25504,51290,116304
04e812c0686b9a7ab63666e674cb2cdc903c02710e11fb54f50c35fe1f3c356d.apk,21703,42668,2336,4830,19367,37838
05edd994c8b92545235849099b95a3bf72c314997c60d1a6ca6d30bd04a1edce.apk,19842,38213,1877,3728,17965,34485
33515f41803ea3bbbefdc367d906eb6d71c03cf3512eaf262d85d5b6ed6f3b2d.apk,25584,49123,1196,1891,24388,47232
1082500320c3a14e022f4ffae0bc4fe2b014159e6274469b7bf278964084a4e8.apk,11374,24275,859,1347,10515,22928
2f85d73896e238d85a6a9b6c795eb51e1daf6be48f43178635e39fac8d6c8fd1.apk,30757,55483,2591,5335,28166,50148
20d2d81b9ad85d3b4e1003c4b762b844443fdbf90c2906088e5d55c98a555ff5.apk,19172,36930,2624,6263,16548,30667
29620fcdc3a1a10aaca0789b246ab6fbc0c89ec2a53c5d55e4eb3ab66bc7326e.apk,8885,15279,103,134,8782,15145
06b4ce3d4ae6061189f8f605bf6297cb99f7de8b8257c09f00e8eab9c2659f4e.apk,60391,117776,6514,15262,53877,102514
33c5d87c6d90cb5713d09db8edfd5fe106bf1985b1a0b745df5abc757bff9899.apk,56737,114854,10310,25689,46427,89165
0230de75c8b59896c88f1c424a3f9010480ef15881dd39f4d7b232dd81979dd4.apk,15329,17968,246,338,15083,17630
302aebc19cce25c91d06edc1b37dc29cca64e5804dca52e6c8acc296a58bbda8.apk,48280,98612,7493,19357,40787,79255
216b7a144b3646e2f7f4502d77ac46533a14ec49820dffef143f16c951378fd8.apk,1252,1920,194,337,1058,1583
2e155d6a140f4ff2044ed22d1d2f9fce8e346ed1e99fe4f67776dcd9a5cbb43c.apk,52264,102567,4323,9716,47941,92851
16fc19f315a2806ce06fc9f49fee676057546406dfae9bf6d54a276f384b0abb.apk,36250,66110,652,1043,35598,65067
3366630d48aa41595560cec31df01afe0a9c0dabc01d6730d5d9867caeca1aa5.apk,20665,43639,2972,6505,17693,37134
01c02229d591af45ceec8928c8d0827b164b061b1b676a88fe2b4cb82b20bc7a.apk,51340,107048,3139,6822,48201,100226
018cb628b293e1e017d62795aaabb745189b9143127f7962339590d5a2c79673.apk,21914,38125,2020,3831,19894,34294
0725f00dd2fee594f005cc2141c16794a41f489050b84284f3626d803390c00d.apk,37481,68406,1046,1738,36435,66668
1ee28514817305bcb29b3488d1b569b4c6070370eb5d49a15bbed0fdb908c0fe.apk,37499,72965,2984,6568,34515,66397
2e62c38c4bef92b2a0b0807405f93a917e034acba659c99805d6aeb6aebd2d8f.apk,49922,102508,9485,26293,40437,76215
172505c2554dc53cf1981472fc99f9d139cde1b517fb7ee602cb5c106dab3221.apk,29821,55721,3497,8192,26324,47529
139551c43389d14c11503db59db157e95e0922e8ae30651913eaa138ac7ab57a.apk,41546,80880,4509,10141,37037,70739
10763bc4635dc711a88bcd9dd3c5266ccdfc74e5d9a36dad792977f48997e9a7.apk,59678,114469,1401,3011,58277,111458
30a3f897e125acbc32aad78eeeca08838dcd606dbe18248e0203ea11d2923a63.apk,48082,132549,10823,33971,37259,98578
2f6bf38f6128dca986fb27d905e93a21c3e3ec9795490d14ee9aaa21bd296131.apk,26664,54629,1788,3592,24876,51037
218c80a1a0e6a609ad691c49ae1fe6eb6bee02b701ef55c7bbb4b21ee98aae8b.apk,45774,94896,5633,12841,40141,82055
217aaf4d84001b2ab2da8c075168229109c6a47a900da619c75491bc24acff47.apk,60110,119641,4974,11943,55136,107698
10ebafb4319bbe63f4aa6a2bf88d3bb1f46141d72aeaacc0e889357176f7ccef.apk,53990,117833,10180,25473,43810,92360
16632fdd580b1727a39f799e622744bc0aacb09fa851ac68a3d4f5ecc176a5f5.apk,49393,92269,2753,6195,46640,86074
30e37e902f618374bad076baaf779d0a0ff41a84635a7e390f22716d11356048.apk,112125,263907,12938,34488,99187,229419
24d109949fb62f222ae51c583f56a25b5a75d9452607ec630d79d5f9f9b74a6a.apk,67517,134777,8270,20352,59247,114425
5c71e51fdbb400d0cbd456ca67a2a436e5c7cdccb8ec477b261eb7b7959ee3e7.apk,50135,98580,2880,6266,47255,92314
344ce2a6974581d390e7f9a21afb4745a2366674072f30fdfc1caca073ad97a1.apk,50232,101698,7090,19107,43142,82591
65d42c191c11a98d50d550b964e438f67f6f9d0a0d1e58947ef11d045faf1750.apk,33249,65512,1760,3683,31489,61829
40ce3c2ad7f8bcdbc4da49a03da26945cc30905cd72f96db63edfedb0bde2a65.apk,30105,54023,2243,4499,27862,49524
3855eb30d81d083b454acdcdae4a8964f3829f3e255965e0fc9fff34251d283d.apk,67924,136821,6280,14305,61644,122516
404adcf6225a5db68fb0fabcde3d09909a3bc57807fe8b55d4dc9d02fb44f269.apk,18460,35968,1536,3059,16924,32909
5c85b1d4ddf258ff7a11fbdc6bb7a7fe3883479a3906f8d85c17b11b497a5fc6.apk,49559,96290,6139,15244,43420,81046
559d876871bcfc24f840bcec6157b73c9c7dedd5241680a5f0ca3bc6030ce47e.apk,51147,96579,2393,4758,48754,91821
405e7080d08f7db5ca8b8e708c3572a5034ed67bd34559bf39130d38bac774a7.apk,15384,32958,1994,4406,13390,28552
3455ecb483f87f25324930c44b94ad23038cf0dcde932db3974b9273d9ff68ac.apk,80581,177934,11217,27749,69364,150185
4822cfcb43ced790f3a0bbc9148a062c8dbb34e92014df6c6b53e794661449ce.apk,32801,79481,12920,36510,19881,42971
4f1ddb257c331c89f758c56494643b8f03a9b6b1cf7cf4905fa44867d9d786dc.apk,59078,122533,9330,23186,49748,99347
6481ce4d438a6edc3ff84bd2661f0cc54102c953029f984de18e0dcd698d1153.apk,9581,19463,688,1350,8893,18113
4493111895db18db11b09099bc7bd7d8931ba14ecc954af83b4025a610a5b1ea.apk,26711,46245,1483,2689,25228,43556
4e49995ca00a22d6b2297bc3394a38f56e6df103fc3961fecf2721861341d494.apk,20875,35016,713,1178,20162,33838
4810f467f03a6d5f1d159c9e38408050bcad9c25c25c69e482995ce48fee67f8.apk,31124,76993,6190,17043,24934,59950
51b30fd77fbaccc811306b8993b922bd3c3825c0fa2dfc5dcb34abe6f20ddeab.apk,35247,72913,923,1827,34324,71086
364c96e3356ba2bf1d52620bc92d3611c6beca378556d1dfd5d80e656698220e.apk,64927,128852,5512,12125,59415,116727
64af056bde363a4c4c5e53d1718e42d13ad3d5723f2adcb7863554665a3c1096.apk,49709,111726,9453,23507,40256,88219
3e968eb668515efd10654bca4fe34f63d8aab86bc1d1dfc9e3cd083c962ff2e5.apk,53935,134554,14369,49772,39566,84782
5e9da6ab23b645784208c08440a5a965f1b475ee95ed372ec5aa4da49092f792.apk,67086,134208,8220,21058,58866,113150
5d362f167a2aba52efbe05800355abff802a189b5b4b0e12832cc7a85a13a906.apk,76530,166824,9113,23265,67417,143559
4e12eff53ff4645ab88f28fa8a7a8ea1e50b406080151521597b3eda2b9c7abe.apk,19764,36931,1378,3032,18386,33899
3ee36b1f9a887555f6e658f022579bd15059470440cc880847c4da5bd6cd7a0e.apk,49354,101249,6833,16247,42521,85002
411cfaf94045a36894eeca545e629e3bdbfcbce278a92e2baeba7d7f8ca65043.apk,75062,170923,10022,25520,65040,145403
4b0d7b0d83a3b2561af276adf164efb948a712f3379f2629a3288d1fc4bad2cc.apk,59662,117966,4399,8649,55263,109317
500ac6615954f82f56ba255f781e37e32d613eba115a8a4bd61455c4dda09eb1.apk,78899,165437,12384,31905,66515,133532
472ae45bd5c50a251097136041e677a381c6fcb6f5e8c32677b534d725cfbf23.apk,45503,93425,6747,17963,38756,75462
3594cb99c30acb02559cc4d3facf53a5811da2d14f9123628662a82c88236c13.apk,14797,27274,1238,2084,13559,25190
4406a9edd8ac8547216d812b1a55286f128ed1d802b08dcdc57b78b6a3924102.apk,31628,54548,789,1238,30839,53310
5696b3e70a1c32281e79ac417dff70fcb286549ad99b3f6b5e0c13f880dbea06.apk,20290,42998,3155,7372,17135,35626
468655ff30c6abd22b814542e9de30a7d88d6d41b842fac0f7c2fe0ccd52109b.apk,50992,105486,4144,9906,46848,95580
404831782a93f518e81bbe7b53035b192ed04e8ae94460388381bca38021b0c1.apk,49183,96476,6660,17319,42523,79157
5ee394765df083d30788f648931fa87489d2d098a2421b6e26ff63f7f4f9da10.apk,31122,56212,2616,5890,28506,50322
526e46ac679e3aef2d36886c48833fb1c8abfc28cb76ff22362fa43238e67402.apk,144508,308174,16521,43760,127987,264414
3e4222e33bc6cbba866d9247f94727973bb9d5502c3e141f91d8399a98217901.apk,83385,165195,9846,23148,73539,142047
41dff80790a4ebb39f139f9bf9a0509775ea0ab9ee6a192b2a58213ac1b9c0fd.apk,57019,128463,10136,27311,46883,101152
424fd192a7bc9f8a1e479d16570745b7e56b9e75cf7053a864db7163c89c3ee7.apk,112027,224323,6056,14043,105971,210280
49add027e5c2a4ec8c46e0edc52a1bedd72d85852541e75b030ee6f8067a8a4a.apk,46414,93229,4842,10861,41572,82368
46c56bc2bca69e00a8dedece7eba2b8830f8d1efcf49ed49d8bbe00974273a48.apk,50289,98741,5355,12353,44934,86388
4e4773d6edae45dc038aab78b123fa5996ca71649be2af326296902219006ff8.apk,41792,79542,4282,11357,37510,68185
3558523b11150c6861c0a2baba6181a11194335b0e696b6c1afecdb3d65f446d.apk,34609,63491,2710,5624,31899,57867
66ce66d1c101e59fa5c8eefaf51bdf9959f8b104a12d90f67d788533c19237dc.apk,38063,71791,5707,12622,32356,59169
5c54edb40f7ab1e79ccd0a432dfacbb7408b02b1c803e91fe307155a9b2c28e3.apk,37301,70014,3835,8415,33466,61599
5f87107d492f1bb37ecabe988fddbd38a1e1e0a441a7d5ed921ee00a2686ddb8.apk,91454,189047,11253,28086,80201,160961
5cae236ee951bdef7b3383425d75e70045162389ac5263e0777d41abf3b51246.apk,33532,80919,7405,20052,26127,60867
5879f974d992c65c6bb4887fa95767cf098d128deeb66e4891c78a190ff3f527.apk,245,384,91,116,154,268
607a281824eedc0718fb06b7c9be631fa218e10f3258952915d183b8f9a1e215.apk,35579,67342,2979,5924,32600,61418
3a00bd86b0952f53254a01b3fe75379a145950267b506bd1ebaa7bb4b37b14aa.apk,36791,68519,2306,5127,34485,63392
536c379059ec067a6f871a42fc9a2cc805984ae71229c75c7bf773ce0be94ee0.apk,103513,235062,10911,29220,92602,205842
4135caf2b93e9907540e34ad1f3731e3ff85d90032baf2fc4a74556d0e52adab.apk,38344,75148,1779,3614,36565,71534
3fc7cf1bcd8819eab55cfd2ba9b96bd47f8cc2d6e338019980d2dae670dd7822.apk,58738,117194,8551,20114,50187,97080
644a667b7586651077e7603cc408db0868eb5858f836b9053b0d3d40f46ea638.apk,142459,314190,29583,77867,112876,236323
5eea8598d6271af778e60b60de410ba1404c6357f35011b0931695e593ea6b73.apk,37541,71988,4950,9525,32591,62463
673cfb6b7f1dc3bd55e06bb60d75fefc848f3c909a06ffaa5474184605f9c31d.apk,47794,112646,9735,26079,38059,86567
3fc89119af5f0a486b8fa5d1e8281f5c4472474178544c79004ae1c6c428214a.apk,72029,148550,6654,16693,65375,131857
3704575d0765e2a63c6a9f9983cd23d73efdf684c954740a9f7281be79938c74.apk,37240,81481,4297,10163,32943,71318
3becbea0a70f56cd80318ef1a8adf1275a0d0a6f8f7fcfa3cfc5858b83d86a00.apk,41086,93105,9831,23308,31255,69797
6750d688f535ea3ff85fc1bef48d45eb80d07489c3384709b74504e4d4782d5f.apk,70930,140471,3567,7006,67363,133465
43f29432d6229142da495f25d52970213ad0e0a2184182a22e6c1758962348ed.apk,87703,185929,11759,32400,75944,153529
57f20a4b11a6face7ccc694324cae08eaccc92049d7e8450f455a5ed0c05e984.apk,57676,125742,8933,22666,48743,103076
5fdd46bf2ab215cb229ef1e5e4536b877d661010b1e291ce91d579c4eb5108af.apk,41561,79574,3571,8136,37990,71438
424e0db8b96e2a8af4f830a8c88188d788a1ffca7610bffd8702cf18ed743f01.apk,21436,37572,1884,3931,19552,33641
5523840bc100c89e467e0effc6410f75fac7e183959e484329c5d0510add6956.apk,72280,149468,4814,10625,67466,138843
48d500e4f37761fa422a4664413dccb4a5512ba4ffdaa774206ac108680e0884.apk,25642,45422,2566,5149,23076,40273
349260b805cbc49cc68297419027e2d0d589fa4983f3faf869b42f198e651a8c.apk,18416,35849,1536,3059,16880,32790
56e217f0edc16ff62e9e363dff5d0e8e9ddafd4d5c8c9ebb568d1b04aa3057fe.apk,58844,113585,3316,7144,55528,106441
370f507b3bad894e99e9de9eda92ee8d0df0910e9e5814092702a3458d69e4a8.apk,102915,217236,4714,10543,98201,206693
3c4ff9296e801c78cac3f2a5f253648a411d3c501d7f249f98f4087b85242926.apk,39727,74827,2693,5780,37034,69047
5067fb75e3e6d61217aca146c6a118f6f20c78bab3ad0f4c9e9b6d919485a2ba.apk,44220,90082,6781,15566,37439,74516
43d3adbf3ed8602921432a3f4f5e869ab50c71e78aed0ccdd892e22c41f40d94.apk,53624,129670,11511,34762,42113,94908
5b46ecb85945c0d042666ebab093d1f9b6c0ac29009783ffba46dae0744050da.apk,15942,27848,1442,2589,14500,25259
34b467483134fbd2631240718b3894c2d1b780fa97b760c4b4993018468b0cdb.apk,29234,51183,3412,7649,25822,43534
39cd53cd15c2e62873cc3a6d36cf1d0c1138c502855dd39ba9de16205ee50123.apk,32688,65270,3023,6951,29665,58319
49b0096bae5dabfc2aadfd36310577c6c0c54fb19d28d18675bc8092df54297d.apk,25990,50457,2501,5550,23489,44907
52b1675096c8b4bd72f60bb20b47d797d572bddd53b5146bc387347fb199e4ea.apk,91060,188171,10414,27653,80646,160518
5ba3a1571e4cab75f2e3d9a8de7bf6e2f4f8a601b526a3860c72617d10f347fc.apk,30273,66496,4537,11679,25736,54817
4efee444ade5392c6688baade6b9d78c9d41f864860f84d784c821d5849c7f08.apk,17741,42395,3350,9332,14391,33063
4c646b04423d5614166a0309048788bbb2803858c0001bbd0471afac13aaac5b.apk,7892,15684,2224,4542,5668,11142
58de1b471e216e16062f1a2c69a471f355a9af115cdbd5d34ead7e09cd907b0a.apk,25186,46070,3972,9771,21214,36299
646cbd40c904402f2c2b8361dd1fdefec88fd99ab19c5016730c08339c6b6284.apk,21254,33563,2144,4138,19110,29425
66f2eb5b5f94b3727edb3b42f3263153b500d4c082377162eb0120e9a0507e5c.apk,45202,97444,4324,10592,40878,86852
3d3e0ec29427ddcca66d3450d8dcdb92ecd348acf0fd245eb5d0fafe89151c92.apk,58300,123378,10751,31916,47549,91462
4a827098488a4aec5b84c1f550e7b4b409e83b1a9bde34ff8ebfab9f9b5737fe.apk,68865,135983,3745,8238,65120,127745
5830996c96c7a33ece75af4850012802e2a6343419b38c5d981879359dd1f4ab.apk,11879,17983,922,2256,10957,15727
416709681c3aeeb29bd4a724b1e85f488ff05702a1fa346434fa1adb0a4aa3ff.apk,67357,140058,8625,21046,58732,119012
51fb53453210545646b30dc51ca6524a0af22c38f8ca1bad2371e607b893a59a.apk,33709,70265,5981,17131,27728,53134
61da4bdfad60856515adb1fa081786bd38cfc6f9f0ffd0d227f30b3e4849fc4c.apk,55968,107948,3007,6252,52961,101696
429db759559500dbe409f59b187ebac563c301b30bc202fc871136b17b27ba19.apk,47814,133852,11167,35125,36647,98727
45e1f456aabe37503f9581a30155dc32b5a850a40cd82349cff99ae829a0a7f1.apk,46349,89971,3073,6968,43276,83003
3a91fb7cde78fbd75154eadc1719245e8f63afd80d8d17d6e9f108ce7a6d0834.apk,23415,49745,3182,8343,20233,41402
59dd7287f314a46ff6c227bfecbd5082d44751cd73e05815156fd1e44b657dbc.apk,60406,131244,11032,27753,49374,103491
5162eea362ed8aa86cb9781cd6aee35894badb23164e63a218219765955d9176.apk,42430,87684,6321,16372,36109,71312
3a67f14b96ae17e54e4a30777b9a2bce2f7063e048f7980075bc0e9a50f2e814.apk,62813,134988,11098,29575,51715,105413
4c88339eefa69157f1248b9348eb7b904f1b872b85f51d0f41afa7266bbb37ae.apk,38758,77891,6266,15208,32492,62683
4b65e947e0bc1945193231c61d13bb79c8cd2cf0585a1329e483c61514ee8a30.apk,75509,152085,10223,24223,65286,127862
3ae1c16a4bb8ba728c4d3eeb753736eec0aecd3767579f53213dbfef9b17c479.apk,31882,53089,764,1249,31118,51840
6626d589506f54868ff111227335d9fea590267646297c8e3397775f5840c286.apk,115561,224192,10860,25155,104701,199037
531be5efdddbebe28e99a037f4383a53f9fa3394fc9bde2103927b77628676f5.apk,20916,39707,2635,5341,18281,34366
3661f1317e9d404888f44f8542492157cc35e3fa57db68f60c5d897c480e102b.apk,7527,14527,1010,1900,6517,12627
3f8002cdf27174660d841821446a1d0226ec18c243bb0f468346f6c033e94720.apk,22814,43454,1769,4273,21045,39181
51d86295864fb850d43b38de98e7dd9f694170b0c0d84c725ca37ab88e13b4df.apk,55067,110845,5660,13212,49407,97633
616e315353c9d757be3454f5f62a03a68900ffa195d06e0ec5a826dff2cc2816.apk,65368,127790,3207,7982,62161,119808
4ac2a8d44481c37e36ccc8f256d9e235a3ab5599d0d80b215644bbade2df7105.apk,35318,76597,5535,14456,29783,62141
4899cbd1c2515f6747c3098d69fc6f78b4b2dcbcd70702c227af0d06f9b630fa.apk,42909,81708,2214,4467,40695,77241
4abc2dfe010d910839c3f35752ce937d7abf545744e20a90cefee2f5349b5686.apk,17254,25887,481,726,16773,25161
554442258dd95c26b3b11d861b85818f96cc3dab60996096d1b7bc0900f93d12.apk,1912,3825,516,1124,1396,2701
56acbe4f9c59b5b0aab7a8dacbf5aaedfd441b8f2d41b80781885e3d4fd0d136.apk,40255,82001,3131,6379,37124,75622
4ef4299bd70f1f72fb4bb916cb57e3ba8af34fccfe7779a005219e81bee86f60.apk,47742,98211,6859,15893,40883,82318
6031f7eeaf18eecd8f75acd8ebe613ff891e23c45c4e07375d8e1be9807abd73.apk,90595,173183,6652,14953,83943,158230
371e133078d28f6917a03a9bf1c230675a5095474107fa93657147d629959de1.apk,28228,67749,8051,22163,20177,45586
581e4cb16b9daa28082d34acd8d846d9968d24aac541a0d6c71026289bc18e27.apk,52858,109735,4302,9965,48556,99770
4cc011c8a706c8c07e925d96e70c988d225aac8ee3c977752135cef518973e88.apk,83174,196009,24319,83096,58855,112913
5da53219928a734d20cd090fd9cf42f9479f8f10cae5caf4841e401291c8d6f8.apk,31772,56015,2371,4872,29401,51143
5c793cbb083aca62e507b16f9b94f9ed36f72b2b7163cf458f088129e003b543.apk,60931,125206,7956,21034,52975,104172
53fecd8bf0516b51a3ce0227e5911fa25fc89f7d45402b1ea229cb27b1841e00.apk,25567,53777,2564,5797,23003,47980
492ebc389734747f6ce83bfa4b2f7a9a9253f6951c400f5e9d78381ab8edfde5.apk,49193,110830,10366,24695,38827,86135
3977be178c7effce045bf9eb3c206098df090bac9a1ee2eb137fac97fd0fd9cc.apk,26245,52203,3767,8185,22478,44018
5a80b05aecbfc38b133d622d539fe515d1d0c79fd03d205a85ef713d94456c23.apk,64319,130887,5137,13088,59182,117799
46f1f75e7ea0064c70b6da094b9451628d6fea4d9e7d1211f1d6b3b4352afc11.apk,38535,78082,6591,15025,31944,63057
56dec970952d32f3294e47164e6331167878769d15dd36b2c7e709143455ef8b.apk,51054,98658,7044,16318,44010,82340
62cc5841cf213ef730e92dfc583e5d71c86c9e684e24a06609ba7f2f22a44a7e.apk,7328,11560,55,55,7273,11505
4091a2f960026fc9c9364523988797799bab538e191d844a7416a196a654cb2d.apk,28961,60385,3068,7442,25893,52943
3da2469b427774048852907a9ccf59c610e08423c3afbe970ff7a12954dba0fd.apk,39402,74951,4735,9983,34667,64968
3bd75c1527212079ec990f29bb20e6fd562acc8ed5922d32f65913f02f1e78f0.apk,47129,102397,6727,16272,40402,86125
4f1775a55e4f0413b4075b6a05b77ffa6a0c36d301bed7b509e000475ddcf600.apk,48095,96799,5576,14678,42519,82121
40e442bbada57c7dee82ec88f7d161ec16dc95c0c6bb6cf9a6d9d5917e446a0f.apk,51148,105292,7670,18372,43478,86920
4e0a52d47e5e71c5d6d05c5bb9c52d40eb1807ec5c3db3641ce4630eb3a741f4.apk,20019,40495,2038,4467,17981,36028
40c2e9211947cdf0a19e58c604e10970b3a65489c75350b32062588a68857eb6.apk,17350,33420,832,1306,16518,32114
4d3d7d8a1a0d453293d9df425ec47a4f5ba89dfd6c16f7b50bfa5ee49f65b33a.apk,11340,18653,1266,2710,10074,15943
517da0c86988463d3def2bc5e278535c66a9ff2664319e26eb69eb7b69208349.apk,31203,77164,6135,17037,25068,60127
41df7b4cba7b4ef73977e9e8375204396df42680d1746a822e3fd5470e23bb99.apk,27197,55907,3470,7511,23727,48396
3a5183aa5e340aa7a6f1045943184329025c24c2316b0703844dbd20b8638630.apk,3664,5673,542,816,3122,4857
3952202c5c66d3270752bba5bd5bb9846c70006ef8d32c8b2e9f4245f9290cff.apk,34114,61972,2938,6155,31176,55817
5ae65c144850347cbacbbb05c820c073bbde9850051a6cf85161c6573416e870.apk,36725,77217,2691,5771,34034,71446
56ca8598a05f74e0dfa5dc24fe931e4817b358eb1cc2cc63c1524a32976149a8.apk,49105,95067,5594,12921,43511,82146
44a88e2452e956a2b8ab65ec5daae0d4c3d1eaf33e505eed6009b09ee1281309.apk,42145,69889,1589,3209,40556,66680
50575f5dc62378b26da402b3197cabb54407ac7ac32ea96ff8c0a4e54a35e01f.apk,85887,178943,11372,29480,74515,149463
67876b8675d595b9e1dbc6e82adaa1ef2851caaaca22e1e6c55ed535104555dd.apk,50591,111759,7697,19640,42894,92119
38c9974658d763d906ba19b204070e7a871417c6a8688780a292b9014a6ce460.apk,11270,22960,1515,2905,9755,20055
565d1a103c4693720c2afa0e00477acbe47d02a3e6a21807d064a7fbd1a9b2b0.apk,26401,50165,1236,2679,25165,47486
596110450a54872b00078ff7c273f6afde04ef25d866614946a528666b9a9ac5.apk,28659,54355,2878,6248,25781,48107
4327b182b5054de4708dc5db81834b38a1358a4ed90d859580eb85f362a75ce5.apk,18041,36763,1341,2987,16700,33776
44dc49e40055b60501a0ee6a92916639568bfeb26c5d2c3ae316048ccaf37129.apk,58995,111768,4710,10989,54285,100779
5421301a4d9bd7962b616507bb8c8a5187a2b83e65160afc9a6e3de1671f7155.apk,38697,81111,2919,6715,35778,74396
4dc024abce162e51d32abcb31c0dffa7cd482c6857e5605251c2ba1db3af2be0.apk,109167,243822,17570,50138,91597,193684
665946f55f97a337b196b27a1752b58b4e9868a244a7214fc9f9d4c43d743e50.apk,47288,101102,8970,24042,38318,77060
6526ec800a0bea7ee8971dcbeb9ccdc28d58b021bef900cb6848792f59666e04.apk,33590,59697,2222,5104,31368,54593
4a00f374c0ee3ede5835e81dbe5ed70ba6a7b44e72ec9fa80fa3e73bcdb5d55e.apk,30836,68727,5617,13790,25219,54937
6520c61b458fd8b07c782ae489d03eb649a8c4bf3a42c5964cdc1e77b4f85d15.apk,65588,151638,10202,25233,55386,126405
37947bde29a11556c1463445294f5df26640f02f47bddb1d1980bd6e4525bc96.apk,57866,115629,2938,6609,54928,109020
598e5ac63157da3bc1729a9f4bce682e35b87e14b83b938c5c050c7f068acf79.apk,53112,118595,10968,28827,42144,89768
6342a4ddde47daba4512244f23a7a7ef98f49f7c12d9db7a64c614dc8648c577.apk,45701,94441,6601,17581,39100,76860
5180f1592412c08b79bda89c5f7ea0924a5b15974ff5f087b90754dc43bc05da.apk,38674,73167,2773,5565,35901,67602
4f9a4334650bc51c1e87b91bb56e9f65e8c3cf0a07a5c66e2511e923da3b64ce.apk,5897,8948,851,1633,5046,7315
35ea6f9893f560aab103b29241b8e340048cccf67ab87d741a28cf9fc32033af.apk,19695,34243,921,1875,18774,32368
5b56e83814fad2f9b3ee2267a8592cf4133787ec8ae721f0a96ac56709fad30c.apk,79683,161399,8198,21238,71485,140161
65f812ac3568d8267768de146ba67098a4299ede61c262d053f4b572738a2ecf.apk,31881,63227,5739,15211,26142,48016
54c5647ecbf3b989a2c055889b7686fee0a913a823f77d424fb5aecad743ab4f.apk,18038,43188,4213,10233,13825,32955
5393bcb606136c044a6af14457738b9fb28dfea14c9b450ac05234ef0f6888eb.apk,63580,123287,6323,14683,57257,108604
529f904916000811a1d00dab3b05748f178a5bea0a92b996d4245258071bc17f.apk,59064,123906,11193,30058,47871,93848
59788c1eef31a01be5e76197b7aa6170ffbd6cba910822b9b0d8aade0132ccdc.apk,42147,91649,6400,15703,35747,75946
3efea2c234d082fe5985cad2e75066d2fe82a69cca5c01b21dfb0841fa5afba2.apk,41740,83515,2363,5021,39377,78494
4b8da6e44642fc468002b1bcc852001579847172fda5a6e4b1a3e436770e8afb.apk,62945,139365,13330,35805,49615,103560
4837b8300db4d6caa3884f145dcea6a1ea7ebe28c62572bf484aefb2187f75fe.apk,24056,43293,2306,4499,21750,38794
50500b7caad852036bfc7584b0bcc667a373c3c077db9e45ec2d7564b614a248.apk,26051,44521,1913,3663,24138,40858
59fdab84cd59dbe44bc33840fac48efa937fba77d484a06869c7a5e122dc1ace.apk,104634,218979,13138,31978,91496,187001
620e782c24fd5a2d59be5182d04b9da750966bd8d40fc5c3b056364acdb63306.apk,35924,65107,1380,2304,34544,62803
374a15c53b131890c43160fede9685751030938006794e2f9a7a1d1658d7cbee.apk,10447,17154,1698,3437,8749,13717
4da29dc71f2a295df87c6a65a0526611cd77c2718c70f97dc0bf02d95c534204.apk,46556,92726,4707,10634,41849,82092
598f85f73f4563499775a50269c0c2f8127651e403921122704da800430d1b09.apk,21123,41535,1163,1860,19960,39675
5537af31b7fdaa55251890f10900919be6ede5111aa4b29e4d6b0ad288402cf2.apk,27991,59888,4484,10984,23507,48904
4f8fa7ea2608d9fcdb63476def7a7c07e9f3fda808a09fa610041851ea254f88.apk,50066,106119,7297,19290,42769,86829
5f2f8eb5d71daa06dbbe361fdf081f65f701f9f5b9b13a726d24e9e940ebb4d6.apk,46223,92662,5816,15386,40407,77276
60777c42f710e9774c0f057d91239e34a86a63943eeefa569fbd0a6db3131ac4.apk,60274,120206,6274,14369,54000,105837
35156319a5bc88d311c629a0f5daec6b3b2168a6a29ce7f94adab25970bf3f23.apk,56968,115458,4644,11639,52324,103819
3bd8d5039f0a48c0b42c9d1679090984be9476a76eafe5f6435415e5aeb3b9a0.apk,37406,71253,1152,2356,36254,68897
467faa5064fbbe971bc9bc1644e75f9f4399086ebbdcdecf8e97aa9d8b2eefb5.apk,13106,18902,380,688,12726,18214
37fd16b8b1d2893dc717405ca7108d39cc03c5f4f849e6f7bd65d966c374ba85.apk,57739,119661,6953,16273,50786,103388
458055e6386756830e708e60e3b040c75056e95272d7fd17c1edb9d466f10dd2.apk,18578,33916,1220,2884,17358,31032
3741c0867961f55cfd95f747c36ba3fdf104049f7d118b211377e5e62dfc52e0.apk,28326,48543,1955,3748,26371,44795
4fd8446e36917873d5ed55625dd8f6da3e506891a483da87bc8d760a4bc2554d.apk,58367,119389,8239,19977,50128,99412
38878ba6ad07f1d08237640eb7fb52911045131a903acf5abc3743fdc711c365.apk,14646,29527,2564,5858,12082,23669
518971f7f3b0d97249d80c2a328222f46dd24006e63385369601b1ee6c36ea93.apk,54990,110345,7066,17046,47924,93299
41632c2ce4466e8eab5f5998673897f07e60a937615d7c36fb6ba1ef5edd3c21.apk,26005,51783,3045,6542,22960,45241
59d9f300402da07fbe5590810b9887e73617c966f3fb81aa2779a0c5309b321d.apk,32011,60738,3107,6885,28904,53853
364e772222544235810fef3897db71281d4c8dd96f03c2a299bae7ae85085821.apk,18896,32055,818,1307,18078,30748
3dca399b881a20fcb920f67cc1fde4add282711dd9d693c949534af30716b18b.apk,9073,14773,656,1139,8417,13634
4f7d3bea482824ec2d541e5056317f09563cf254fdc3ae0409c92c8ed5ac1673.apk,43472,83742,5463,12553,38009,71189
3b9504027eb3801b9f7a57ab9a445ac8170d7d07c136344b292b76210e6283df.apk,29937,57517,1480,2810,28457,54707
38a0db2264bc58a3c408b88a336cfeca666044a4dedc74694bf758f4af398679.apk,4060,6527,542,816,3518,5711
5e32c6038571090051c009f50a63109a61fdacdaeb022a26918a34cf980a7a89.apk,31704,62813,4170,11361,27534,51452
67926a3b5448674b5477116f47af2e314601053b7a7bba11e495342ff91f5dcf.apk,19156,35816,1512,2802,17644,33014
5c37b5c483bc2fa5994b8695d5a6a7d25dbfdce0defb5feae207cc6023cabd69.apk,35295,67926,4518,10482,30777,57444
6532cad64be6b91dc916ad9dee1f4d047e3cbca640be67f66d47bf920f2db755.apk,46286,93669,6648,16783,39638,76886
563b8752f16f82dc7869571473a72e2e8bff9011e9badc312629ffff8fca18f3.apk,14097,23361,1819,4769,12278,18592
4bf26572d964b1598ee18cac90e884c0bc384b65021c58593c905dcfa5f7f183.apk,78818,156825,5648,14043,73170,142782
36faa4ea51e9f8970abfe27ba925559cc2afed7f0645ad01126d01a736339bc6.apk,36102,68877,2531,5220,33571,63657
4ed898867e6cc3ed50acba9301de8d5416fcfce3e993c6cc854947863820e850.apk,18075,31302,752,1333,17323,29969
3e9cb5bef888904470917b66f1f7c322bdeed4641c044011b35fc0050994209b.apk,21337,42253,1051,1773,20286,40480
3db8acfcf19029f0d1869d767cc3a0c63534d49e1831803c740c6140d2faff1a.apk,63349,141444,7691,20168,55658,121276
65acf78addace10bdef300c6c41232d913f18d483b0f7d350ff063de1d4f1c64.apk,32824,61749,4247,9999,28577,51750
42303fb08772f807bfcbc9e55051dfc70e7fec314469e64e96e60d8c78705626.apk,37132,80380,4816,11298,32316,69082
639a67ea5dd49eebf2bcf5692b6a057a31cfad6456b5ff824ab9b6948cb388d8.apk,34907,65301,4259,9516,30648,55785
639dfde2d73bacbb8c0b4e3bbfea9ff96b4c8aa074633bf295a0a14a3f32de05.apk,46215,89433,1791,3513,44424,85920
363d2ed20356d9bd7855b1335c8320ac477b4f4a7cbf928357020f3626edd10c.apk,46344,105423,5283,12863,41061,92560
4902a0e75974b283768bb7d6b8728e907d94b352921122085e522776f3875630.apk,53376,107550,8238,19920,45138,87630
62be139574d35244e201798e9d35a330ed799bc365dc617cd300810320a154b8.apk,44135,90328,8263,18942,35872,71386
59d87498b6bf33930d91cbf004c0171a5b2014a12a083b281418e97c301c0129.apk,64517,123910,4235,9191,60282,114719
64b536e7b63b9af68601f862b52c9fdb13adcbb2e5a989e724e86b5a01efcc48.apk,40673,93197,6172,16311,34501,76886
637e67368ae9768d74fd1963d60469423ddc4eed0b4be6da86046c165809c714.apk,40600,92365,7507,20161,33093,72204
5f4f0077392220cde7971f34ced31f5d8cc5a2a2b3d1b11f0eaf27b9d180cf1b.apk,43753,83956,5997,13763,37756,70193
55fb67555596f70f63ca29fa871ba0f8e293ff6da88a0167db7767b322aa76b3.apk,155168,372837,31648,93866,123520,278971
54ec7f11b865871b72b54d9294e954aeb1764da308d3c547c3ae95549dae6ec0.apk,58259,123892,8567,20510,49692,103382
5552e82464b23321a42e55250aee64b2c7bed70db7e5047c9875040127ffc3d2.apk,78871,182046,13467,35085,65404,146961
468813466fdda4310d1165ac3de80c38ce0516440b68bd2d627167246be579d2.apk,44895,86308,5031,11455,39864,74853
4a87fc28e7b0778aa430847c4c19f379fff3ceb324370f92630788f98a3f72dd.apk,57376,111452,2826,5904,54550,105548
53e639a23e7f345989030489d59852bf3290d12cc6e3c7f0dbbfc6ed48897537.apk,47381,106066,8307,21168,39074,84898
642b4513a7de099eee73b4f77c1edaf38f22436983c9de0e0bb3614b69d688f5.apk,14100,23367,1818,4762,12282,18605
4a207c9ceda3325a1d69c0f52235609b25227e941544e552f7814b58e2d63826.apk,69169,144592,8197,20276,60972,124316
5435cd12276138d7870a188e687194e50678498c4004fa1c1df1b1d6cd669b2c.apk,26801,50510,3444,8221,23357,42289
4bce4fd0914a81985dc08b51a5d960a3c0b5bc41d0fac52ab5ffee46b30d64db.apk,63489,129888,6453,16120,57036,113768
4a68487824b1c18a8123c7ba472013d6619421f71e50fdea06e6563f87b11f8d.apk,58914,123429,8356,22228,50558,101201
4e72a98ac44c8d3290431eaeef02fd09eccc14f04d7be79bc54160e6ec104dbf.apk,25751,53856,4118,9190,21633,44666
4b82cc5e83ee7d16ae9373c83c55085c2c0b76ce23ac1c7a796d20b1b641e93f.apk,75822,163689,10240,28857,65582,134832
53cfa7574a3411e6f68937af88587ad0c10809de5bea3bd6c99a52e78e531a84.apk,56737,114854,10310,25689,46427,89165
43ea28e586a89ec276a2bfe9c4a8f20f717d24978d26a0563d348023ffa438b8.apk,94326,211063,14701,39143,79625,171920
572d516950dac9555b9563f311d244bcbac0db8d4531ba3d060f8d652aa04e54.apk,55710,107376,2839,5925,52871,101451
365d16606eaa05ef88eb2462d37efc401171b38e38052ead3ba51e8ff53dbc94.apk,63395,142257,12800,35242,50595,107015
411c7a945d3eb20c2b255f59f40b2fe0739ea012d077619e9ab668f46497a4b7.apk,71601,159673,7342,19095,64259,140578
61f65923a68f91d65cb69f6e774da477eeaf10308c4ac6c56b9320fe1351ca8c.apk,52549,101176,2609,5252,49940,95924
66a6a930b77fc9b6ef8103b4fbf3fe8940c59c919800875d57b5bdb08f63cb53.apk,1646,2905,220,398,1426,2507
3d0e8295bffc601f516669548bd8d3df915dea9c5753ece1cc22211b54250a39.apk,8097,16140,2252,4880,5845,11260
60701c4e33972cd08d71ab79f1882ed9ba788cd6bf6664cdd7ff8495148cc71d.apk,83293,166969,8818,20569,74475,146400
38207f2b0c54dde3b5306f02e185b33859507687af5b586b756e47bbc6ee1e92.apk,34720,62877,3510,7707,31210,55170
5aceecb808c1b95d78aca6879cd008fa0f499fa0a2f20ed3adebfb0e88658879.apk,100364,221631,18302,49397,82062,172234
56c2736d708dec673a8a4e436d0a355648d3b450d63e54b20b21df0f868deda0.apk,54641,109444,5778,13005,48863,96439
63e9af151a8045b9c322e75f355764c5d8e54160bd70bffc9437ac6cb6c06c48.apk,24390,48322,3140,6714,21250,41608
4a8814714d8687cbafcb1a566b920b3ce9eae876a68ea1e5286056dce691d756.apk,42163,85419,6191,15974,35972,69445
51f9a0f4ef2138af4a5318233d1dcf89fcdb8ae88b05a467f10db94aa11e8198.apk,63868,145895,11880,32006,51988,113889
60efdb8bb0bdb952dad714453681c345f99458502ddba92bf82f5681358f4752.apk,14814,30479,1892,4181,12922,26298
35c86dd4e5cd693c4efb18157e4357291aa0395da65428a678122d93ea422da0.apk,52736,100563,4502,10508,48234,90055
3f729b6a4e6da600bb94ca0913f3ea329af9c49e8a965741813f457d9c1ad04d.apk,14033,26617,1603,3113,12430,23504
462aac621572be3c315df7a5e65502d023de0d0d7823d31cf165622444788e49.apk,69726,147856,13123,33513,56603,114343
3fcd6336cadd87e4018aac54122703dda0928ea0a94d7e7f1f3ebdc915c99290.apk,35010,64502,3074,6701,31936,57801
5015204a787a399111aa3bf63d3ec928f9f003c93bd3193349f47a15666ea02e.apk,94785,201484,8957,23309,85828,178175
5eef24f33a098027e48f438ae8e59875cadf00c7ef160fe9b1b047ba60edbb0b.apk,30156,53255,2288,4598,27868,48657
51d10c0975f8bf8c2fab975536277cc0de742c5a819a088fc043fb3edf13a27b.apk,34022,68239,4964,12531,29058,55708
43ebfcd5697fb7e57c46f5ed7755bf13f3f07dc921250ea438c334bee048979d.apk,38169,79734,3012,8031,35157,71703
6174b0c10145104789c765d6115dd86b89fb01efcdc99155905bc640245c3254.apk,57678,113758,2544,5351,55134,108407
55eafe34247581b320785c686c4b0829e77f235235c2b80a09cd18d9e103c4b9.apk,40170,80572,2542,5537,37628,75035
45fb09fe2f463f26b2e121b73a7365dc55f87145985e32e28375f9a4ae30992e.apk,58943,133145,7868,21301,51075,111844
4a24cff0a0aaab502e41a5edaf2aae35138098fe141b7cf4ab066fb040ee29cf.apk,61693,128675,10464,27340,51229,101335
391b5d547e18bcb55680099e20eb1b1fdbc3475f484813e769abdadf2bdab3e3.apk,57329,126566,6642,15351,50687,111215
578363c81d9b8f882a3acffc93d3c843907fb6eea9deb6c36b3b4b8fb590b869.apk,47802,92022,5721,12746,42081,79276
5cee9e8038a9ec3857f1723108606b5493ebd9aafb41e40423afd21f1ad7e40b.apk,31033,55283,3431,7288,27602,47995
3bb1465b99236f0f574cd14c6556356a4d6e18feb42095063190c4330dabaf4f.apk,39853,78209,2038,3995,37815,74214
59f5e40ae6ef3cd910a108bd0b3636491f64d275750767bb9d39ecf020a0e62f.apk,211704,403544,24369,69254,187335,334290
3f57745d8196f34d20fd0641e11504b6addb9a83cee75cd6e1fc5174456fe00d.apk,62162,127523,4998,10818,57164,116705
4a3550483125194210dcc1db5d483f3e6bff43da03383b1f3dd2ea5813e4a078.apk,40147,79551,2931,5873,37216,73678
51274cd41bbea2cd0cb8e836dac8b65fafcddd9699b449387051c191b68cfaa8.apk,5118,7619,804,1526,4314,6093
54a426e6f83d9b6195cbff8d1fcec14a8002179450cd6f7e08e9a4e66c42d788.apk,39223,76743,3429,7594,35794,69149
45f428b3291398af63e737649b2b0366d7e2db240b38d6d702c853f0135a2fc6.apk,18313,34253,1840,3564,16473,30689
4ce4d9ce2e45f8feebf2335971a33ccada4f44fbadab4d71f5eb75da9b46b949.apk,32961,70494,2348,6459,30613,64035
43c878a8257629f30ee2c4580411e7e5949bead5568d34c0df284cf26cbd696c.apk,33347,67742,1549,2870,31798,64872
36083b0c6d31ee33e1ddac5e8a3fe0c268d5cfc9b71002dbd485fad25bc0ff50.apk,17370,37439,2263,6238,15107,31201
406f69a02cb0b4bcb98d8f68919470938ad2d175013845f6f4c7b202894bc459.apk,35172,66791,4576,11003,30596,55788
4abbda7fd48b8c2e9760b41af801ec17a6517d5c78e216e18f77ccb854f37cd6.apk,36143,76343,4258,9681,31885,66662
4ca997ccb94859e9d548d378e4a66052c2f0af4e0112a57e527afc4149a2f610.apk,37441,67582,3056,6641,34385,60941
402795fc4066a89ae93dfa2b56cd9ac98fb2683634f61c273311f8f74977bed6.apk,9464,21671,1918,5059,7546,16612
3d5365f277ecebf92a1358314c755fe9c3ba62d1c85e7ba445db91bd7dd8986f.apk,35199,79053,8054,22282,27145,56771
55fcadcb5c8dc84afbea79da1d5216da2fce396df701a06272a2d3224cf11ccc.apk,55843,113235,6792,15835,49051,97400
647182b922e1c80666f8953a8043f1f1d21b137320e723ce52d44b88f3f6fcbc.apk,24601,46300,2489,5893,22112,40407
494e61cf3923e7e9f7d47239e6eaf1a2bfe07b9ccd7760b6bb9413c6cc1b3307.apk,49359,99877,7910,20824,41449,79053
3623f068379bd005363a4b83795dbb51be70261c5dfac5a34384b3c0b5d6c76b.apk,39332,76367,4071,9646,35261,66721
3ffde7a9794c5bd8470a6b06bc8d0b9cf306859f0c9b108842c8b8b48d57d13c.apk,55949,117108,6291,17862,49658,99246
3484b97dad563bac6687eb30b81fa125e478cc92eed70e03a177ed3257d1cc43.apk,43987,84564,6008,13812,37979,70752
61e9bf93a87dea135685c2ce554fb1942d2dea6d5af70ce25d824e508e20af88.apk,10251,15318,310,402,9941,14916
6650a162fb65af1da0d6aac284964ad33b32accc59dea24c7bfc51f30ca0f93d.apk,24402,40523,2040,3992,22362,36531
363a37b7108a86b82649af170cccd1780d9c4bbceeeddc8a7c1df55550013c64.apk,39169,81975,2234,4524,36935,77451
665c483b0f0f2c08b4992bfbc78837dd927e986ce8c98e5d454ae8b07d592592.apk,24596,50472,3031,6153,21565,44319
4bb1fc4d18cba8f3be066231962f974470ab430c65e3f6f4e69a0400faad4328.apk,62769,135867,10472,27975,52297,107892
5a00382f9e6cc4c87f0c59613af2c7a6f5daf372a91ec1862c7a4f2bbaf27413.apk,18383,31702,1934,3970,16449,27732
6324bc98e121eccc7fb0e45f2361328cd4e4f4f532d38b28ef33622689bae2db.apk,79839,164055,3756,8490,76083,155565
352c494ee2520c95250925a1e68a6427068488024291753a11f6225df18320bc.apk,93145,201199,6808,16665,86337,184534
3ea80530cb85a43618c8f9aba32c37b318803e958e7e7911a62164c52564e7cc.apk,76125,161500,8156,25498,67969,136002
527e2a7f25440a24edcc4ba33b04861fb9a23c30600fb9276ec3873344314992.apk,76420,176262,18554,54703,57866,121559
48d640ef903be80f1b4c8b6fcf1adda17d871789790ec2fd20b152c89aba0dd7.apk,37813,78334,2234,4565,35579,73769
4a41c5f52dee63037c389673bef6e43bd4800997511ba4291355d415e785387d.apk,36557,73493,4984,11884,31573,61609
56cca1a877e94354906674271907449e509124ea8ca6bf3ef27721429d3c04c2.apk,45474,93164,7401,19019,38073,74145
3ff2441b3a527fc510b651f354e29dfd.apk,39853,78209,2038,3995,37815,74214
47916764e91ec853c4f9461139f91e20a28b7dc97737c7c38dcb9ca960f73223.apk,59,52,59,52,0,0
6104b746a60462143df78f83517dc854468400796163129c3bdf60da7fad60a5.apk,1517,2532,62,78,1455,2454
490a3f6f1d04249b6f4906174a470b5207332cd53ee8f78f3dd804ef030ba445.apk,40079,77698,3278,7184,36801,70514
511dd7fca3c577cced8f5a37a0b2e91c703a8556abb2540e361f4b66898fcdc4.apk,45177,97958,6697,16081,38480,81877
62bf673591ba8ab9ef89139786693a4f8811b941e7e3ac72e63dcba5b564da8b.apk,44279,83525,2234,4640,42045,78885
62011087814580c8a68f419d189592ff55b0b889d398f6ed821e00601eb82dd9.apk,40388,90916,7384,19923,33004,70993
5df6975316bdca025c385d283dc251e04de6ed34bb61e279ddc628e685d4feea.apk,64454,132531,8576,20739,55878,111792
4a1e229d1de8024f69c833c7428c85f5d517d9e6b589e2d83107bf6f9a4bd93f.apk,57406,115288,6672,17435,50734,97853
46979e32b90946025ecb4c0bff0b1af38b75c5d74bac7b9352a240219daa10fe.apk,28035,56222,2345,5586,25690,50636
3eb6a97c4a22346bf4db04744dcb5f27fcae13bf3f989e4b6463ff623a964e89.apk,80632,171535,4630,11010,76002,160525
54503a56d1d783dfe06b2ddf1565203e9461758ae571f1a7cf92b1272aa751ed.apk,25549,43870,395,554,25154,43316
437a3a53117f62be3c2832549bb2ee24b92216d7f4f887aff009187c0602f09b.apk,63334,132109,7101,16146,56233,115963
3c6cc01b2ea4fa49c537c05814c6b4bd5d985ab6ffb214ca818dc26e2fbe3a06.apk,24788,46526,890,1404,23898,45122
65fd8d9a78ca64a35c11e37348483516cd29c3a8bcdd7f068670425ae1bc3dfe.apk,22460,49899,5024,12154,17436,37745
359921d68cbfdeb4f7bf80309aa5f9e1be0928a6e4a52705f7a1393bbe60824d.apk,35108,78265,6743,18822,28365,59443
5df65b5833a1d5c53b19baca7b7cfb5d6edc0051a8f2695349b46bcf7b09898f.apk,48730,89964,4906,10915,43824,79049
3d9ca531de34c4bedc518b3c2325e0d2b942e6ae637b78475bef408f9912f061.apk,20406,38864,1352,2272,19054,36592
609014019d9fcc8914ae087d08cb968445683227880046973766747d14352493.apk,40217,75821,1084,1770,39133,74051
66e85cddf49345d08374acf144f6d6f6234354adf90b30da2500da23f0d6c19f.apk,9315,13771,191,248,9124,13523
3b4af6dbcf5cc4de3170e32235962f1660766c6b0e1f0126fa9bfa92554df8f0.apk,41512,80847,3802,9054,37710,71793
50e237ddb12b75b9bef8272b7f2de4358af60f5f29966bfabfb7756efab901d6.apk,1212,2176,146,229,1066,1947
4fbcc16f481695290b31727f846234fb53ee56869d3f52da1807484535842957.apk,24147,39458,969,1908,23178,37550
5954402a8e36690f3da503228eda70c9c9889a0df7703160a663cfca7eb7329a.apk,46589,92006,3218,7102,43371,84904
3640bec1ead273b7fce55ae055c35e527bedcfe6db9c8a8728bed939bd1a9f63.apk,46226,100322,5517,13065,40709,87257
5cd86a7c2ae9a5f68da4a598580c9f0866858c124d22889b63ed3fdb6a8748ce.apk,96277,191314,11829,27345,84448,163969
38baa49402c26aa2f025b1a0d867bd446202c2bdd0e80a3607ad6a1c1b40c1df.apk,74887,160847,10588,28552,64299,132295
46a5c88d57b475e02c107e7a79c2c16ec5b7e105ac6880bf1aa1a59950650315.apk,59869,125459,4761,12392,55108,113067
4f214b50efe3a7e0cdc05eb26bd90415d3c27cfb72c3d8b237580b2ec7abd252.apk,44929,102759,8280,21363,36649,81396
42de3e55e8f0741ec5aa7394ed91b67ccca98eb9708c3ba9da6cd2d77d0c0c3b.apk,33235,64322,2958,6337,30277,57985
478bc667f3cb330c4e793fc0e4799b170fb7166a582f52f56c9de6420214dffc.apk,54731,111365,6886,18587,47845,92778
3fd443de1251c9fb894f1edfa8017867470d5dbb584565300015f5e2795325c6.apk,69995,159421,14677,39793,55318,119628
4de23bc36ddac6ec748b9f3a4ee1d46c6eab98fe2a332dbe5094f87789f750ad.apk,78706,177870,15744,46267,62962,131603
523ada414d1f89ea37bc95284a9eb83c8a3bf749778899c1784f6e40dde18d43.apk,57901,116180,7258,18110,50643,98070
5e78f04bf43c54e20fd320c59c5908c09564d4e7c9faa459e3b40c8b3e3f4429.apk,60106,111194,3711,8280,56395,102914
5ea0832b2dd21dfa6cae4a128fc86261c8da89c19352c0e62b04172a4eea1792.apk,31472,57428,2588,5386,28884,52042
4bfd7d521301205ff78b7f5addb7ead6717764c8caa6f732b809e340211d8c68.apk,23410,47984,6142,15451,17268,32533
649cdcc96463765d32e7aa4ac83f4b0c667b0c1f7f6df4584270071f2299fbf9.apk,95965,212798,10319,27960,85646,184838
595ead45ade96a49fdcab21ef2430204389054198f06c87118154eb4b029dfce.apk,64841,134815,5162,12844,59679,121971
5b552fec48f02b310c51e4a8df8d3b6b023adcd8bac407c0bd141120a6758d52.apk,22073,44039,4608,10021,17465,34018
662655445d05f9c56837945d7a1915e29cddd1ed057f53eb15498d648d73bf83.apk,42742,82403,2015,4041,40727,78362
42dd48da71480ff3a0871da17f6c226874b1b436909b86446f8aa0dfa92525a4.apk,5002,6523,91,93,4911,6430
4786e48ef30e67679df41e5e4bebee87e87e5c3495f2ec81305cc0e7bd29c27a.apk,40171,84896,5653,13060,34518,71836
64a38e5ac8fb0ea387c8fc57a8a167dabe9d3853c445bbc7afc6594e83a1eac0.apk,59694,124982,8793,19816,50901,105166
3da4ff6e1469ef7b92978a76722d78759d02a4ffdea708e4991ae2c1da2df891.apk,27078,50473,2427,4860,24651,45613
592215d690511b49f286621ef8137922f7f6880f78170ca8622531405f312e8c.apk,74240,150049,6682,15396,67558,134653
44a4100a4ddae6718737bb940a179fa43f647e44fd78b6369e30bd1c0c0647a2.apk,75285,157773,7843,20892,67442,136881
5d7903d73b0b17c85d66746223602b4371a633d197bdf82d3e2b82afad53b1c5.apk,32269,61605,3142,7079,29127,54526
62c8a7a07b97564718aa9bdfa46d19a3da9adf38595a536f1de8f36b217c2ca5.apk,62755,113596,3973,8290,58782,105306
4e09386e05de3c33a22bd4020a9b839b90c555c0aeb72e94a8976d6bdc223d44.apk,64803,130889,9682,24890,55121,105999
5f82593cf3965b355192e7b67363e9a5aff3021b93f256fb0c359d28c8c2edbc.apk,49842,101533,5830,14026,44012,87507
4e595f834843e4db62b80f014b072d1cacf9c441f355e56baa22d7709eb2064f.apk,19532,38239,2116,4201,17416,34038
47ec74237733f36291b2b4e12fdb17eb889e8d277d4facf266e9714743b6f7f3.apk,86413,198732,20859,61151,65554,137581
615a0fd31a71cf1a8788eb761e7013b33a6836207a3e9770beed305c2a73c886.apk,78496,170906,11446,28373,67050,142533
3c7c2023f184bb1d34955acf4b5a7ddce0953b84b2928ad81c1ccef312b80601.apk,20409,38889,1099,2025,19310,36864
3b91f0fa76efdadac426ae3c87b40029b8f48c9f2c65e7d66d11efe2ff271037.apk,21375,39176,992,1638,20383,37538
57ebf25e309e8bc69a2b94a396a0b6f7ba01b910675d7667392af90c9a966e98.apk,43065,84433,6148,13956,36917,70477
55c03c526b1fa20454af8db7f4a948635e5cee9cc7c2f8d63b2f018590896cec.apk,71414,138146,5782,14857,65632,123289
62500ba23f3ddd7f7b21680fd3aece29dac5e3801b6f0702103b6ce627b829ef.apk,59213,117076,5314,11655,53899,105421
57749b346debb02c90789615401e459e39da0a1298aa2b7a57fb4bf22aaaa535.apk,51663,112957,6402,17696,45261,95261
3627b10268954f03531074b48d0754c20c2615b54caab8e1a715ec999eea2df7.apk,38901,73084,4149,9094,34752,63990
3fb9b634323b80fae5546cd11b71f5383174029ef88232d6af459d3410f0c289.apk,54167,120021,7947,22148,46220,97873
5162d3c4ef1bd012400a138b082bb36ef5f80e9158104e78865fbff69631ccf3.apk,3769,5779,542,816,3227,4963
52ee7699986efa9088a8262d55b78983688d3f7cd6354df7db55a216a4e8ce70.apk,47713,83263,1176,2245,46537,81018
34828e60de560b313b177db009149547683ee62c808da4c6fa31ed32d547cbe8.apk,53795,123204,5413,14347,48382,108857
4913b21055b3480d7e2897c7a2bf8f7848b7008aa28691d4e22c8ff5b812c00a.apk,26410,45344,1546,3009,24864,42335
50cae8a3abb7a31cbd85f421ad64fddc52bb1e2024080727f31131eaef69e438.apk,35615,65390,2699,5394,32916,59996
477c02eeeaa510e4387522e79b9c25c09531b715ef372dd8190edd7decd99c5b.apk,41829,85204,6225,15508,35604,69696
4fed1c850130157a538fecbc235455eb19309a0b54b5324418983e40473ab412.apk,18646,36440,1923,4142,16723,32298
37a9c88209de956eb06933b34e8c751a3c9f7bc432bc2cd4bd39d31cb7c7789f.apk,76558,171567,16874,49188,59684,122379
47e6a2dcf6efc623568f9162919583ee70a2380a0e60f5fec1e91a2636df39f8.apk,36974,88814,3220,8384,33754,80430
41c361927e937314da547808b80a53b7704ca9a89b0f6b6a265c86703ff21507.apk,33939,64838,3317,7300,30622,57538
4820f40d4bae1ef25645fff589f1f73a3606e1476e6545e95f58f8edb0f42ea1.apk,39192,83781,2932,6836,36260,76945
4b70640f096ac352ccac9b9fc8abc0229c7bde6c64632768f6538683f3e2f34c.apk,21156,41951,2301,4660,18855,37291
3b970c2474ade25b74f84ea9c9182f80637930dbc3cae16e808826b9772f8bd8.apk,52481,118964,6721,16981,45760,101983
34f6be73989bd7b0a3bad233b8647bac276a644e2df724871f844ac1c58fb5f4.apk,43491,87057,3551,8164,39940,78893
3fb7afcd12ceee3ab22cf9f5bdf2e6ae3aeaa8feb81aad7668fb668717f0d8e7.apk,24231,50812,3393,7673,20838,43139
5a6d4ac1f8955a748852462ab0eda2713ad978420ce048b7f303e0308b90e169.apk,68787,158284,8276,20896,60511,137388
3fa70ff72485558fbb0cb9047c7d8d816fc80f18d3a23b35b02d65140f6a0f3c.apk,41512,80848,3802,9055,37710,71793
4e37d81685f3f024d167e3bbdc5da439719a149c8274502bd7f594f54e899429.apk,85889,181990,14557,38281,71332,143709
361fdb6a0f5fb7e097955333203759f311437f97fc9f46b9441aea3ad8a4e077.apk,45037,91038,2274,4599,42763,86439
557efa3a45152c8db3128992d5ac2ad43cc4bfa5bfefc5ea1f7a92b679270344.apk,56737,114854,10310,25689,46427,89165
4ea36eea5e4787471e08111afc55749b548adb620b3ffbe8435ffee36fb23717.apk,32586,62264,3428,7177,29158,55087
4b4da25bd823622bb04dadbc79366f82e45c9fa47bdc4cba372618c91a0de9f7.apk,32539,61988,4495,11139,28044,50849
55fc3365a14054331d56ceca93312a59ca03d34719f181eb6d7657fd2491be9d.apk,90218,179864,4852,11162,85366,168702
4e48e82a12b02fcf8b036f08dcc285f528664f99dca3a30e79f6bc3f203d1f80.apk,42541,92150,7858,20104,34683,72046
4f7f145a0a7d7371f3afaafa89ed8f224f4b4f45c00b1f4b89e7e335c62b9a95.apk,51507,104554,6929,17868,44578,86686
5a7b3322d56cc4dc2b5e6b5071114277a6a6530df4c67016a42fc55f2b45e223.apk,33590,59697,2222,5104,31368,54593
468773566e4e6bc3f27ae049dc2149a3be340d34eb7f39424d287fe54098fedf.apk,51060,101508,2444,5565,48616,95943
5d1194cca96226172de9284a22886f27471c0ddd82bb5689c3f8c273603aa2d3.apk,52071,119041,9915,27262,42156,91779
59e179483eab9db5a40774c8753752dedef4931fb05d09b6fa107d09618b4ddf.apk,39017,76990,4032,9194,34985,67796
54304262534584f7403be254dd2384ccd520bc83f85bce27de407d2e4f44fc72.apk,28343,59569,5184,12340,23159,47229
57ac2d807d004d993ab5acfa59334a9332b28addb5cb1c87ca23855b72cfd4e8.apk,46021,89387,4298,9883,41723,79504
41f025bd2a60781ac4c46af80e400dd0ebc73d1fe854265192346dfe647bd2aa.apk,17636,36233,2224,5074,15412,31159
5f1cef72e01dd41e12c59e6dbfbee1d7687776bbf91a2aa08dd04adf63854ebf.apk,26055,49085,3597,8532,22458,40553
3ada544c71fafd7e340c9f8c7c861369a4398b77b4328da6a1a70f52151cd545.apk,52147,109915,3851,9388,48296,100527
6761a3ca8f69ea49830597b2fb582b684872f86a587ed3fcd73c45f506a7a5b7.apk,24799,40894,509,814,24290,40080
40ba0da89718599c7f6fe6827dec96b16ba40755fc362df607f3006a43e0d0e8.apk,89454,172076,3926,8447,85528,163629
467c456d801089f1239fd61bd93ad0736246822e82521bc913bd42abef58bf7c.apk,9778,21732,905,2230,8873,19502
40c11d837beb2b349d1bbafe62244c03ced6c7101f9df074c5f686da333fb2d8.apk,49616,105509,4802,11755,44814,93754
452ed39f480308049223c1596003da9272dadddaf19ac308de04ab95bd0b0092.apk,84636,170430,8750,21127,75886,149303
45a17be335595ed196911c402bb0b01090a79727fe203391bd74abbb8b951352.apk,55375,105659,2571,5227,52804,100432
34c5986394e4deb449061750dea18c791f3bf07ddc546d1bbc05aeb44955d707.apk,54056,110144,4845,12082,49211,98062
3ac2f40fe56c6deeb2baf42f586a25c4f1926bc655cbac7fd4648febe7000302.apk,44028,84286,4134,9529,39894,74757
517a1b42f3680b88e51b2eaa7767035e40a69e69a99ed3677c45eeff79932dce.apk,622,1035,622,1035,0,0
34a1e476dd512f7738c2d806d426b302e2f508b4b709552b5cf0169806660483.apk,53785,141765,12694,44945,41091,96820
3f981ed79ac2f0ea67d68986531ddff78cb5a0d86de9b2b963d173754740dd03.apk,76333,153923,7532,17982,68801,135941
42c4999e913556acf9b2afddb0861cfeb3720ecfef3dbc23eed1ad879e584e6b.apk,12638,23538,668,1060,11970,22478
675520f430e96c404b7ed90b10a7184c06f71bb2123fe0306f51474104a8bd70.apk,46433,89824,3021,6088,43412,83736
4743af13ce6819f651502c54ce5bc076ba46cc090f7955a8ee5c585e87567494.apk,80893,163235,8146,19179,72747,144056
4c225b571085ff42733bdd3114e569d9b1a24ba850b0335044c5d6378d9f521b.apk,57165,116968,6352,15968,50813,101000
6104d09e785830fa0effd066d9a0c55a64ace367d90705178fdd0af1dc9cec11.apk,18174,41041,1719,3612,16455,37429
584de4b65fdb16ee5393da1ee014cf00893962229fabdec23caa2a16feaff004.apk,32295,71524,3953,10208,28342,61316
4b43095d3aa92935092991aa35b26f931359a9d1af7af37146408881e21f51a5.apk,50069,117969,9483,25182,40586,92787
3b84edd33027af2cba73961bba9cee3fbe03cab6e3108a1340e2c4a6a4699600.apk,29871,52353,3221,7140,26650,45213
676dba53166584ac53edd2400c19063aa3e9f09a29be0b6c55c6054bd7006c2b.apk,65129,139592,10915,28584,54214,111008
417cad41b9d885fa084f4fc935b5e119ad06da6339459ba76867417ea9bf262b.apk,65938,145109,6343,14766,59595,130343
35a96172dbac677183550280c5b7d152b793e455f64cd3bbbf9408af3173e128.apk,49036,109923,7164,19537,41872,90386
47627b04c1ae78dd6e6f0fd900befd686fae1d9c159fbad9e2fe60f58a03914a.apk,58210,119457,11562,27933,46648,91524
4d444e86d63cd101856b69d9e20d8ad4a6feae057f676d35d8051fa0894c0760.apk,50336,99160,5662,12947,44674,86213
537600f6f61bb44f22af938c78ff973a91d894480e53a56c35980de30697dea9.apk,22209,39216,2053,4165,20156,35051
5e30dc9447e67dc721e635688ecb4d85cf74591015a0c9b9273d63e342c4a275.apk,24415,46892,1698,4226,22717,42666
4245b5e98a854036bdef55b8b6e2709faaec3dc4376b0102e43d36d485b8a43a.apk,53805,104258,7705,16609,46100,87649
5b7c5e30c63d68311873090ed1854d0c15668e3fa1b55857428a429c84134e07.apk,57866,115629,2938,6609,54928,109020
49508e6440e2c28bf4fac4900fd45640ae463f8b9c2f43249c03a30d36e749e3.apk,73373,165765,13387,35928,59986,129837
4d33d45154bc5d7fb9b8b08157f41590fdd1f8699a8fa224ee6e8daee1bd0b47.apk,81339,179894,12616,30193,68723,149701
37a8fe193a351b1b52b9bb5367ba72fa25e5a772a4f34ebd6baccf09961b207c.apk,45209,89484,4231,9469,40978,80015
509e5a3fd7bf320e69ea07030862f8cb12b49e2c7d7792ff9c7d361338ba0f39.apk,50039,110583,5874,14747,44165,95836
3fb2b4ef818354c87b3feae7439acbbc7db2e8d154b4406b42269b56960704e2.apk,89396,184149,10026,24072,79370,160077
50ea5c3043875d933bd23f886e89b4d04858ac68e3720affe62787e2e9aa7bc4.apk,22625,46070,2713,7338,19912,38732
393a4c1e0fcd8eab23588ef9615d9873125447ccbcbdd57ca205e0fc44cd68d1.apk,68055,136522,5957,13966,62098,122556
4fcaa0aed7e7d24ea126cc087eaae5842fc069794315bcdf4e052de36ec1e13e.apk,17773,30477,293,456,17480,30021
3e815e895406f760b28e3beaa781ad3b19fa40a8c9bdce639134a40e5f021e2c.apk,70648,145392,7962,19415,62686,125977
6152a36d24d8b167abf51148ae5fdcfa28c6fd21a3d18835924e01ba42caee89.apk,620,1159,350,645,270,514
3561ef72fa6972fbf888b54e2b41da441aa1c79b2312077a31cedb1948303018.apk,39795,91123,9321,25768,30474,65355
3c59a0f7a21c12fc1b2810d67aca6ed727d868bed5aa746bde6cd67a0d0646d8.apk,94976,202750,15187,42700,79789,160050
55559b6b24415c564ade3da8e17404530129108548dc5281ee0f38f448456df5.apk,56610,117286,9078,23242,47532,94044
5cfba4759e2430560645249f48b3912008eaadec05ad69ead0bc09d772d5205f.apk,8276,13789,764,1530,7512,12259
63fb07d1b12526e73f1beb71a3fc19b819c54e3c86b74484f5d2f918dd48d5ea.apk,38656,73128,4828,11337,33828,61791
46d0011ecb52f2afa67331fefcea739fb5c96068675c40c6a5ec7ecccc251cb1.apk,53131,116475,3859,8163,49272,108312
3c2233e31558de43e1c07b48ec0686bd290f5061d4bd9e66570775cfa165161a.apk,27040,57594,4352,10187,22688,47407
371c95dbfe652ccdcf036a90dd41acd2c7160749645cc0489f44e1f48a48ee16.apk,40080,78707,5197,12288,34883,66419
58597ae70d72dd8913892c62f6d399ad7b14e7f71d81f1246a87c49e3ed90294.apk,24983,44149,2006,4261,22977,39888
6016f11b466dbf11f8d793ef01035a682e18ba53b332a803cd65494424ab6946.apk,32162,71579,5716,14033,26446,57546
4703a610af39f75a3364777f5605fbb71479d1b6a11a61342ce36c5df1246a34.apk,121518,237610,7892,19878,113626,217732
39491d9deae4efb94526d2a539c8596580764576756a2b4c6b0b9228dd3a5814.apk,43165,83906,3901,8729,39264,75177
4938c0c830555255f3461c643a91e4549471f40ca62b830033d366b88f4f6040.apk,429,578,54,59,375,519
47d92d4b9b0ce4333bcd57298826b724e8faec53e19c3b565371f85d6ec53d89.apk,42157,86464,6057,15751,36100,70713
392ae2dd17d23fd4d796cfdd711060dbdd6fae442f5eb8ea1a059bc93e98254b.apk,26718,49921,2653,6965,24065,42956
5df8e11a6608f0e09bb44f7da585e4b79d7e2a14688eec950ff467256f0678a5.apk,46365,92501,6533,16807,39832,75694
45c741fd41d034e6faa2038107fbaa1791147f2a591c89220b6f28279a0f9131.apk,59372,131742,11206,29180,48166,102562
5e0cf862cd96dd40416a9acd1ae45c0ab91daec080e0586c4380d65c3edbcf0b.apk,18333,30867,780,1486,17553,29381
459a44f3b97616e20e7e47f7af1da27a1df919e8d9cb9453718ddb4e2c375edd.apk,11897,19773,815,1533,11082,18240
64d92bd822454aca22122782ef9031137940cea03d7107ad1dc13be97129834c.apk,29489,52452,2414,4979,27075,47473
500006a9e5569aea0da514bc975cf2ad165a2b14a36b0d15d4b6bdc72381c99f.apk,40173,77585,2009,4434,38164,73151
5d9503c814ac08a2148542c999e9c54b35a0ab26863d439ef827e1bd8eca2448.apk,7661,12864,335,552,7326,12312
4ff01d55d041aa0396a5971427e455260ccb9cbab0e878a86b60cdd1926ff28a.apk,89568,203283,9387,24931,80181,178352
3f3a12964488b91d8d1cfbeb52815f524a39ef067c70c1313e6f52f22ed2562e.apk,33068,60500,5615,13178,27453,47322
5e9dd0c7a355fd90761e2b7327ef100b50a48bcd6bde56229a3ab9fdf613194c.apk,50556,110740,8339,19976,42217,90764
539ad3b8dc1b2685e675c9111b69cd4e9e7b2eef576f520e9df2d3cacf8bc14f.apk,52230,101885,3173,6744,49057,95141
62a34a0be2060ab81bd92f9485ce7554789c02ae5bb4a3e7f09675e4f9ba9371.apk,22774,46121,5000,11897,17774,34224
48ebc7b0b6846713d8cdd0e67439c9a5463b7fdb825f2831d9c67ff6890b23c0.apk,12332,29234,3840,14997,8492,14237
45a15dbdcf8fd01bee1a9f756f1ede43a01d5030f96d07a45ebe5d50c54a225e.apk,17350,33420,832,1306,16518,32114
65e803c7db3801807fcc186af66eaeaab2a8c8985761ffc79d2b46af03689f13.apk,78010,245409,16223,64833,61787,180576
5baa09b9bf653acd9880694f92c0756872ee324dec52e37989c6664d4e3b644c.apk,104,93,15,14,89,79
47f238b61cb5740073c1b749052cf5aeb3cfd78501d36e5157de29f6465b7dbb.apk,8306,19571,1796,4898,6510,14673
3d26f47e6396b1d256f28acc81cadb6906c4ebae9596e4f2cbea25e42ec1ca94.apk,61907,123666,9210,21296,52697,102370
5abd057bb283be780e4cb7bcb2bf5354214167c0ce87088f75f8c43c845fba5f.apk,1342,2075,194,337,1148,1738
470816e16a8990134e7d07312f3e62668428fb4e92a411496e891c71c12883d9.apk,10056,17469,1152,2417,8904,15052
52fa30c182ef98c465332dd610cdd5632b39f72e442079d265174f193fac9bd9.apk,31424,61270,2510,5450,28914,55820
3c2e233e2c515ef3267a3f9bd71b5ce99fd801b2831c42b2fcc9d9d1e003af03.apk,43753,83956,5997,13763,37756,70193
5b197e98112d88a17906d5f58ed75d5f9a7798a2587796ee0539a74029e41c99.apk,22147,41964,2192,5107,19955,36857
3c9ae29279874988fe62e8b776b6d9bd135f8d4ff5f7cceef8022a8a5757579e.apk,64866,130740,6283,14284,58583,116456
51d6e93bda110a3ca6ea0edb0cc8ed1bc8412612bf6962dadf7046d10dfc33b3.apk,30130,52072,2723,5821,27407,46251
61267a8ed50166b392565776bc310ae3889cf2af20904b7b7e20defb86485159.apk,60962,123512,8872,21184,52090,102328
36de79860850622beb35a2a432098e6adc087482b801bcb85500950d00040271.apk,47173,95415,5917,14775,41256,80640
4d4c00cfb57976b2306ff178b42112919a6c4b6597e2ff920ef3b863bcbdd9dd.apk,1287,2668,348,745,939,1923
61f1c8ffbda28cf5b8ff896cb091812764c069d1aacbeab9be8da2b9a9dbcb81.apk,66299,134731,6611,15764,59688,118967
5135f51c08128a0d05891d8d8d93733eaa5bd35f978e3129e2116144ed3f3718.apk,33962,74911,6142,15394,27820,59517
48046eaf88d105cfc728d8f15fbc17e26b9d3f46126bf8fedd083dab577f919c.apk,2334,3796,671,1064,1663,2732
539fcb3343fb6f88b9d718494b1db4014c39274c27557fb2bf671b6cadedf1eb.apk,50893,96612,4763,10920,46130,85692
5bb8b4245f93655ff10e039a0e4ac6246f65c033d7092fa9dd7ce5600474f9a8.apk,37769,73240,4754,10931,33015,62309
3cace1c14167e6dd38f0282921c0d7ddf8a447757543beac0962feeed4a6daa9.apk,28197,60059,2677,6315,25520,53744
541a3a446d7591fdedbbfdbc71ea4ceb9b692df6ec3dde3773ffbb5c09d4dddd.apk,67153,146370,13778,37815,53375,108555
3d3e4f58aaa93def45b6c775b95abd7b43e3e56ad7ef803c20bfc63f87866b27.apk,40164,79744,2766,6043,37398,73701
56b8c5063c072f259f64b3ab383191afecd3c445243546c683c0e2c85b913b0a.apk,51867,107525,7749,20937,44118,86588
54b0fa4586b6faba31c50b25ef38d83cee579a985e7ed82fb892d98e8390a695.apk,85730,186066,11015,28956,74715,157110
4df0bb632dfb0a43a399364b08fc4f764dad09d993f86d84876c6cf43e4924b0.apk,50699,102583,5159,12084,45540,90499
513c87c7a7ed7556f071a13910c0184912643daff0beaf8b8b3f661bc0982ed4.apk,19063,37600,1536,3059,17527,34541
645bcb6f21506ae23ad063e4978bcbff7ce9e5a99f7dba186a23d4b0cfba89c2.apk,45624,92883,5115,11722,40509,81161
5f6fe8c1842a2fea505f62aa40e684abcda9467c80b5f9f3c10d850c56e5c5b2.apk,57448,112011,7459,16794,49989,95217
591545cc0e46113d473924680aa348da366431dca0ea511799094aff6577a40e.apk,30911,56241,1456,2483,29455,53758
42ed85ec4e948bfeb69df4e01dd4f5969865c5e2031e33a7f1a1d60c29f2dd1a.apk,28579,63702,4552,11353,24027,52349
66693db7a5bb30499943a215f596d4ae3c7c230893cd095df4110de5f76ff730.apk,61843,123588,6137,13910,55706,109678
5c91dce82d0e42f96007db3ae7edeaeb6883898467b77202815c215a4ee976c7.apk,18545,36079,1907,4086,16638,31993
5b3f2b88242a9a544dda96a7adea0fba5703f973c7a393e47201e9c91a7883ff.apk,55794,122975,12386,34823,43408,88152
48abdb0d3216bb60ae44c4b89c3b5ea21a130497dfaaa9707d3328326c48d230.apk,12671,19666,360,598,12311,19068
5a245ba7b54a812712a5a426b2f8f79da3ade22f47ce35a30ec46bae25e186a8.apk,39104,76458,2737,5968,36367,70490
4dc436be4b469384e9cdeb79ce6e248cac9e37143776195abfd30db4323f658c.apk,40637,94482,5006,12452,35631,82030
5a8424e8ce563936b8fa610c558c96656a7696ea04ee2a55df9ce7a050970173.apk,58251,122049,10457,24590,47794,97459
49b68352de095487593299fb5fe85885fb65385329d40a6ca4b13c7002c6a238.apk,59213,117076,5314,11655,53899,105421
4f78786725ed2115130929cf167970b59a41c777d7ee674d9a74b0cea703502f.apk,44559,91756,4334,10952,40225,80804
4798f8b48167899c1ebf93e309711c9320c6b1725f28fc507d5f00c60872c5ff.apk,3476,7002,1423,3172,2053,3830
3931e30e15e8be59766bcfa5fad7821d31e956f842eaa80cbf35639fa18a08e2.apk,23387,48255,5280,11745,18107,36510
6087909ff95dcdd818810feafd1257426976cd5e046e34ca6dc61daeb265704c.apk,55460,120935,9510,25448,45950,95487
41bfc55be9a3d20b0fc92c8bd3b32af39b13bda33c08d9e23cf62d00ac915a85.apk,20729,40992,857,1364,19872,39628
46bde1e79c323a15474e60ae7aa7444e51746ba57d9499b7aa51cdc4ac7c7cc0.apk,117856,252102,8923,21678,108933,230424
52f13cbf80c3d47e432c843e46392eb84e3b06b2e0e3652438014b2202358c14.apk,64241,136307,10712,28148,53529,108159
410ec67578a2df54ee11f4eb916d6f8a9711feafc48aa967dbf16b9e78fc2acf.apk,26820,46611,1856,3526,24964,43085
3e4d76e4cc7d6565fb8ec41abac5d997851bfb3678fa005751249514655f0fc2.apk,83529,180169,10853,25669,72676,154500
35d0b4e6985c24f3d447a231075651e1f4303cdadb8eba7f42aa52a8716bffcf.apk,21469,36275,2197,4539,19272,31736
374529797be0a77d83267bcb53843cbd11c5fe79cdad751214e8285eeb638861.apk,47482,111460,9214,24544,38268,86916
60845c7ab6b19b7b4f53ac90c048b18c0c5bb512b41deca96f318c38f7a4b0d0.apk,103516,231909,17503,47709,86013,184200
51c275dfacb40a8ff25ff1ea4f47bd5e584bbd3871043ddfe5f67902e7ca282d.apk,48165,103692,7453,20020,40712,83672
461774cf3eb9b954d5a1217aaafd2369314fd6876230a62b08694d36d487382d.apk,74874,155398,10440,28406,64434,126992
44b0969691a22124b4cfdf36b4bee2bc38d3e830decc43ce5d990095bec25362.apk,28885,55390,997,1724,27888,53666
513c524588e837bc88f6eec63ff9c7789633f90155f666d493b443b094283a5f.apk,68116,140170,11418,30011,56698,110159
6625f8f7cfabcb67cf1e397faf318d21d50441356b92a00eee4c7e64706fffc4.apk,85832,177989,10140,25453,75692,152536
430c55e0dc6d6965a663cad691ec98e2fb194475579a9b5d784af2cb00c9f421.apk,28478,59381,4240,9557,24238,49824
40213980e42fdf9d252e1683ceeda3199dcfa546dea237b2f6356090ed369d8d.apk,35123,62004,2053,4325,33070,57679
57eef9f1bf9f835349dd451bd6b1c5b9db8f965a337ab592c4d1989b9a5ffdef.apk,92822,188037,8275,21173,84547,166864
63acd80f8e6db1d15247fb4331cdd67a43fa06c193fd57662d79ff783e2fd488.apk,58108,121100,6755,18409,51353,102691
414d5eebe8555387633e3aee65ba98c9dc593efacdb054841c0ab316c3b835c4.apk,47811,112674,9735,26079,38076,86595
5dc51fd26a90a42c9df1bd4ccf540edbab846ab40ee7ecef825689e65886f086.apk,60547,125336,6455,16500,54092,108836
58b1aa3c00dfc3732fdeafbfe7cac0237a25119b3f24c3b16153b9749bceeb47.apk,63412,128799,7638,18676,55774,110123
531f3da80e0a19351dcbdfbb6bf83f94725a4fcc169e14c9906f9c7232336876.apk,55846,108886,6218,15689,49628,93197
3a6983e872ed2dce2d7bcb7da5cf4762488d606a7e347ba5d9bc8824ea73a081.apk,115249,252361,15034,38181,100215,214180
5a4e513e2b80f9354636bc218fc3df995164aa728ca1b383ce4a80c007ba2d7c.apk,49117,85309,2027,4016,47090,81293
42b03d61586a213ace790c5175ec0442ad7f90c9cd74028be8f97343060ac9f4.apk,41398,77227,1970,3696,39428,73531
34a531c46fdc1f5722874ebb3e98d8d3234a88b61714032f6460c7cafafe727c.apk,46072,87049,2765,6654,43307,80395
43fa8c189922e2dd4b9c7c61751463980a913b84548834b721556edf169c3ae1.apk,14795,34232,2852,7872,11943,26360
5e22515a0a6cd1e8c433c140b0b1d57606e7b30e23fc64fe5936ccdcfdc186fb.apk,26426,56891,3080,7007,23346,49884
599a3d6d2c9a02d377e7a32c507d90e88f507383d3356d6b9c55f913223ec73f.apk,28164,62001,6422,16970,21742,45031
5bc71db6c3c1bc3607c1b7344953b680f231d91594180d5d8fe99dd557b2d01d.apk,55573,106115,2571,5227,53002,100888
59e4c4e50c2360dc59f9a1a67b42518329a12776f6943e3da330ed7ff456c98b.apk,118332,252172,11317,28522,107015,223650
5a125e05f0c254ab5bd34fbb38764e92db9fccf1a0312c41ecdfe9956237492b.apk,42344,79138,6089,14936,36255,64202
4e951c1c934c8ae9ba2627d999358f72d8864cefdedbdd422729d0137b1f3c44.apk,9504,18004,883,1442,8621,16562
55e4de669f4a34f8a9534c556c028298e71313c74dd6d61b90b3f8ffb5c95f58.apk,57056,126191,8416,21478,48640,104713
41ac0a2fd6f267953109a43b97a17687c7c9878cb3dabed3dd3ae1994fa54041.apk,50021,104695,6525,17269,43496,87426
3e6cc37f1fa2ec6bd9946680beaeb10161cfd1f57d165b88dac6a90e615e4a79.apk,57901,116180,7258,18110,50643,98070
38802ad62e057dceb88edbeeb74b1a1b7922082e9cf538496582860d239a67a5.apk,63513,144186,12112,32047,51401,112139
37cdc074af6b829d123712820510ad6eeb2987dff0f64473530d7a0869bb0502.apk,55382,105688,2571,5227,52811,100461
53bbb72ada45024fa52cb9ba21179eb09922d7d869e4d68d005730773ffde05e.apk,24601,46300,2489,5893,22112,40407
59b26ff9db1f4e9b3e4b38b2315f7c8993b4a56caa7cd7a2b4fb3f3cea562292.apk,68355,158629,6582,16022,61773,142607
5300550abd8d1de0944655812eee2fbc67f11ada5c1fc49c3bd210625d242a6b.apk,38674,73171,2773,5565,35901,67606
4febdc88b8f4bddd45414d002d5566f86cd5610203eccb4d3f3ef6e76b04cf61.apk,38387,75497,3184,7476,35203,68021
5746e436a1bf4a285ac2433199713097c62547749abbeb7233f10cee35ccbbcb.apk,59221,125503,9662,25565,49559,99938
4271895d402168e9a87c30070966788e5e190abb6e2ff1074c492ee9c179f6c5.apk,88657,186493,16608,47973,72049,138520
4eaddc2815000e01ec2470661aaa8d991b3ca69db9227d45b554d1b16a2243b2.apk,41081,78543,5481,12113,35600,66430
4fb9122c5b222dabbcbd758751f5e40e9de45054a1ba901fdf07ece7d8f264fb.apk,81849,207994,21288,74848,60561,133146
41b8c27e2d6697eede968f30ce79c2d0ffdc2139e1f76ade8acdb144d5e055ea.apk,116766,287498,19344,70302,97422,217196
46e3b7132beaa2b2fc49faf8362b77202a4ff3f480ffd15a00594e7ab700713b.apk,47720,92205,5363,13002,42357,79203
3f6648d47aa638cce0891e6aaae8000f2bd386773dff6cbbebc8b1393892c1ed.apk,47136,112758,8318,24110,38818,88648
436453aa64649b34c2304d5961134ebd35da149481749adef09987ec0a33119a.apk,74281,180276,14750,42487,59531,137789
561ab2078a47fe3cdcb1750348af63b639015fc4cc2a18208bc572318f47f341.apk,31161,77093,6190,17043,24971,60050
3979de90c257669c468635ff9df26a5eb470193cd25938d0cd0ff2130763d65b.apk,36723,84277,11085,29786,25638,54491
661a45bed5e39403b59bbad055b77cc4c936bf121ea0ed7132f9cc89241ba4ed.apk,8097,16140,2252,4880,5845,11260
3e87ff4c4642e5242c7a9f0d6b3ad37271b9a489a322aa5c79e4f8a0914c796f.apk,67164,131716,5898,14207,61266,117509
3a549eb97c240ebd00f6ace9f42a26acd61ff2aea17185745d1097800de3d5d4.apk,12171,27122,2783,6473,9388,20649
41588d04e6272efcfa87048b3783ba62ce5f0dd83da5add054fc3ec4d0617dd2.apk,27996,48616,2951,5684,25045,42932
38e4c0212fbaaa23492c8ed918214c20b7b081fa8b32cb10d5322dfbf3a61f85.apk,64126,123398,3022,6211,61104,117187
591d1c5d4ec3cc52e0e5eab78b42cd97dfc5dd2e0c322846bcca7e1c0e8d1cd4.apk,27584,60362,6201,16115,21383,44247
501a85d5fed0d5f62854b9c723a391cc2b59d57538efd585336cbcba75d0b8f0.apk,76806,153259,5786,13539,71020,139720
37442574788c8c7f8d61764b803055a3a9d54a677db12a9446f6ab27bb1993de.apk,119805,254666,22141,59139,97664,195527
519382faa5083ebf100158b7d72dddc581962736c3835414dcb8740fbb1767d9.apk,41241,78781,3336,7691,37905,71090
60fad3fce43260f2357379aa00078f07c59e14322437551788e0a8f004bf75e2.apk,67792,134191,5119,11321,62673,122870
3f1c9d01458b0bc8d31aca2586caee914eea9db5eaede25ce423e169f7e99f55.apk,135866,301352,19876,61657,115990,239695
50589c6ca37757ec171bc421ffce87034adb188da19b2b406148bd90e9e183f5.apk,60747,118531,3945,8389,56802,110142
3acd1ff3f9c61b17d5392b4f0cb5a655edd20e82dafa4c34ea7104ab7337178c.apk,40809,75809,3952,9489,36857,66320
5cccce7b259b6f140be878aec570ba51ff4c0193020b1a8a443d61cbee096d1f.apk,24379,47487,3871,7792,20508,39695
36a4f8812a64b16818564d04856f2bc0efa9a09c332f638d3963ea18b0c83780.apk,98719,200600,14977,38068,83742,162532
4521c372f4687863ab6c3fb5466c20d17e570e35630b838e572f263501f4ebd0.apk,41050,75961,1628,3128,39422,72833
6541d32d183eb552088b169b53b23d38d5b3fb3407b745a4e047a9c6783529fa.apk,31638,61079,3682,8299,27956,52780
3a3292b4082bc640ca38a33c71ec47793d6121ee439a66850ec096eb9b968fa5.apk,44472,92104,5286,13628,39186,78476
5db63dd3e73771f6596b6839559b0ebf1ceb2bf19980b4e0cc35b6313bfdd4de.apk,32042,59129,2759,5708,29283,53421
57bb93872c6c42da76c1f6efc76682b17b6a29233c074ae7b312207f2eeb0f0f.apk,89393,193540,18073,48661,71320,144879
5fd4efc88a3b86e86ba8ee4f68cd5b8971ae1b429f4c13f9bd10e2495276a3dc.apk,41229,75206,5147,11850,36082,63356
4f63c1d9401f36eda49d50c47a08ba6eb42629d062e31c105af4d99cf72b40a7.apk,62959,125239,3731,8220,59228,117019
508fba47fcd742cdefca0c80fc0b04f5d514f2a77f0c6aff7bb9f0e8d8a6744a.apk,52823,116561,9553,24709,43270,91852
55b71f0996d177df0fd88e264019d0fbcf9845712c60af2fbc27c806a4353ccd.apk,29561,53434,1324,2396,28237,51038
51df78e9a938ab18fba9594805bf0a8dab0876875ffe418a73f275be417b9dcd.apk,20645,39690,1548,2823,19097,36867
40d5d4a7bac818b72165710629d28fb868a59897d738d4743d892239cde081ca.apk,116189,256662,21968,59643,94221,197019
42e3c4f39e0c110136797005e8e4411d0934c0f0ce27652fb7c0d605e43ba64c.apk,54993,107747,6311,14435,48682,93312
5767dc1e7fc7e5e07c8f825e6f267b07d80500c723cafa07898a83f30545484b.apk,90159,185531,8495,19902,81664,165629
517d96ef34c342ad6d282e8085dea6a5e68478857314bbf760523782640e8f75.apk,28228,48004,973,1599,27255,46405
36755d6c22e4d8b2aaf329b51f1572d42025fb1e8abf0c14dbc59ddb036d01d3.apk,40026,78106,3495,7716,36531,70390
5361ac03c6150b201aa46c165a81e1d5775a654a84a536b22aef303e74a1abd8.apk,63725,131041,7862,19272,55863,111769
589909d4e2d67a1440d74c47ea802ed9c7ee6e85beb93e4112bb4128bd5d7384.apk,62123,131678,9584,25020,52539,106658
3e4317e6fc8d90622ef300f302760abf31634dff1bb32e31d79c036ae6ffeef0.apk,40351,78427,6061,14802,34290,63625
35f20cb5574bc021cabbfbb30e5e762ece00c07b37de78a9097dff9de3144dd1.apk,54537,105631,2872,6209,51665,99422
504329fcb1038975905007cd1f15cc121024fd7840c07c08715f029a29d2f1c5.apk,51507,104554,6929,17868,44578,86686
4f69d5320a1cecdca8e175c294a7cf1badc735ad4f271f65f55803292b2ec826.apk,115486,236104,17049,42956,98437,193148
465f47d300c4d4fb416f2bfb7d29268131580efd0048703c7ab9539f1634d35f.apk,76563,162875,11331,33416,65232,129459
56adb5b4476d37948413423c6fa422b2d69b46183cf2fccef1ba3b8170f070f8.apk,34364,66142,1380,3048,32984,63094
3f57e95c898622ca11f22b2ecc7ae790ba4d2080df28ec4b0f407a0b26d6cb57.apk,14817,27352,1238,2084,13579,25268
53f84d875baa25c5775a78d7f9c79378b60a84a4da93c66f71735ea5331b910c.apk,27549,58271,1279,2515,26270,55756
483dc0f0dfd281d99544292198c77a9d9d248752fb146880df04a74eedf57882.apk,90324,185490,10386,24081,79938,161409
5666fe4aaf92c7e3bbfe4f3f5c53e9014dd62ba0c7143a42ee8a92ee05a9d30a.apk,27079,49736,2273,4692,24806,45044
66a39e10cc6a5e00e4418e809e3287484ddc4bcf23dcc9ba5bd9641ce7bd771b.apk,31627,56906,4127,9126,27500,47780
5484623d2ab5488aca3a7dc1ad75d99b3fb2a2f21490eb747a3cbae80c533ce3.apk,84739,182200,11732,31296,73007,150904
3ac158b5f06135b50dec520a20c7c398dc04edea77cd4a128fb8a9e5e8bb0b82.apk,80581,181368,11567,31423,69014,149945
65830b91ea50ca2f797c4a257d327d2009ec91462a480b248d6d42d94421b146.apk,69015,149658,13453,39794,55562,109864
540d4c2e5cd84b0642252505ebc2916bd0338377bf8ea9b31e15fb4da7ade50f.apk,47761,97169,3483,7706,44278,89463
5e849f75544707c1239d89dc4bc449045893ffa7509d8d03b613f542db8d106a.apk,3508,6742,463,805,3045,5937
4e603d8479fbc080afaacee65897b9e258874c42697b2dcdfecb7835eb7bf464.apk,39161,81962,2232,4524,36929,77438
5047fea5605f998531ebb2760646d60811caeca05685cf9dc99369d3ee086adb.apk,857,1150,299,430,558,720
612c2ff70e9ce18c2eb3f3315a8395838567a720dc9f814d3edb7d0c2caab0cd.apk,38218,76359,4276,10228,33942,66131
508ccf7bd9badbd82cecea7c5765a7e996e6160c7b0c50e5f778e360f4834248.apk,25277,63358,7868,23972,17409,39386
4c722a855c6738b7b8611e1a774b54513e0c5dfbbb14f75355e62892dc4899a1.apk,17185,32932,1639,3114,15546,29818
6542ae5da38d87d31105abfc369896a99b6bd11d6a90287882ac2c2c7f93dbac.apk,76361,161190,5581,13094,70780,148096
56ddc4a3b40944e9df162c7a86fac65cbf220bfa0e4efa9a56ae35ccbcae7dba.apk,62259,126918,6832,17395,55427,109523
56b31a769d449a30b60255d5485d753481722ceac97dd6f54850a6c124a5e1d4.apk,25192,50251,1075,1828,24117,48423
4cfc3d47273119e9781481aa9bd0dc895ebb6854b524150d72fc0964e5c99ea4.apk,72808,168857,6362,19595,66446,149262
48df9bc8704fa63cdb4460f6a8856ff67a1c81a51565b5fe37b6e0aeb303faa9.apk,39895,72118,1159,2044,38736,70074
62144b11cb17b4772fb786e46405acb7bf91ee399c17191fbfd89c71bb548aee.apk,64460,136673,8286,21419,56174,115254
4fa1de5f583b46d858a4ad900c6445ed41c8ea4c162f6e52e3e78119828a1ce1.apk,29176,62526,3366,7497,25810,55029
410f78a9e87b0f5491d4fa9f59a03ae372d4aec6ad92dd21d330aac7d3b0c4f6.apk,48629,105232,5031,11976,43598,93256
5c5a371c21c395a4e01f4ea35826de30c3cecfbce2ee9c196e5ec6a699059eb5.apk,86615,191269,13394,35997,73221,155272
344ad5fd8a6f09dbbcb45f41531e877b524ba34de6364b2a7202518aac3df3f3.apk,80658,161587,11359,29056,69299,132531
6150541c4c1334d2a76d37375813bb41232d8fc8815c7b40536f9063ae18cf59.apk,11734,16723,234,332,11500,16391
52e47ce0eff880a9d36548b08a30f5aed3626811b59b467c9b518df2f7e36014.apk,70084,155217,8031,21232,62053,133985
617b8576b07a81b7252cbb25642d80d5d3a08061fbede865c0fe2cd7fa6036fb.apk,8760,12026,138,181,8622,11845
5a394b7cd14745927e66d20f10a100ee4d2d5eb69ed2dcb5784f6f737f98204d.apk,35856,76792,3951,9342,31905,67450
474bb4dece8bfda5a8c2c675baed89140d31c88cc1acb948255b16580b6e37af.apk,22518,37102,1258,2271,21260,34831
5bd206da6329c8267d9faaafce890ace965d5190940927de3ca8e2026c09aed9.apk,63662,134202,8080,22911,55582,111291
67549f802bca20d9b08b0e6c33d19821124fb8afa3e285cc948c7db7e9c4d8a7.apk,25969,61374,5639,15282,20330,46092
62d9b8b1a7bc9aa342cad4af8596e5e43fa31579870c2bd740f8437d32c625a9.apk,13865,29876,2458,7336,11407,22540
343bef8e71c06f107e4962349a645f9880e3d345c4eead12458b2a5b4acb44c8.apk,134687,320085,39914,115694,94773,204391
5358793cd9a846611b811f511f4c6330b2ab8dcca3371f2850afd3f0235bcc18.apk,33447,69423,3786,8451,29661,60972
4142255f4842baa765fae2956d42ec813489c5007d93eb19604d418f86a9d9fb.apk,34610,64876,2130,4261,32480,60615
597f59d5ae33765663a4dad785f4fa83ca08f1d27123d70e93caa590ca41ada5.apk,22247,48319,3040,7535,19207,40784
6022481d7a38b82c0daf91b35ff9efda9a4085284672a3e9af5b36f0f503e4b3.apk,3634,7700,1050,2183,2584,5517
6397dd718e7b172dae36df2756f90acf4043308c689eb7d82bdbb8a17d28666a.apk,10965,16909,1225,2781,9740,14128
4a944bd426d2f71bd7f14aed0388494d4efddd1e214adbadc0b113c35962ae12.apk,43753,83956,5997,13763,37756,70193
3a5afe647cd040d6c4b38b4459b9406b4ad077b40aa6b38aa8b42689bad86f7f.apk,59072,115481,2866,5971,56206,109510
54b88b759c2c9fe8655e04ec3a332a051bab3878808f7f92beda7704f8afb601.apk,65965,169667,16263,63869,49702,105798
475ed72ada3221787b8a0055bd08b8271eee0108be939fc110467a9b36da2504.apk,71942,149308,6477,15714,65465,133594
4b5ff105f57ae64d00b562aa951ec66e08946bac579637cf2f341131bc0c2c7d.apk,16478,32179,1432,3179,15046,29000
35afa84647d42f18ae6d6f27dc69f48137693e2842896e22fbb2522fdb960057.apk,90739,194091,11209,27864,79530,166227
55c69535badfe43385448fba85133a260e9dd90b022529834b9173a964760a84.apk,46620,91442,3642,8637,42978,82805
352dca1a8ed2c4a3b5479ffa460ed4b2d5bd1364415cfc03eb738c9028273e54.apk,23847,45655,2157,4344,21690,41311
48bcc6f73d749506dc8cf835aa787b214621bacaea4c68281aae78ea7e897d7e.apk,20535,39346,1084,1895,19451,37451
633fc94056102de9ac96ef0e825652f26d8eab4ddd3ba9f4c150cc1422c3c5ab.apk,79866,152209,4443,9981,75423,142228
49add73796446a62d0e5a8887a0f8e47b9eb043b66360dc8066a51e4f779c8ba.apk,63627,133018,3868,8921,59759,124097
501fa3d47ae03d6fef049deb994b8273ee1800ff8c503348e1d112e788751309.apk,65330,130014,7030,15327,58300,114687
505d47980bc68f34a6860070c6332cf4af1a5ee2701d05fb1b3f3dce2ac9856c.apk,62994,146480,16169,48114,46825,98366
4f12fa78f6c21b9e101ce70e2da8b5193b482e988ae77d9e151a03a8af2f49e4.apk,80752,163661,7864,18276,72888,145385
646cada076557ca90b91726f7a046e88bad4cd077f565640cf101cbc12a994a2.apk,59690,137823,9384,24397,50306,113426
5d019918e9dd8122c560a46941698812b0fcf7421fce0910a4f1137753c8bda6.apk,13557,25650,1996,4581,11561,21069
6651f43ec60789c293ad43f0b4df1e49e7e363cca401c3859210b206112301c3.apk,42372,80521,2337,5102,40035,75419
5bc20e9183bbb86857a3afccb8120b5d64e9facb82409ac28991e2e0feab4f8e.apk,36290,67270,3451,7368,32839,59902
636f0c66cc23ceae6b0377636a343678c829e15c323fd2d763b9811c41238206.apk,43836,88977,5687,13756,38149,75221
3fcbc50134dc4a8fe8a2e19fa808cd6cb6193bc34160258aa092d190ab344f5f.apk,10449,16672,1774,3588,8675,13084
61d957b436ad598315576b3428dfae4957b99d4ef67a214db290f8c9ec8ac6ea.apk,76493,154166,11404,28384,65089,125782
404616adf75307dde605ab43a5b846e63650bba6a484379c5d818d3f410ac08b.apk,49667,97239,6031,14052,43636,83187
62d89cb84d00962f41f34153f7df0a81920316d1a8d39c46e2bbc57ccba31c21.apk,79404,188359,21309,66336,58095,122023
62066900d94b4cff0038346dd0edcadcb0122a25887f0ef0e25d55da7ccf98e0.apk,32982,83431,6080,17588,26902,65843
3fa2c74f6c1f4f63f52fd29f9cdb76b0ba054811afe44fd3c570bdc18488885d.apk,60374,120343,4942,11834,55432,108509
50dbd2f79e096a6ec9ff92d12b1f7c45c925ffccf62c95502edfe5486e96380c.apk,95709,212249,9329,22060,86380,190189
66b7fad34385ae78b37930c59a0905c064620d6aa265ff786e25d80901c36860.apk,77732,174428,7934,20485,69798,153943
4bbb3e21161e796b2fcfee65bbd91fa44a3014a7e3d8296fd09e9922da974b40.apk,26301,53786,2653,5880,23648,47906
4de26113579105c80c3638909ae7d9233b664f0bb79166776e62436882405607.apk,62977,128723,8486,21600,54491,107123
36f6678f058ab1b763a08a45f05f608b713fc62fe9d3a753e8b1b7176dad5ed2.apk,1444,1909,578,824,866,1085
45ae4e035d321754957018f625394680707c71bb85c1b117f02c2255e15bfe48.apk,86664,217809,23013,75875,63651,141934
3b27ad55ddcfade989be0cade49e2301fddbbc28e76085e3bc2fa54397e2a53c.apk,21765,42556,1532,3309,20233,39247
6449f72b787480ac82e867d7ac52c79381d6eb8e31b584aafc1d7e1ea1b1bff7.apk,23281,38524,2105,4060,21176,34464
4b1375e4c15156bfc37897655ba65a3b2ffe08467f0723253166cf4f9139a745.apk,19794,43967,4834,12478,14960,31489
4ef81410870d803296fa0125f6a9826ae20e13f1e3461247bb8c07946bdea205.apk,49435,115258,9253,24577,40182,90681
38c418bf217e7a4bfe7fc3129896c96c525a967676617c2137a1425cc38175c9.apk,15358,29659,2687,6035,12671,23624
51a8c2aca41c038566cbdf27204cd798fe22188dc38a5addf47f61864efa35c3.apk,69169,144592,8197,20276,60972,124316
481f0e5308f948862447a3c3ab9f4dc8cbf8a95db0f1395da24b666f6b75fccd.apk,30892,64265,5210,12907,25682,51358
49a53fae037b268c453e713a7d35dc34ff2f2b5d1e4cf4cbe804e1cf596c1ffd.apk,111707,252748,14590,43950,97117,208798
6670ef0abd6ed6f8065e3d785dc477d374e8212aaace40aa38933c6bf07630b5.apk,31617,65518,4431,9457,27186,56061
3cc4dc1f1443695866838e5d7363cb7bd96f0b1e7cddae3d45499a819073ddd0.apk,51771,96923,3156,6292,48615,90631
421579017e7aca5950a809dcba659afd2727230a961b5637fac9616f993f9da9.apk,61414,127192,8083,19336,53331,107856
475390e4cd009890102a1456c92ef656e8de74ea91b02c5dec4d2167c52fbf8f.apk,16868,33057,2835,5431,14033,27626
3897671ae1b32dfd9aaf47de9ff366c9c1e1642fafad01d6c82e441c4fabc24d.apk,36354,90027,6588,20379,29766,69648
4e727d4117ff547f9f89581fa2c2e1022b7aba687bfb3425cb5835df50174243.apk,41114,82344,6019,14737,35095,67607
51be6173f69168ded5f11d181b70171d49ca8aca260ec08390771b88f7736433.apk,94852,195163,4962,11832,89890,183331
427fcecc3c19b6d195ee471e0f9a92a48772af5ccb04b14410e808eb61962344.apk,52325,100368,3252,7139,49073,93229
676c4064badc857cd43fc2f84291937c4b2c8138b9287b9ec42a3d087a5d4258.apk,37586,81452,2921,5896,34665,75556
4d8422d4bfcc0ed6f8747a4fc15ce12a80d78877495f2f8ddc4a4adf63e253cd.apk,58318,119124,6935,18102,51383,101022
4d8939ef7f43e760db29147cabe11ad3b60c3f10634ce4c2161168c7f4d534b0.apk,21529,43304,1657,3480,19872,39824
45aee2786bf76d90b0bb567439dd8a35a61d9abed499ed989bb51d1b7e915d32.apk,27112,62703,2994,7019,24118,55684
422e77d8831e83492257afc074f7eda8ddde200f00861654022ca78b4e028c37.apk,43262,87510,2294,4684,40968,82826
5cacebfef09c0c4e3a4d5050c99cd6f79001012b0885eae29a8be428862cb949.apk,3454,6247,628,1375,2826,4872
5817cb0be4e6aea46b845a85416140fdb2bf4b204f03bebad410b18bb0eeae30.apk,54910,109869,4891,11648,50019,98221
45e68659a810a37a44de21b35018cd83a7cde817982e2970f5283c674e96ce26.apk,48854,96676,5734,13237,43120,83439
54c304bcf3afd3c99b74a10c72b22f26cec21d3651cfd45745a947d4803065d2.apk,37914,81371,5758,14364,32156,67007
56ba909888433c6e64a903703df0ee4a69d1a7f120e5e7ebd0184f132625864e.apk,40062,79269,4026,8703,36036,70566
6592e2fca841574e8e9e43dbc892fbd0b26e82da46af78ce2a317376f8c00b72.apk,27210,43617,437,616,26773,43001
5a7d2f108b179bd88920bc580bceb955b3df178109a8ab49b0396055aed2731d.apk,111883,211380,14384,39953,97499,171427
44629a826ab9bcc7500136ba70e95610defec399e88e6f50386721d9090daa05.apk,23568,44883,1761,4272,21807,40611
449f1fe8cc8d15f2d32765fec56e96b68334e6f764c9bd08268d842590becc5c.apk,51176,113278,9642,26934,41534,86344
3bd83f04a532344c0f683cc078bc9738524aa0f90541c888873f6760e6a1b0c5.apk,53497,124581,11742,31718,41755,92863
3554a3f1ecb84e19254faf1813d7877dc9563f25b4041cbdfe80b424df784383.apk,58469,123579,4613,9855,53856,113724
46686d5365d2e8fb0b0475cdf819ad9667b41185c5b524f474e661d371bb1b36.apk,34235,69897,1824,3714,32411,66183
4437e59bdc21af4d11e826e78f8349eb719f51e49c8f68b477a06d7fa8323ac7.apk,13654,25310,1147,2144,12507,23166
45e6a1697754453b4474a826f7eed704948c5995b4e80efcfd86b7deda2374e8.apk,74329,166645,12994,33793,61335,132852
54a398b9cebd79186d2ab219af41caa83fd9e709b73fdc9a1f273522da3ca1f9.apk,46452,90625,5432,12663,41020,77962
4865646b0eb5baf39ca210e8b285f11ada51fe9fdb1f352bb6b77b4141af3796.apk,57258,110469,6311,14560,50947,95909
61dea890409a171da937798c89d70fe1c155ff740cdbbffa24527470fe1e8634.apk,34574,76006,4433,11398,30141,64608
4b909ce255b12a057a4188c4bf3ef484264bbe29127c9645737d7c5992c1a3bf.apk,31952,58562,2686,5703,29266,52859
56cedb04754e2add7bf3b3646814837f84349f8d3026b726b5b769af9cb11d42.apk,16240,34310,1959,5381,14281,28929
3edbfb9d21b6e334ba9efad31f3da86f19684cb16d2cdbb1fe58e506cb5f3d1f.apk,46831,103730,4114,13453,42717,90277
624831a3bdc567f6eb60370a554823dde9ea4bcda2dbcea7fb7afad23f1e4ff4.apk,41943,82768,2167,4348,39776,78420
350e8a11fa2fc0b094b9e58b2a3b12eaa114bf8c691246d2d8c36f007f47057f.apk,63120,135073,8996,21392,54124,113681
443f4e21c0ba2d54cc7a73f723ec09ed581d39d1ca70d85de0ccb2894b781f52.apk,37683,86963,7285,19912,30398,67051
38f3f6c2dea32b5359623f98c60a5d0bc3c0038500bb26b8662ebcb28eeb405a.apk,55222,103062,4361,8613,50861,94449
50a87679ec08596822502d226932dc02f8eb6014d4f0a170e9b998baf1548877.apk,66188,149133,9165,22396,57023,126737
361dc556e019390f27f68a19745bca7d4d2e628e714554f7928f26b08c6fc7ae.apk,91304,194438,10401,31143,80903,163295
51c2fd1208341069c0e0bdcd039cee77683f5b384e1ab53d9e1d7d008733fbed.apk,50007,118210,10394,28202,39613,90008
5232d888a612e0b7bdbcd1e4386d4fdb99a7772ca4527454e7019b95547a0750.apk,10734,17703,1678,3285,9056,14418
459b66b1ff32a422906fbbb914541dbee64fed6bb36accb8dc0c91c07f061961.apk,15914,30827,1376,2409,14538,28418
4b8c7ce81c14beecad3ab84f2b12763a651ccfaff91b7ab7a6ab3ad172497628.apk,100528,219951,15924,50883,84604,169068
556a2cd7d09fd3cbffa08aaa86cc9794a9793c5f73d1aa06ce50ba228cfce966.apk,47653,96280,6732,16937,40921,79343
34e27de9c542cc49172066ef9f60fdafdd29c4cd9d5990d1d727b9657ae79e9f.apk,47894,100312,6495,14700,41399,85612
354a41a1fd8c211bad43ae976800d5a7e9589a989b72a5533ac40364a56ac076.apk,32917,70346,3220,6773,29697,63573
531928ab5cb2c37f2d1715cabf5d48e2117eb8f6377c2f1d66019bf8ef1afbdb.apk,55827,110837,6973,18344,48854,92493
575ace8cf94c066c6e9fb2d862844b743b9b48fb2eda107502273d893300e3f3.apk,61887,130000,8776,21176,53111,108824
4534a86824cf1cbb7ad0ad15b19b38e7d33aaff4920c40ecba70416fe473dcfa.apk,110794,225923,7393,17358,103401,208565
39d52810834b7c830d12922f21d3715aa193649f02c88414915275ddc3942609.apk,78140,176500,22017,59362,56123,117138
496379e4824b7859e32f1c0bfc68e0b4e3d4ef814972195ea8639a3a99bfd920.apk,52901,110334,6357,16373,46544,93961
468caaab9c6effe84fa8f71186ed97152152de182c25c1deb9e68d9c94d92a99.apk,46882,93339,3596,7987,43286,85352
3f69dde725846cb45c37e29ee3657fbc230157bc49a565752b1e2bcb4c1ba25c.apk,31105,53422,2924,6239,28181,47183
5b09e34aca8fb9c6d0ca566fd8f3726613a9e8cd5171faf638d36301dd061573.apk,26531,53887,3151,6370,23380,47517
491818b1ecdde67383ccc38a763575586b84e6a57a0807867ed6bb2bde7e2a39.apk,49389,110279,6903,21800,42486,88479
5781c99666bb666ed446594274b9011521971b8112dc21f3f623bf5ecce77fc4.apk,23194,45788,3126,7303,20068,38485
679311614e6c1d6ac1e096d7777506f24ab712745c60fa7cc7d96ac07d65a2e5.apk,61520,127575,8405,22036,53115,105539
55c64c0d01db7064a6a9bead57763e3f73293cdfae88be43fe2cb87e8862b730.apk,54870,120691,9791,26477,45079,94214
379b4adbcf358f15f7be54d5dc96beb548de15531acae80574737821486b8f46.apk,46802,91779,2367,4890,44435,86889
4acda454adfd6ac68d17a34480fc2cacb10eda44dc39db26c6f05d774aae8da7.apk,21059,35075,2412,5090,18647,29985
65734c5e2fb0f55d922ccd8b5931d3979e853260918ac0c33575da9a6445f593.apk,14745,27171,1238,2084,13507,25087
490d54bee29d08f70bc1dbb69fd4b7ebe702676c118491fbcdf4a5bc94bb29a8.apk,18781,34369,1167,2089,17614,32280
48b42d76c459e397165910113d605671085e725d1cb48f6a9821f0210f9e8964.apk,23460,46334,1292,2350,22168,43984
35c3d3d887bc08d1c372908e8a8f242af153b2c02bc38b71553e0e52d14b3646.apk,86867,183031,11379,27776,75488,155255
46013d0d32d8518d579dd6fe29642cc38ec2e24407a7bedda6335f74b7176713.apk,54154,122561,8693,29186,45461,93375
4cccf4995ba4763fb1b04f755e2bed87bcef7a9e0fae1cb67ccb1cef51d90f7b.apk,50242,107067,10675,27668,39567,79399
4e0153e8588d31d541524cbf0cbe729a1cad5d9ed368e3176956b1912cb60b12.apk,94976,202750,15187,42700,79789,160050
52698ad5dfb491d881238ccd2aac0f1aa00664fd357f0a99fe58d11218c4280f.apk,11991,23702,1649,3178,10342,20524
45bef1bbff89adbb83329a23da68280349d1f239a4fdf1fcdbe5ec83c959076f.apk,64953,140197,6080,14286,58873,125911
5d200706fcfcb7b719ed9b16efbf0177b41a3951380183289b2e000e5d724daa.apk,33331,61312,2302,5253,31029,56059
44a81f4df48874e6de0c261317c4be75ef708b6bf9c9128c3a906fd49e9b267e.apk,3664,6861,1057,1879,2607,4982
59b984d0f66348e010c8ec20199196a9ef07c94c8faf5644e7cccd6e642f2be9.apk,35872,62102,1852,3506,34020,58596
4b05a749cdbb68d97258a8da2df445f5c8b38eb665e2bb8220312f5372e3bd7b.apk,45199,91101,5270,13799,39929,77302
3e197ac8b1907d7a8b1ba0732027e294ece75a0eee167199c881a4dadf80ac51.apk,1831,3345,660,1188,1171,2157
40c3e5d53386b378a2969620c43fe19088d4ef2f0371be7a0fdc54a93dc951f3.apk,27804,69296,6417,17074,21387,52222
515f8ef47ca6cd7d0c0fae1d198c721dd864ce9b4d761c51d294acbed92b5368.apk,26284,46486,2641,5436,23643,41050
605d28fbf12498f692b753eb0b7f82a83b836b3e0b2684d9af1adcfad50af607.apk,56588,116213,5687,13454,50901,102759
3b278a57aa8f794edc8dadf44a5911712e02b2a1c4c61de719243df56fa5e7b5.apk,33815,62985,2694,5527,31121,57458
466e5211adf4317626edb813564f4649ed82041c88da1e2a13ad4aa109514428.apk,55310,111708,4611,10876,50699,100832
52745797d22c99d4c0248757079049437d42b5dbf752d6fd60920e9d0fab4e8f.apk,30046,51668,1476,2705,28570,48963
4d92bfb9d70e1c8aaf827856b4b0c4e6d6a322a8b422efa6d77c50606ea3a209.apk,305,398,305,398,0,0
412911e80b48eda910e999db36ea33b35d44866bcb94fbae3333134a6fd1e3bd.apk,54370,113432,6577,15471,47793,97961
4b4ec9147156abe0cd1d75515a2d31e63a808c3be68b33c7f7e4b8553354ed9c.apk,59110,134991,9427,23684,49683,111307
4a5fe3357eaa50f1f0285220fde1512fccec85eeaf48aac33038ce3777801a51.apk,40797,78793,5824,13247,34973,65546
39906ee7e00c5e9859046a6a4a1b30591ae827a70e51191dea0027ad213fca11.apk,34472,75372,7085,16872,27387,58500
484eedbf350e6004aa14805fb54f902143f2fd4a15ec7bd37a28e66c6f8135d3.apk,37059,77380,3089,7215,33970,70165
58928502cb46cce051d39f8cf2b3aa4adaa90bebd5a96c2597bce52519f06add.apk,47324,92995,2371,4834,44953,88161
46d462c5e04cdb6606745aa70d600b83440275c97a0efbda62f9d97a421518f5.apk,49398,99807,5768,13694,43630,86113
503d41b133f491be7a84848d5a2488bf6abc9a512961456b08cf2f9354f4caa0.apk,31369,56682,4641,10941,26728,45741
6209a8bca3ffb1c44d3d0212591bcccbd3d57df20a33756fad166d9e43542502.apk,98956,208753,10207,24954,88749,183799
56011191e0f1bb115b3b9ced365f94d271e5cbc85d9b7d2668e3e8b8b675ff7e.apk,65783,143085,7910,20080,57873,123005
64f8ff781b2a663608860376da3d99bf15af0b5eec61ecbba2f260b1e821c815.apk,29261,55525,1653,3318,27608,52207
5e2a71a141965b6de2bd84819521c345024a9461c423ecb4dc36e1785f75c8d3.apk,49523,96948,4934,11504,44589,85444
58a1d15cda7c38f3ec7b82132f87177107089cf26862f7577bee749922549065.apk,87742,180813,8894,22685,78848,158128
4f297045506bbe8a2c23990c6c343c3e8e568d24f980538a598dfb7a38a052f9.apk,107213,214203,10880,25596,96333,188607
34a4c617ec5218e15b7b39cc16b6fe0bb603837f6b66b9c6fad38e50295aaeee.apk,31528,56689,4082,8997,27446,47692
4a26b32119a598aa0fd76e137a7296192c407d5c3e731f94435ed6fb81e20dd3.apk,47291,107245,8558,24131,38733,83114
608d5c7105498fa17563c19d81edb746f9fa47ca8c2510d6a0630b2dfc9c5b1f.apk,44185,88089,3626,8533,40559,79556
6678694df77e2c7445360005f4dac2b8985a5eeaa3edab991933e983d43900ee.apk,50703,108028,8227,21655,42476,86373
59c8d41a293bdda54519b19a8601eb76db8401fa41e1e228f2aa91d9f3db64a2.apk,44281,83426,5295,13691,38986,69735
413fd46712cd3643bde3ab7f38a5a1e9eaa029234b5acce6fa5dc8742cdd75cf.apk,53047,112119,10353,32800,42694,79319
460731215b7c133a34b17c8f78f70319b111eb22b1ad68a40259fe849c7cf9f3.apk,34698,67237,4324,10018,30374,57219
4abd6dc429e10558ee485570570ab5cd0454f7764caf11e722a02c6bb55cc3db.apk,53100,106474,4430,10319,48670,96155
36f889e6365367923e288997e04d11ba5cbdadf2474afce217ee6a225d70356a.apk,70023,146249,12729,29804,57294,116445
5b9b973db3246dc310721f7e56fd3a861cda88097348583d0426f278c1fe3e84.apk,54052,110273,5297,12053,48755,98220
4cc564f710ff4df7dfc7db034c314db3ac57a1b27b22f0017889303f5ccdab3f.apk,48872,91027,2150,4578,46722,86449
4c66bdf40b5bf08695bb8f0a3c71eb0c0fe9603d797be35950315de6e84a5e3e.apk,66579,123979,6250,15559,60329,108420
5251ef0aa45ea6dbcdb03c7cb8bd19ba5edc135efc011ed1371049aa4cc89e94.apk,41971,81681,4060,9015,37911,72666
40851cd37287a5e3af8ef265d48b295ea71fc82c7c5f8f4aa418a2bca925b74e.apk,15449,30892,3093,8819,12356,22073
496c981489dd6fbe6ef0720d4ded5cd5fac919ef23e3268fe56805367f601591.apk,52110,104923,3158,7054,48952,97869
4c69ac2982a1c3457fb7308bb269f2f18a55dad7016d31cd908fcf30b1f29e66.apk,97894,226585,17338,48901,80556,177684
39ea772805072a5af29c50df3963e6e20d82c72e2ee7c78867ee8af6daa330bf.apk,14217,28489,2930,7117,11287,21372
519f0635d8a60a12231c1d21b9b4d71501623ba433ca02e6fd6138f8b3d06286.apk,35741,75882,5204,12112,30537,63770
62724714b8100963fd0bac28c6f9f0e65deae33175938fa99da81aba480bce89.apk,50703,108028,8227,21655,42476,86373
3de0f683d31478a090734bf00f17a2f4ed0b3be12866b2a4989433ad25ea664e.apk,25642,45422,2566,5149,23076,40273
558f18e0f9b13b734a4390e9568ac0de3fb47b21eff980f82565a6871d31e6e5.apk,70162,142409,7723,19262,62439,123147
517cf9388bb50355b208b3df1ee91859eb239a5bec0002d23aa37334e35d2b34.apk,44799,87261,4600,11584,40199,75677
6098fb5c822bc65e20ad91288121c89180514e9c071c57e109c2b3f2c4ae84c3.apk,44315,91532,3135,6649,41180,84883
43d2c8be88ce7beab8f6e856bff1f97958c0afe85a85e7087f4fc8a3a339bd12.apk,91051,184615,7773,20381,83278,164234
556f46a088d6f7f273d5a04e471709ba15385d487528d5444d328e002575fca2.apk,71854,168458,13351,45533,58503,122925
5660d19076f71fb997a41ad6d24c6997dadb9ada9f6a8889e056f59ba91664c5.apk,50242,105435,15041,41722,35201,63713
3f7fe1c8ff9509440dab3bb90e6f3153.apk,16484,33385,1319,4030,15165,29355
5ab30d62bb5d8db008ef2f0154f72429433cab7516aa5e8f5557f4a6b613eac4.apk,620,1159,350,645,270,514
556b1a2998934ba631df1100eb55fad9c02321131f53c98aabdad2ed2e5e19d3.apk,38339,73367,2656,5589,35683,67778
4644e7703962528c9be4bd575cb277a67b91651f3ed45772c1993659e583ab0a.apk,45988,92983,6296,15729,39692,77254
48ab8d58d38ff618b353743dd01c76f1aa723d70d7d1fdc26868ba6dfe0e3ecc.apk,28311,46780,1871,4005,26440,42775
61c3c55d5c9e1bfe2a749b4e1086007e4f33a940301f77a658b79357220e2a1f.apk,64169,137412,9497,22793,54672,114619
3bf24b8369420511a0bfaef209849ec8876c45ac8983e707e34970f9263ccf7c.apk,55593,106154,2571,5227,53022,100927
651286ff538826c7254dce8dc1583947980f119e85521cbcff57c2cce76b8f5b.apk,110878,241452,12548,33744,98330,207708
55e827d2eea7f5348b932808da0eab91bf070d054ce47c69e57a5d657216ee96.apk,17297,33987,1123,2204,16174,31783
45b647ae2177d9910e74245d39e8601c5fa229f5aba697eae288b2aacd2816f0.apk,62485,122133,5461,12598,57024,109535
55a562cca7b8fc872cfa6312bc5364b64c09fda2d6ba8a2dc351762c11b8274e.apk,59909,136868,11871,31125,48038,105743
4080ba1f4b0125df02f979e3125725a3ca2f8c71081f1e6371e6ef35b2f84b0f.apk,14028,26059,1911,4020,12117,22039
5fb59473570056b6933f4090d7429282bad0d14f3d639b4172069d990ab109d3.apk,38663,80905,2283,4622,36380,76283
4f9074015336fafa29bedbe46ae09883373dce8741ed00551da3074f5995b689.apk,42564,86951,4391,10719,38173,76232
38bebda4ef6ee4b9418a83262c05f4a4903f43c81cd903a3064561d2de6cbf74.apk,52039,110899,6141,14295,45898,96604
968da86a85c5aeb378c18ce440efb3590ad1543a418763ec3a1ceb59ceda4105.apk,21286,42133,3071,6939,18215,35194
761e64bd4a119efd4e5f2bcd55a62fce7deb5f704355e05188b304b5098b9975.apk,41015,80515,4389,10175,36626,70340
8e75877f3fa670277f0566a4d714efdc21ed23c25d2b3e17ad9994b34229a146.apk,34567,65026,3815,8889,30752,56137
85a65ac41938ec6e90af20af1a5a0b35243b23baf79e4efe7f857ee4e932d1db.apk,86059,188363,16789,53669,69270,134694
855aa2530bfda43625dbfe5199b5cd048017463ecf1e8050c39a8a47de6d0a93.apk,54060,107260,4021,9426,50039,97834
83fab260513c21d4c5f113e57a1d51ee3bda8fbf896f4482ce5fefb3d0349653.apk,37928,73316,2245,5521,35683,67795
986e9ebce3084c1a953c4a8937b48d0eaf50120d985d06c6e562bd8a44021724.apk,56971,114129,5436,14106,51535,100023
87e2beb6848773acff63bb4dc07d12478796eb6e5ebd9101a960106fb0bd3f02.apk,51195,107030,7052,18648,44143,88382
854ae451d8ae67b83c2eded0c06e75930951354aa3d89b670666011a64fa1da1.apk,22109,35899,402,562,21707,35337
8cce74702d1778d588047a6491598acff4e33114faaf0888ce2e5725a2b016a0.apk,49216,96019,2503,5033,46713,90986
6ff74b8f7f6604883cf8106de30d23370cfbd33a51933a0cc2e2f05c53ab85e1.apk,43276,86419,3710,8090,39566,78329
7a88495bf675014015c63198adee0cd6c136523907df64870419cfb4204c9389.apk,59033,118572,5423,12701,53610,105871
781734207c03b30a78fb3d441ab2139cbabfb736a44d4ef88986ef1dec0be02a.apk,88288,181792,10844,25862,77444,155930
836f043f75472b44d599ceb47597baff2e85737779aa862b72c1044f38dd6612.apk,857,1150,299,430,558,720
77eba1a2c3a65609c3af9192f7a4a2eec9980a9573e076faa03605c27da8a478.apk,48632,98987,6595,15496,42037,83491
85ed22eb7bacfe7b38842fd21567d57f95a0e3697931103236f970cb17d5d543.apk,28779,54383,3263,6999,25516,47384
6d5aac5fa5b052e0997123b24c3515ccb2ba1d3d1c38695c266ce7c9baaf297f.apk,74432,163460,12069,30617,62363,132843
74cf5aa592764bd3f9ba49413d31f3093e7de8e902c6021277ece41ce2450967.apk,39415,79625,2470,5123,36945,74502
96c6c5e00587f7973e8502ea99534f4cb637f9602650510f3e5e252f3fed3b31.apk,11078,16216,966,1858,10112,14358
88a848a598ddba4f41507949839ef7a506e19a7520cbb76cd473bd06bd1dbefc.apk,42505,81368,3657,8102,38848,73266
8828d834dfbabbd5bb35e4ff6e7ab93f93556db41ef68b749a8655a73db6a6b7.apk,57901,116180,7258,18110,50643,98070
71143cc28e250d72858933707efb385b9433490d5c9edeb583b4c1674856b0e5.apk,39691,88437,5386,13166,34305,75271
67b9ea13504cebe9445cf53f6f4ae68cf1ff8074bf6d7f3a5d93e26f9c6b778c.apk,50342,106467,9516,25425,40826,81042
8268134b43625bea59f46ba438cad2a7cf02e95057e14b3e725c5e9abad00af6.apk,68645,143069,10361,24876,58284,118193
7cbae7c619b88514d9ae90d3e0758665ed978502c3ed8a031b0ef12c9ddcc153.apk,57306,110609,4439,10221,52867,100388
9113f78311aad32fd8b641dee07828e2c2f0644eb0a98cd7368b4acd1dd8af6e.apk,105668,207825,9085,23152,96583,184673
77397ef6224ae1781303bf9d5caf0877d8a2c8d1261af496adfac4be5cc62212.apk,48715,104414,6168,14016,42547,90398
6ade223e1b68962e7b963465ed9144769ac13242d7016ef034acf84a062e799f.apk,36688,67231,1603,3048,35085,64183
855a1951d22855ee1e73a651c056a1b856ca9a0860e435c08ec63e3bf5c4e2a6.apk,55597,116314,7489,19373,48108,96941
799692ca928017c434dffc69b6997601dfbc813ff649479189d225ae82dbbe94.apk,42965,80554,1684,3151,41281,77403
74c59e49eb72d845799e2d932c6ccf0522ecc1f17deb803c09f92b3aae36970c.apk,108562,230299,15197,40982,93365,189317
8863b9452f0626731d389b2a9a5d0b76ee90a72da4bf75ca7032086523e23dd0.apk,54413,108021,4395,10002,50018,98019
7efa9dd44a526e9f2315f8af542d771a43dae87a2ee7bd1a6105f06da67b8960.apk,30627,55483,2785,5967,27842,49516
6c0ed4abb5510e2bab2f0acddabacb06a1e77643949be93777cc3e0851c890c5.apk,54595,109486,4844,11862,49751,97624
7de8c770681c568e51e191339306cdde20311d454054d2b784ec7c001ffaea10.apk,37923,65860,2277,4588,35646,61272
8f8f3a8809ac50caa2948f0344f8874225f221181fa80c0260c2819900de32ff.apk,16275,23245,367,519,15908,22726
7223b20876d73217ab9b8b1a8038b8879fb95494e46934cc96a15921b22237a4.apk,22059,46986,4503,10694,17556,36292
977f2f82e7b76ef9772ec1705abb76c36e901ec1001a3168f547d97f5950645f.apk,24011,39673,1122,2168,22889,37505
7ddc88e45d089bab1b6987c8097f26c42438486074f64078dd03062edfccd691.apk,36574,69613,4167,8926,32407,60687
9640441432b8368701ed0bbcc6a001d13187c1c03a73ecb5e19a5430b1a766e5.apk,53475,101352,5109,12042,48366,89310
8188a822626f03726fa01668b105f3e59a90005504e2efe82974598771af2de0.apk,48480,99282,6821,16350,41659,82932
945a2c5361abf64801fd1f6b7688998a88f42b572f800bd0a7308b1b0db98b0d.apk,26475,52754,3328,7074,23147,45680
781a0134d5fab96e5dc18d638b92b900e377bc773247545488e79db6c0745ef0.apk,58697,114788,7070,17222,51627,97566
806f37ae10582e1ccd5ee8356e5310713fe837dd90bcb11acd9b5e95f0d2fbaf.apk,32169,71121,4070,9185,28099,61936
80f56728b62e2e92ef0fba8011aacd4d905b05bd507ae640e11c9f76c80ff29c.apk,86019,184999,12428,29468,73591,155531
841ebd010e08e9d962424eb846589da21ad97100f0b12ad61139a238884e8a71.apk,58879,118083,5174,12079,53705,106004
77fa99bd9af666b4a9e818b6cc3ad4e1dad73cc75dc639d85f28bba24c8a6c73.apk,43795,97217,6125,16460,37670,80757
6b005f60fc75f77a222aa4ae3a2f6570e3c78246ed7a162bbcb23918fc4a572e.apk,29609,57336,3798,8364,25811,48972
8fed8c3f10d3650b7649d3d62054b7d699e44804fe84ec3201f6420e457e61c6.apk,35278,84213,7705,19504,27573,64709
7a463dfcfd181c328557899a329be0ff044556daa926510c712bae8cbe2a8232.apk,69169,144592,8197,20276,60972,124316
7b40cc92c6eb83c2ce0d20ed09c6297e5206190ab0a4170c411d65572c1bc388.apk,74443,156555,11991,29642,62452,126913
87e40fa24ea29a8bf18aee889d201f6c0fbf9dac9d39fbf3060b11a53d4eb045.apk,34475,66657,3814,8958,30661,57699
94ebac085766d08aa975c3eb2f71b9d4ca8ead79ee242431578b1b3a1c4b0458.apk,69764,143398,7489,19605,62275,123793
690d66c211d9b14bb5ec3ccb21fd3a4078e1d3ab8b57745bd3356da9959baf87.apk,25620,46931,2513,5392,23107,41539
9581faac7651ba4445c4f7f12c56c30e11268c7892cf18a656eb963178124a27.apk,52669,108278,4624,10548,48045,97730
7acb6344a8f0327eca811fffc22c28e5e316eb60404c721b8ea0f237896d1fa1.apk,46009,89545,5119,11819,40890,77726
89c665e17c5a22eb9ee50c782671eb0f46215a4e82bbfc5d40a3023c9c1cf541.apk,32824,61749,4247,9999,28577,51750
76a4ed7991784131466cf863400f71b629e85113ec0da50b980abaed10b2265c.apk,47441,92324,2089,4109,45352,88215
7e2bfeed22ae862c283df4358071bfaf2b455742aacd2120fd03454b64227850.apk,61441,121413,3358,7234,58083,114179
8e36df0adf109cd8bca51a8f8d04b8d2ab9d5de3432e3be90e321f20920f38a7.apk,44188,91147,3142,7044,41046,84103
80e8c72b4cd7fabaec09c1ad057c6b80193eae1b341ade6c4a7491b05c84364e.apk,88188,197995,13023,36849,75165,161146
828e18914dc9409c813e1feae87eb3be39c7d6c7a57bea6c86ba90e42b871461.apk,59677,120430,3895,8877,55782,111553
67c6d1dff084348b181411595f696c7ee07735fb0e0c1ce1a8691f0c4a45d64c.apk,75909,151265,8794,22003,67115,129262
785622cad05f1e0c4a77af299bd13997ebd6ae12a69008d76932793243a674b0.apk,49456,98139,5457,12839,43999,85300
7af632aa0b27c36afc8f88808ff210b7d83010abbf9a0fcc895f8287391b4d46.apk,60967,126188,8337,20749,52630,105439
91ecf697df41ac2f532a08d8133ec4ae3da9efff556311181188bc06163a967b.apk,85833,188629,14132,39324,71701,149305
97dd25c8ad0473cef20204145a62e59b7a8a7a3c4bf5266892024dc1eed2019a.apk,76303,180588,14993,46895,61310,133693
86b2fa7eaadc27a2ef1149ad0ed8a445d45fe6865a823c3d86ccd4ab025ec4ea.apk,29989,56511,1089,1844,28900,54667
84bda936e1c9c63cab790d87383c3e8676ad1ed2a578c9ee73d3d4a9c53a75b7.apk,48707,99158,6686,15711,42021,83447
786962935d53dc6e804fb32b3b0e5ff7ee17a761c000ec4ffb15a1636fe9db95.apk,65117,133565,7950,20520,57167,113045
77e82215ca65bb3c5e773cf83fa2634233922f5b0862a43312e10f8ec202e497.apk,77700,154992,2397,5032,75303,149960
6b1d96194914f3b0d657ccf12f8148fd21b88219b2074c8c55cac8d33750dd47.apk,46763,97733,6227,15052,40536,82681
82279d7896ac30df4ef3b355a8661f92ccb563ab6032583fabba2f2ecaea4d01.apk,54641,109444,5778,13005,48863,96439
8ff01d2df49bc138fa07a3578d891bd7185370cd51ac759b9499cf4d447895c9.apk,56084,102027,4034,9223,52050,92804
818c2594741f86c79c92882ec28a870d2b1f0dd62cdcd3aeeccce01d1839eb74.apk,38761,84185,2888,7372,35873,76813
8a59be1bfd071736b5ed7282cd7ed06ddda803b33ca1cdd0391152174358b6da.apk,54690,112657,4271,9830,50419,102827
690d2b69259da71406b57e55d6e0a224cf1541459d74f8f6936f00557163cebd.apk,49490,99980,5080,11467,44410,88513
90c6cca507db572a586d1325d7addadb336d0f58499b6ef0614fa5bc0ab1b34a.apk,29052,54894,2414,5007,26638,49887
8894a194c7866667bdcfa65dd634f3802a433f0d0cdaee3d4aaa2ab2ab735094.apk,39550,73211,4895,10328,34655,62883
84d3d89d9936e5e8a6ea39978551fd0729a86cde96250cc3c1e348f34d8a625a.apk,48268,87612,3258,7112,45010,80500
8384358b5ea6db1d593dc42c1bbad53e3ad4302e26fe045d7bcced88d9e4e5f3.apk,63848,141186,10428,27739,53420,113447
7bfb8cb674f5369edeeec93fb3f47141574ee05e07c0c0a060fef32492f5b3d9.apk,83422,174384,11390,29183,72032,145201
87a31856d6c5abce34acae766e101ba5a74cfc151f342bda87106683cf0ccd68.apk,94941,186790,9578,24537,85363,162253
9102a0df0e1be14c7446c4398486236849a13ae3481b588e4f3a88656c926e81.apk,59264,117046,5943,14957,53321,102089
8f2e4422472113849001a2b80d10de65eb58c701225cb0e490afa168aa5ee8de.apk,46743,90747,5280,13894,41463,76853
93dccf5bae368da0897a220928d09fd0a1eb6859f676132ed2cd703c10a5f078.apk,1954,3628,922,1867,1032,1761
9270fc9b891354bfa981bfff90ef3c28ce1f41adddf058e176f2501e83ce103c.apk,45454,89311,5894,13541,39560,75770
890124b12c3d067a886f77da4612c82f61ddd647e794de904335389924ed299c.apk,56194,115254,4864,12354,51330,102900
6ee1f71b2cec5e480dc5c461417d5403eebd5add83f6d4b984a4dbd13f8a72e6.apk,48373,94203,5089,12066,43284,82137
7fc8076a509d12cab2e2e3c9d534bf71385b7a06f4886271ea27dafebc3500ed.apk,65568,137358,7189,17956,58379,119402
77d4c627e6023edfe2af1e25d5dce056a0e2a2335ccd7ccc9f177f7548fda129.apk,46671,95725,4552,11120,42119,84605
85e30ae0242ddc2e140e2dc4804749aeccbdd58e5c2c692d2f9f13acc4715551.apk,6565,10904,596,1106,5969,9798
81883faee8d126b60f4c08c7a211e54ef76dd43cd4acfce5a001137907d6ee23.apk,44136,85251,5135,11517,39001,73734
8fea79507d93db15881c7c8c0fd12990b106e086ecce7a212dcc1b0f35bb9e28.apk,11374,16776,942,1784,10432,14992
8c8a9ee22f6411272a62990cd487f024db50849d05027e5227f984b2d96da77f.apk,73320,148325,8690,19674,64630,128651
6e2d08702bb2727ee794e39653614d36589d36400b94612101c7c8b67c574f3b.apk,96952,203464,12420,33432,84532,170032
78e8db2eae25273394a181aed306fde29a68fee2bcafad366e4ed2af9f29d5ce.apk,29472,57159,3004,6828,26468,50331
858f682f56b676919af83ed31b92a2e375d7df8f09ab459b682a7edd10e28a1c.apk,41571,82907,5629,14027,35942,68880
8bfe7e15ee89bc5aaaa05c855789ea05e7e4e2322c1eb7bb271f612ede4ba549.apk,82185,183956,10346,26553,71839,157403
88c824ff8f89143f66ead72423ba724d9fc7dd9ecedcfec603ffa225816878b6.apk,23374,51207,3472,8379,19902,42828
682d31cd2a87a293244c988da590251f737137f9be3bea79a3333b9ce2266a45.apk,78088,162879,9837,23126,68251,139753
8a0729d5742ce1fcb30f1ea6e81ad079e5c8d930d1f28b134b39fd03082f0f5b.apk,37401,81459,5268,12881,32133,68578
8e4626539438287e803594ddf62ad03188ca46d71a0bbe5331e575c6afaa2fc4.apk,23421,38304,1204,2342,22217,35962
97ce17895781495ee75ad8d9e40b3c2acff3d74f502efbb8c3081318fcb61ef9.apk,18270,44045,5076,15582,13194,28463
8b34990a53ae54742d55bd4e0c06a8369f6a789cdd109ba2292c270ebd8e20c5.apk,67890,148719,11147,29455,56743,119264
8dcd2c6765a03384563eba97c407f5d21f19e820310246502bc869f3056f73b7.apk,48810,105200,9833,27312,38977,77888
77e0a7e76554370e2c0439d68e681a917a306d0e205212e1fb4504501e95e508.apk,38139,70852,2921,6434,35218,64418
9274f4f48d05eef4019a31f2cd7b0dc1679c49ad5713adb1f4e32d80f50edf15.apk,33097,61220,4118,9171,28979,52049
8a011c44dc698de21950d2f0c3b64f16aae0df571175ef6fea61729774daaf23.apk,38674,73167,2773,5565,35901,67602
6b6bed98470105eb178f1bcff3877dedda485acf1c27d0913f62a5fc330c26f7.apk,64536,129225,4216,9382,60320,119843
92245b1e27d3f531c730571eec10a89e7a71a39e09b3a70fe2c3fb4fef904330.apk,32615,61704,4502,11157,28113,50547
8596b16d9ad07570e3d2f471874dc8687023d43c864b43ae91718d6499c01d01.apk,34408,69428,1637,3691,32771,65737
6d293bf345730b24e56b517df86b142ce763c2e2e8bd3614127fd6566fd18d65.apk,48486,106506,6377,16115,42109,90391
956d3168a0b34bb6010432c5052e75534d1f42b90dc2b665f59677c29f77bddc.apk,4544,6594,728,1331,3816,5263
69dec637547eac8219c76d61f06fc559479418c494675062f5a74d6db354a85b.apk,43515,96879,7856,21622,35659,75257
6b93174968626de37da8a02f144f7f04d9287f656e0be76940dae38e3b01550d.apk,56075,114407,6341,16555,49734,97852
88d6f484c5b61907635bfd4a20cadeeb808f21d574a852cd718926f7bf711033.apk,58915,120215,4582,11491,54333,108724
7515e5eb957d0322a9220369d835160522c217f7aaa273b72dbbe4c76fa75677.apk,85887,178943,11372,29480,74515,149463
70b662bf7c78c555c648bbde22935c569a0bbbab1abf6a2b355e68d42e932210.apk,45878,89875,3177,7311,42701,82564
80dbfd520c90ae3754b75215b721a22ebe1a2055ce30c61357b2afda1eeee425.apk,135803,250657,6553,13021,129250,237636
95f5639b04fc60dc32f6aeca57c0a7627338de27f4922d6554a13226256070b1.apk,345,442,345,442,0,0
6db0e925a71d8f01171dbdc2401c9660a93d53b9d9a848d685bc36d74edd4288.apk,27365,46771,664,1030,26701,45741
7f2f0b337a27140eb736e1356ba77b9badde47af25d569c3df45a148d2f9a669.apk,10894,18662,238,397,10656,18265
892812327e2823217ac8f2241a8098d42e963c0f73bbe7a10c21f50aa2c6feb9.apk,48693,103081,7714,20542,40979,82539
779f4e2d0a0c0ee675d7be7202300435f5b5791ece0d9cc48a0bf4a046d392bb.apk,27564,47666,916,1481,26648,46185
84e2269ec524931b55f8aa79539681c5770d4cfa19ed2b065a6e33bc14fe23ce.apk,41692,82128,4558,12282,37134,69846
6ef8e686fecfd2750a93e12d3108c903fe40e63de53130159be82cdc3ac2342e.apk,61705,138533,6674,20872,55031,117661
7852584344c941480bde524eb49ea51f207edd038241e72ffa360b223cc7ca1f.apk,18218,36501,2144,4331,16074,32170
6dff3d15425a3a9aceb0c7a71050c930caff503270351afab7658f94fcb6fb2f.apk,31003,56062,2918,6221,28085,49841
704ea641b59867e14a6ea6cf73e05c1c0d192b41e70e5d7178ad6090494e4acf.apk,103457,225784,18507,43051,84950,182733
8e18c9e3722ad1865ed9dfa96cd5aa0919c626cf1b360d672406f16378118076.apk,50353,117467,9782,25274,40571,92193
6a880268639648653f23d7eb453b347b778726353e743fe4aa93b857d1fd60bc.apk,56169,116232,3018,6314,53151,109918
6ef276f079c11095ea965e5a4aaf66c1a661083078a72052d21576a3c6fe840c.apk,26602,50222,2593,5343,24009,44879
8badebf744acce655e75b29893782ff516e36577f197d3cdce3300a13523ecf6.apk,43605,85148,5949,13893,37656,71255
6b149c41947c6866c824bf492679c4716c631ba0b7fa80395c74cf6e8acd53f3.apk,43549,111926,6632,27206,36917,84720
89781d92494b844c040091d00fd6c9af1cb72154274c3778aef6fb4c4f8ab661.apk,39322,75605,3307,7009,36015,68596
743f953a0abe0424e9d4bdb68e61f2bf31aadab6613ae17301dd49be2362b808.apk,64631,132262,5896,14092,58735,118170
7ddb58c0637b19e7943b628a8e0f0ddb6657b73606b34c19f7c1e8d99a6e02cd.apk,55591,106150,2571,5227,53020,100923
712b6fb7978bb79ab2832c277bae39464f46659e56b1f3ee4bacdffc8b534e74.apk,103595,232915,15635,50538,87960,182377
938eaf3a5d90d4d158ffcb3e102d6bc823c0a71a38b7b7842d827909f374e601.apk,57382,124078,8560,24606,48822,99472
90cf5b827601596971d9012cc76549a57442603c93e7e012de5fe14627c6731a.apk,44513,103224,9274,31505,35239,71719
6fd7a7d35381adf744a549766bf177792179857df2f52b192d73f9497d26d4b6.apk,9866,19468,2448,6083,7418,13385
77badec5c234399890d55d85b9de075b1566dac2733c0c531cddc73459062bc9.apk,28796,78333,8798,28459,19998,49874
82197a4d28367768080ed876082e8b016e859a407a8c90a27559b8fcd7daeacc.apk,27993,50512,997,1627,26996,48885
737209837c52c2f03db5e1356861bba5dcd7a4e3318652859b597e261e90811c.apk,67057,140609,2323,5298,64734,135311
88505af40c8e5903916846ace6cbc7ed938aa011ffb250b09aecef3c984bfaef.apk,56892,114024,7541,17759,49351,96265
8ec51015e4bb1842cb2eb6da8fb437f47d97d8b979fdca32e5b9a0359ff91c37.apk,23222,48584,3003,6819,20219,41765
7d17d6460a42ae3b67c3ff4e8ad995a20e8afe7755ad74c7d81f673b2d757ff2.apk,134537,277591,13124,34045,121413,243546
6a5bdf38f17330f44cfa3ea6a6445faba750d465dc7f75cab76bc1356d359ac0.apk,30920,55859,2614,5212,28306,50647
7bb2a36bb768743104c1e3c1c8f3ccfe03d989463e182d5bffd1ef3b71b3f504.apk,64369,135394,7973,20593,56396,114801
6cc4f00e0c8a1457176c54eea34799438b193793a0841407989679847e9aa8f6.apk,49559,96289,6139,15244,43420,81045
81bebcf2abfff6b785eecdb175d1c0c701ee41e93a0811e30e78dd9413f7dd79.apk,42805,93606,5638,15078,37167,78528
75c0dcef1483bfb2f4149041b48275f4f6fe2ccbad62fcfe9ebb70e9ac72c9f0.apk,55394,111544,3133,6436,52261,105108
81b94388056abf0c2b06ea7f86954f1cad95438ba020445be98b999755eef500.apk,99427,228192,17075,49798,82352,178394
6c67879b93db582f0a3e56393b8cdf72be2a396772cc4b58402fa9910b30e005.apk,42153,91802,6333,17777,35820,74025
893846785507d4960ef1a9f2da02de1c62b80405bdcf0c17a5c204ea60769ec6.apk,41401,78582,3176,7524,38225,71058
8db57cb3ccaa6c94d01ba31193ac4bd77667954de53a0b5d095ff3891ce0bbbf.apk,55016,124164,11963,35718,43053,88446
74c9b56631553f1ef3fc493686b5e667a3e18e0bfcce23708601d091a03dbc2a.apk,64514,123897,4235,9188,60279,114709
8418c18358d663945b3b40983b591ace0014ed75c777660152e1b48e90eaecb9.apk,34030,65869,4254,9123,29776,56746
793e573fa77ffc0ca0bd801e2bdbb1c64f68223eca05ff1601484e268823faf3.apk,62506,130871,9860,22436,52646,108435
897d6ef770d8170f1606b785ff7d349c8de2e429b57455207c9d8c6b52f720a3.apk,19914,42597,925,1793,18989,40804
70590c28dc44de53868ce55ce080a94d75c0d3b7839479f7518bf9344f1b12c4.apk,43796,77310,4373,9538,39423,67772
8c8b3fb724e196a6cbc32051fa0624cc43629bdad0f596623af09625a364183b.apk,61491,132919,7202,17660,54289,115259
7e087b79c2d2108ad7231d4687fe74e08ec29ec26dd4409290701cf6aa1244f2.apk,35467,68227,5701,15059,29766,53168
89b2a72eac817b7ed6647d5421ec5f73e94421883da9485f6f406c358e7aafab.apk,77288,163685,5986,13970,71302,149715
7e613cf0e57f6086bd02c7b9735407d82b8be9c2bcf5ccb76fa112c36db5d514.apk,9436,19714,1617,3050,7819,16664
6f0044353c041c1c75ead2352e51b8d0f2b6537700970a4be346a6b1af7ebab0.apk,53440,112968,7163,18047,46277,94921
7dee224bfa00afcd5c7761b7b9e561b99de7e0f97976595b98dc4afc19d8951f.apk,4582,6435,166,226,4416,6209
6c0f0b4cf2d737db675e34c788b9e3771a4cca6e08d30532b935b5eb13d64187.apk,30181,58115,1400,2717,28781,55398
6e1db23fa427fe4bc7de829b7b7388f7babca9afd59a817bed111b0c56a1cd55.apk,66898,156677,12368,34003,54530,122674
8c6e7f7467466c03ce68f0e6cbcd77c0b57f994516cfb8d0c586438412d1d168.apk,38099,74098,3754,8965,34345,65133
976939e88874a65fc8bd0da171d910d73f6099fe2bc2892ba3d73a92243b2cbb.apk,45101,87643,2458,5145,42643,82498
71e1e7dbc4371f4b5abb323b4ac109d1ee9e27e85a31e94e64a43765bde5474c.apk,39972,73650,3209,7125,36763,66525
72f08a1abdda8f8663bddb3573bd19415ad7b07a6afdf595158ed3ff778a468c.apk,28607,58601,3925,8297,24682,50304
6f5c0ce74e45698ea926ab67493bb37b59854c5fc800cbe86f55c2bf362a36c2.apk,27871,49979,1322,2075,26549,47904
6d1209960747edd0c747bfb7b6598171e1dbc13611c68d2adaab495121baab87.apk,50186,108063,4987,11882,45199,96181
68a3c923cecdaafc43023436724e981324e625c0e903b0b1e2fdee4ebc9f784e.apk,43182,84708,3209,7252,39973,77456
898f3eec784d49d3c62a6c2205fe557cb252e3e63086b88ef57d22d1e1933e68.apk,46595,98057,7993,20074,38602,77983
7722acd3281888ad3bef05a2bc29d8da01831abceda884ae55a0fe8f38a99383.apk,19716,33016,2629,5752,17087,27264
785857c5b39a09bd7eff088b45dec9dd0bac64b780f2d6f4a4e93bcd74ad444a.apk,28203,61497,4738,11843,23465,49654
8c1adeb6e66f167735b6982d56ba38b2eb7d4263fc483043d6d4e8bb92c6df59.apk,37912,82497,6458,15689,31454,66808
831ff9073ae48ce9e84f090f07ee9d17a44594c4617767c9e3c778fbb8b8c8da.apk,81755,176081,6631,16106,75124,159975
82fe0d97ec6c178ccc6957a032d537c90d3ece5aece59e05ccc9425e8b96ad5c.apk,48546,92623,3391,7164,45155,85459
949a604cfac3163385d1a524b8df585b1af436a626b2b37bd87211b0fef0d3c1.apk,52154,98932,3105,6634,49049,92298
9315963d1751dcd52ed34ba2cd93a9dd3e165bda41eb2054d7c0a634a57425f1.apk,38860,85337,8013,20914,30847,64423
9225d7be95fa1f24f36714f08acebcb76dfe0893e7d801ebf684d9f788075bd7.apk,44261,92489,7210,17411,37051,75078
90e2f3d82693318c69cc6a1cd13b2aea6f04ff3fc056fdaf7d316aefbd9b0a49.apk,90230,189189,10102,27268,80128,161921
6878ceab575f675e64e5e966488d9b2f5cdb6b0057cdee628a31aee02d5ee750.apk,1126,1690,190,332,936,1358
90876c73cf615d4661925a80eedd2bbee37c7d36cc1e4502f8a8ee4de10e0c94.apk,41711,82874,3256,7792,38455,75082
90465a3ad88da8d0780577ad2457d44c5092c7a41140ff0604606d8c20bee9d7.apk,38457,77181,4882,11582,33575,65599
7dacf3f5d360b27dbbf95fd235919efaee9b8ca7de5245e201146cb1f16991d2.apk,857,1150,299,430,558,720
83370fe670a7602dbbe119051cc36f2d0196010957ddcbba446937929694e63a.apk,18376,35738,1536,3059,16840,32679
977ce02c35098cfedb271cb1bd30b193a2f93e6ce1bea5e05fb42ee8e6ef4fb9.apk,8371,14115,1058,1913,7313,12202
9261ae16b1ff7f6d46fe8c8ad0ad078d4ec48d6482545ccd51974ef8201d6d04.apk,40738,77709,4938,12851,35800,64858
71775a9ab798a5539fa8f4e31332e17b5d193ce691c4db9ff4f5d3b2f28f85ac.apk,49720,96221,3033,6492,46687,89729
91cf5bb3cbf359cf20be97f53c601af05eb38f18a747b81f6ee1c462eac2d70e.apk,58726,126042,6857,17856,51869,108186
8642fb0111f51301b3383c4a549c78701deb6022b826ebdb8dbed5452c236868.apk,32985,67153,4683,10645,28302,56508
865e445adba6bdf270ce3673e836f4398970559b9fa385e9d900a45ebe9fb9ec.apk,73445,158862,9741,28520,63704,130342
8dd57fae7b2e8dffc8cb3862d685b8b457f8ca9bc7e5f977524e073d772a1ef2.apk,57507,110162,6258,16033,51249,94129
75aaabd54ee62b932bb23276ad2a7dff46c2c40e07eb7aaef0ccdb70f4ddd2d1.apk,64245,145699,10622,29849,53623,115850
8dd350ef766e4abbdab83a569830668be273115ba07752655fcffa26de58a4e3.apk,50192,94249,1949,3959,48243,90290
7deff9172c9caf9a06242e1cd110adabc03819ec983b5422fce08248c65eec80.apk,74893,156510,10303,26266,64590,130244
83a0ccd1cf36d3040982a9ef7ebe7ebbf7f4513d93f28b7e21eff3a7d26fa891.apk,81320,179074,13461,34557,67859,144517
7c492d4dfa6921f5ce709206b2a47aa1b50a10eeb8dd3e66460984fee7ed4952.apk,55173,113806,6356,14843,48817,98963
6fc7ca2d8fa236003e2a5119fe3ac79a57b3d49a12f1c24da07d365cfb8e1036.apk,12250,17146,403,682,11847,16464
90104b5cf54e94ca06d8196bc5a446ab5d4825a5e7730ad8c26a8aa0d428c69c.apk,51087,111524,9581,28907,41506,82617
6d5280f20c09ec9c2283fefcfbc90f2a95c71bb368a1689fdc03708ba54571e5.apk,52560,113630,11850,28561,40710,85069
77f83bdd7aedbc03568d8c9bd6fb5da11e854ea1af112639e490b8ba48a1931e.apk,26550,57939,3660,11043,22890,46896
6c2f5d1c377d44e5498ca34a66dd442815a9f1c23721ee2b225671f03e165d83.apk,37713,67605,4740,11105,32973,56500
894b169380347be167ab6a42f609dc873131b76560f91f7935c890fee6db0c62.apk,31352,56843,1975,3742,29377,53101
80f64a97d82ac48e7a6bc47da70156a958ca51f943c7313807e21afd0fdef21e.apk,69504,146110,12951,32658,56553,113452
6a90a99b7086d10de28221475fa738298e727951af39b3fdb896639c2f1f3fb8.apk,64148,134462,4031,9475,60117,124987
77e8d93e2c3ec5e419f480490ebd3dfde6f484696bed4f757132b9b3a19846dd.apk,25089,46318,2352,5021,22737,41297
8af11e366b9195163560ffba1fdfca993457bf97a8accc0dc3b06fe07561b241.apk,55422,105751,2571,5227,52851,100524
7440bcaa416d8a71f1c8fe39d5a2da2ac27a4281b221ffa6454f9b34e95fc8c2.apk,40344,76318,1226,2112,39118,74206
9198401f005eea2736b4ae384a2341ec8f8b5ec5ccda67a44d10877c1df3bea9.apk,53112,105135,5789,14435,47323,90700
69ac957986a6bbec8660d9df6bc1e48870335b59e44c1f1cd74396f3c97c7962.apk,12987,22413,2473,6508,10514,15905
706b2849abcefbbb8b0e27a7738fdcbd22c1c9d23155186071051fdd9806c142.apk,68798,149861,8858,24630,59940,125231
969d5fd15c56ceebeec175672715d8dba45d19c554b239643182ab03cbc29dbe.apk,86639,173512,11197,27524,75442,145988
8c7b758ac1ebe22a4a9ce5b3b47f2068d683316b72556081660a3f1db32aef52.apk,48141,103313,6427,16108,41714,87205
83441ebd65966cb452167318568a35611f8a247f21f3bdc2243a90340ad7dec5.apk,102957,229541,18847,50269,84110,179272
7898869647df42574c5d9efac50a1cac4fe824725abd7cd054635bbbc8891c4e.apk,21930,38326,2029,4162,19901,34164
81f08eb36663383d9df84b87891a8f5a6a721a2b5b9294ab308349ae56b3c855.apk,35153,70699,4761,12294,30392,58405
91134161f8a669adf4b71520b241fe102a3143b5f6aa96a5cbf6ed3e4d92b6cb.apk,77277,175757,13156,34852,64121,140905
7caf7615d6c19f98924b54a5ca0c6e413f46ab4a7ea45daa4ba29f62e7b06d6a.apk,31199,56517,1768,3327,29431,53190
8f1a93c586869aef2cd911a98fa4538f0862dc87a151d157ff504977af07054c.apk,57827,119148,7181,18577,50646,100571
8ad58da1952eb3dd2747e3c50d4104ef56b5ab604c1658cb6b57d7c4bc5d6da4.apk,60267,134471,7712,19274,52555,115197
6f665bd4c038591ff3c33b5d9092444d75263940d0ecce31b88adb2e169cfbb8.apk,62649,125574,4843,11894,57806,113680
880024a083a1e0d3de32971bf6b9fae6f1ae2c249a7dff6a0f7b4d05c31ec508.apk,44981,87241,5850,14335,39131,72906
86cbbb527a2249bf74d9c13dce7153cb35b6bfbec8a60d4a4c2230b7206b0a7b.apk,34729,65506,4319,11433,30410,54073
774dc5fd3d2016d49de614e52a81c7eb7becf50fd8cecc71fc6df92aee076a06.apk,46928,89480,2761,5658,44167,83822
775b26ffa384af0e2db7db20da8bf49fb274d4b457a71ac2e08e4b150029034c.apk,68388,142030,6497,15406,61891,126624
7d7218832090704b19cbd33535438a86e0be87998f90147cb5ac9e9b795c722b.apk,31694,61941,4014,9459,27680,52482
74ba7a783928cb9b945bb134b35357a6cdfdabb24696b6eca34befb506524a39.apk,26290,45010,2232,4583,24058,40427
6899ba432583ddefa4b0b8b882f60f24140829ac398801e3a74ca3a4e0b72792.apk,21351,44227,4166,9387,17185,34840
9789f6f1f47f5bb2fce1050c49bdfe559b0cca504340980a7778d045e344c6d0.apk,55057,124706,7255,19679,47802,105027
73ea989ae16b9692e087d5bceaca42787f7d01f0b6998a8a978caed36eb079e8.apk,93313,197178,13552,34719,79761,162459
968896d2ac6d1b70a7f643d073e7b0a8be07a5d089fafa1d7a053f280521e4c8.apk,58461,116244,8966,21904,49495,94340
861c51bcf8a58947612a7c09d5fdf5baa6274ffdbb38c2f30e90b260a8522221.apk,63907,146113,11369,31049,52538,115064
78660f13a1f1a023c3dcd343d1b5d5e492b2334b5b3d3631ece511389cf498c4.apk,62320,132433,13498,36575,48822,95858
8b20d81d39c45092194ae24fe1462553417b49dafb5201136a3af5d5f9bf2b88.apk,61670,135229,13481,35508,48189,99721
73b90244abb2adac36db828d5729b88865b13d939c17494c55140c5c78403f7b.apk,34498,75932,8954,22146,25544,53786
7399d23a06976cb0c48705a475f38fc4d6166d370c40303a8f3dfbc23e5ecf1c.apk,38625,81435,2574,5348,36051,76087
7aa6067eee2cdc139ef8ae420594b016d4245f5848ee34b6baede6204aa6fc1b.apk,41498,80996,3853,8529,37645,72467
94a8fbee40ea231bbefde26199e68539faa10be787764e25a869299ee3ea46d5.apk,40476,81693,4910,11185,35566,70508
7d042112bc222c1b0a4bc8ca756c189f0ade4b597b9aaf14e2f4f5a629364a27.apk,82298,160499,9682,20662,72616,139837
9807923677bdad15ad73975167887bbbff8a25bca99736b25f88ff02600a382d.apk,49652,115815,11662,33139,37990,82676
83ac3418668a2552ddb4a5124380f5dd123a0c0e0d2dd3c87e826b2ae69d5f08.apk,75036,151713,9309,21925,65727,129788
8090ced5e6f617777bfda8d15434f4297b0bc326983f87f6af5191125ea55a07.apk,4599,6199,124,175,4475,6024
9660dcf178741113f75c4044066a1ca39f42aef586de5111406a8a8dd935ccad.apk,128170,269349,13014,32593,115156,236756
89a1f681b76cc27dfa26c3b8d0c4b10b7ba644fd3a1999b7f684bb17466a0c4e.apk,40062,77519,3745,8492,36317,69027
7f6247c35637062cf2d1889db9eab98cc76d4299f3ed4ab8f83f6d3da5c86943.apk,34390,74964,7062,16933,27328,58031
7c3d637567122af30cc3d78697a954a83cff7b61d6f6dfb9c28085424717c429.apk,76389,156412,10357,27108,66032,129304
7f1673bcebfba07f89a67ed6ae66f9140e9b0c70114571fa6a2cb6ade96ae259.apk,64197,137370,9527,24241,54670,113129
7f6ce4b4b2dcba920d6d6e330d6f7a6db58d8f4b78ec2d16f523786e38e4b825.apk,71860,153906,15417,42603,56443,111303
9492642fa0b56dc52c8a7d31ba2accfe7890bd7e3e8927afdb789e9fe4fd70a3.apk,33081,71072,4646,12835,28435,58237
7e21e31ae077f0fa8d510706a0fa246f074431dfb46717dca07407bf45b1ef1f.apk,31484,63959,6011,14416,25473,49543
7c7c0c441cbfcef90e29849fe944739fb5dc50e592889f69b24b65150cdda116.apk,78726,166223,5789,13074,72937,153149
775199071f77af868bf53db7265de2abb6c7dd19eec96743fa91112224662959.apk,72056,151240,10347,27204,61709,124036
820f370704316a1d251a0782d4b72345784e840af6da39864eac88811fae8580.apk,61389,136948,11556,33840,49833,103108
8ddc53f1ada8d3e7b8d62d0301434e107c3bc80f4faf645af22a25b36e260462.apk,46715,98110,11317,27073,35398,71037
7570f8c05ebb65785150a14a4d47d8773946944d698ad1dcab4abfddd4d88c54.apk,113676,241000,11986,31283,101690,209717
777d5634dede78aeaf9348e4675a1f45c9a3930b4d33fc66b7d924ee41d5beba.apk,5290,11140,1553,3803,3737,7337
74b6fefa14bd2de7173d4ec9ebdaa98e5e07acde20b0a0275e2829301bf4f651.apk,80311,182849,20504,56794,59807,126055
924ed82423030ec1e64455834bcea8bfd3b81b1c1a7882dab585d8e57e635857.apk,55631,106274,3709,8269,51922,98005
930eec975d0abbf15a072384b298e26145c186dde4e340213aa0ec50cf438769.apk,56737,114854,10310,25689,46427,89165
8a896a2646049dfafd5cf00c01779bd8e21aefba36cae6e447d195ab6e219dc2.apk,52628,104557,7916,18895,44712,85662
8d6641daed970173ed5f3192e172d41e4aed2db337d24d0bb10290c32d9e4ce5.apk,49683,95082,1755,3296,47928,91786
988191befc4d697b6fd067dbc64cf383840633f5d1f3c1006be3c6b4bf194a9b.apk,30036,63451,7328,21488,22708,41963
79505107c6184754dcd0b3cb02d064859c2ce6b3f53034dc8b2c4a554c7fcd08.apk,19341,41318,3092,6401,16249,34917
6d2745c825d07e78b6c9b10c195f21a767090e9e56a0b75e4a1e328164c1d5ca.apk,4034,9252,1122,2467,2912,6785
8c90984d7a45b136fe3901acf63d1620584e0463504d7ec631cfb8e40fb93ff3.apk,85887,178943,11372,29480,74515,149463
97427bc8419b8b97d9f54fc97a03153268c0b5d5ce687f82148ff56b40e69c87.apk,54502,109021,4019,9111,50483,99910
9705b01030e88cf5598cbd365e4207ecb644b40835b95cfb31040c5ad6cd7d5d.apk,72759,136220,5664,12984,67095,123236
7fa9d8c7293d1e4815d0ee23ab21fb7e5f902bd091880a284117ff6f3744da82.apk,51528,103045,7119,17618,44409,85427
752a1ba1259b80ab132a6c8eeb9d5bc8804a96bac47ec83275276a6167439be9.apk,15674,32292,1477,3204,14197,29088
76a8e1063f56f78d559aea8a31963600acffbf3be80666a7106d174c1380a637.apk,21723,37666,1881,3666,19842,34000
8cc16c1df4403a491415e2a6cfbab88f2fda629c80980159cfa4900f5a120cdf.apk,32569,78228,5535,15025,27034,63203
7df92467504c94721b834bd21fbabaf32df918d9aedb197dfe69e46a12e7e27b.apk,52187,102476,2928,6129,49259,96347
820501a77ce95e7b954336c01cd55ec664ac9aac4ff3d72c4ea6472a61ede9e5.apk,36630,72649,3178,6540,33452,66109
8a8e4b3d525c2ccead4bd3be82da267171f63155a9ecbb6dc77a4c4455af32b9.apk,22834,45852,2866,6073,19968,39779
8ded6320eca1ef8c62bfed148d3a4ddec909ab49838a1f423df447d1445a271b.apk,54156,115447,7462,19741,46694,95706
68a7cc3fd091ae7cddaa86d0f5e16b52496e2b83bf696ec5939750b6469e20f0.apk,9189,19553,1713,3434,7476,16119
76032db857af474583546e8d306224dd797df682d7089e3ca18cf9dd960781d0.apk,33163,74737,5231,13293,27932,61444
6d24fd1b57552cc55df93d182a469e0c3dbbfc84fc97ad468a49694fd58b5ee2.apk,22298,43516,3838,9637,18460,33879
913e7b42459ea04d1090be63e9bc3b16a1f64ba43af5377a86fe3bd5b596bb40.apk,77929,178908,9767,26064,68162,152844
91542cc02975888172f2fd6b83ea0c0f4bf4a7dc6511a349c4ac23bdba966d61.apk,59682,128259,12275,31983,47407,96276
7e72107529d907b9c6db88a012ff86750093adcbc85994e9f286a2fbe1243d77.apk,58678,114305,3998,8980,54680,105325
84d2d583e7aa3d69d9641b493c7c1193d296d177e0d1e267ce043942b913cdd3.apk,44273,85656,4698,10232,39575,75424
7f2cc51747932530dac404b0220cb1bda5437c31b6cfdb31add157b338e4390d.apk,50263,91209,1779,3577,48484,87632
8ddbcd4f3d9d5fb8e5643a05491b98833f3e5c0d57c848198d065957b839a3c6.apk,37877,84393,8962,22581,28915,61812
91f8017ff5c339c7bab35fa3567f85636d52d401f58520d17be2b002328b7eaf.apk,57901,116180,7258,18110,50643,98070
77d012bdfa1279e24bc8ca614423be812ccde0ecb61cd2db9618bcb5ab21495a.apk,77818,148832,6070,14088,71748,134744
86a0fc88fd35f92cd4a90ccb24b9c3184a7825d4df31e83a000860bd9350f0b2.apk,26583,48358,1699,3245,24884,45113
7ea4691178d9c08d48c5fc228653d434e52e5cbc593b2c746460fd675929a333.apk,28326,48543,1955,3748,26371,44795
98b8158765fe5a982f1134db698adb2bf7ab94106ea21e9cbc85b3f06904db66.apk,16784,27716,1292,2336,15492,25380
89b4e6a512587b088ac34614bbabf64d003837e175c961e20f927d286f240de8.apk,77708,195412,25262,81229,52446,114183
73df33cf400a6d41245b7944c6ffcdc477f08a97bba9f323d8126daec8475e76.apk,34816,75407,3695,8234,31121,67173
86bbcc5ad2b0940eb7c0821d8a2394998bffdd248c167a07dcad71df94f889de.apk,39869,78480,3904,9191,35965,69289
89c64b7025270d14e76e07bf2a4ac61949e54c4915c71aefd2e83c84d4b3f39b.apk,85627,174602,8872,23185,76755,151417
876721eccbcc12d2d063774c70dc691815c10e06c292bc19772be5c4a257b32d.apk,126633,315910,30239,99297,96394,216613
68e337bc07d7df1dbea71a7cf7dec7cabb26fefb32496fc6b8964e7f1862d2b6.apk,47812,99285,4264,10243,43548,89042
7a7950508a1cd6f3c96bce9d433c95f44554fa4266f7ced9b26273a6db296c30.apk,32293,63797,5729,14754,26564,49043
71fb8fbdc4e0f04017053145727bc731cbeaab0532103d9d1b74488b50b93ab9.apk,41993,104615,5188,15900,36805,88715
6e4f15a27c92d6a1bde0da5955ce70105dd831ddd9d7b24666abdde15d614484.apk,35676,72501,2520,6598,33156,65903
72798091eb568972af7e721f716db811c1b6a4f59f5903dd35d56d50ac206282.apk,51538,116378,10370,29964,41168,86414
8c8b9551b4e7dcc34b7109465457b8d65d8290486684a95137618aed1f3ff70e.apk,30837,56604,2142,4545,28695,52059
908edfe8d091e29cc491a33e69236d0cf409ba40db286718788ad0ee777ca2e8.apk,2754,4814,2754,4814,0,0
86ec167164871874030d38be2c1292fc35a3a17e2aa95a4d4fbd5ea9a4839c0d.apk,48373,94737,5471,13321,42902,81416
70c01ffb05da4dbcab02709b658ec190a27627bc757a0e75847de9c4f05feeb6.apk,86674,186572,9190,23140,77484,163432
7ca3b78257217064ae2dec5760729efe25eb4c956aff4e48643dcd93d8d0aead.apk,30591,57070,1804,4181,28787,52889
8de91c9e509836d7a73a602c93c053861feb0ed60fcbb1842075ab5dbc3cfdff.apk,37300,70013,3835,8415,33465,61598
92eba4724f2afa4e6a1c06181393647a2cb8429c9c14b84f71518e3e04381c3b.apk,18032,36748,2399,5523,15633,31225
827a8049237320805b8d82e3d09b15c2d3bb8445276448fb9d670941082c277a.apk,60036,130114,8600,20395,51436,109719
99033e66fc8d9dff12eedb3bd283bf6e6130f8ab4ba27474550fae95d7189902.apk,73909,158538,4715,12017,69194,146521
7a1748e1e8a71b3fb20b8a757db87255b9e80f51541f078b6fc30e7db1b6addf.apk,141956,301978,20473,55434,121483,246544
96707adbaec20b0a45005a279286fc5a03e21bef96b83a4328dac2c6021a5223.apk,36007,65928,2191,4379,33816,61549
93b9fbbcdc4b92868fc79aa1932046167f56a337b7077e3dd27f80269736c218.apk,23395,47806,4855,11626,18540,36180
6b92eebcb8157f85edc2972ab2cbd39a7fe52857be5d1ca7ef937de4fbf008bc.apk,58018,113271,3708,7832,54310,105439
7e8a1f41f1402bfbd3eec7fd28a20f805f42b662634290724e82f3dc30beaa67.apk,20544,37571,1533,3871,19011,33700
6955e94bc0a4d220a3302b906f781baf08dc0ae0ff10186ac13e10fc0f89991c.apk,73370,149406,8804,21854,64566,127552
8f92f8c622dc512818e0b6ceabc62840d2a0e7753fcdb85ec12a7a3767798fad.apk,30416,53879,2248,4405,28168,49474
85894a8d96244c49a07f9515f94edc47354e211a154c3af73ad5b661b4c71ec5.apk,79631,172891,6841,16747,72790,156144
778f9086879e380e05c52811f69d79d4a04a226b5b725ad1d19eb5016c357736.apk,48590,95945,4106,8902,44484,87043
8b9771cf69f8ed85e251cc4b75974b35ba68b6cf81427beb7cfacb66cce7d401.apk,26785,44830,1975,3884,24810,40946
80bfa5b97db9adad0fa8029fc9cf59f5610b9c5fce8eebfc88d1a41f0b45c80e.apk,48467,98447,6534,15316,41933,83131
7b86dd2ea1402d153f151d46acaa184c152074e7349201d0e58e9658be065f3f.apk,57694,114111,3237,7123,54457,106988
6bfcedb9de9e1835f2d4472ec4e7e00db9196973a706db8e6d16d1d8aefc6056.apk,25759,51605,1511,2823,24248,48782
94ed5baf390641d1b5a3b8f9b79443e393702e085a7cd68446a99e8ec21fd953.apk,52980,108574,5843,13527,47137,95047
766eef274aeeb14fbb1fb8df9a0a0dc0bb1ebb06dc84393c37999de36be984b4.apk,28063,49263,2742,6151,25321,43112
71b4a4df4976f9c09767598282c3eba51515229285cda6d02bcd6325178a0e8f.apk,14556,21302,1308,2388,13248,18914
91587fafdbb9090d0b138c1f58ba6b709a0a12ea8006402dfc75913515f51caf.apk,37854,85859,7625,19739,30229,66120
81ea6607eb3da7073cb07574eb868850e4418f096f79c02bc3a368361095635d.apk,23054,36889,371,522,22683,36367
8b00f56850589e363b1b3d067ab69ca0ce044ee7a5824277e565d2fa7ba5a089.apk,44458,90510,6471,16909,37987,73601
74fe8a5ff74f98000bff77fdf3f9a1657383da8ebc23289558f02ba1c14fe1bc.apk,43150,103658,6362,18591,36788,85067
67963243176dd77d0b0542d7e0197cf2189a86afd4f9f2fd1746c55e7d216c46.apk,61078,141274,12286,34731,48792,106543
8d1cb0b561888a3a4f26f378eca384359f173a27d4d3b2cbb44a51bef290fe17.apk,46450,100615,8975,24885,37475,75730
7f7cf2b9d99e2489d1c7f3c4b1e4f0fa892b078ddb60031645ae8a3b3257fd79.apk,4060,6527,542,816,3518,5711
9045a5899a3567e34f6f98aeca3c086dcab2591f73008d8b0244f0604e8ed796.apk,48424,93693,3238,6958,45186,86735
7e3cf78d79fdd213728a57bda9f1a876287a98b9dda4170ffbd1273b1845097d.apk,48159,95765,7479,18017,40680,77748
8251f806e209bdfef97211a8ad3e7e8d518d465c052ef35e2a708a003c92b9cf.apk,53433,117902,9215,24352,44218,93550
7e8b5b75c155e4253ebfd64aa6722f2afc204484bf7db922c6b38aa512ea718a.apk,36167,65850,1145,2157,35022,63693
757b7e1e648692f65619499bd6d2140010ffcb33e615773d8ed8d0debbc0cdbe.apk,25420,52999,2137,4587,23283,48412
811c25b28ad7397b52d3fb0ebbffe90aca0a1b84aa522acd31878c9d975840fd.apk,67602,131429,7230,17417,60372,114012
92ec34717182ce59dfd809fc400b2321003a4fef316b92c735365157348ec35c.apk,24279,55117,5059,14888,19220,40229
7662d09daab41b415cc37d647ac5114474b5b2a14347512dd352e75c71e70e30.apk,77036,155692,7423,17466,69613,138226
887afb6116ff1382b5d6776180bf87743f841c5f71946f80ebd3812a0d783980.apk,48238,96474,6520,16190,41718,80284
8bd98d88e542d071b33a420d9700ba7cc436ecf6fbc1c6f316f3e9249359a671.apk,50703,108028,8227,21655,42476,86373
8c797c81805ff2e9fb3a5a7f1e227aeea5988fd153d0aada639e08ee1942e302.apk,18438,44881,5387,16991,13051,27890
92abcf3e35b99201267e8fcfac7e7af340564eb6436fad5bf511099c003e46f3.apk,1453,2827,686,1272,767,1555
93f460d8b2cc431c9f25f9edb2f0f76e36fffaad8261c401a3732cff25c81081.apk,56053,117192,5251,12203,50802,104989
6975254a304369316b804db5d722524953ea034f62d4eff90072c4e3bad7fb49.apk,11042,19403,2004,4338,9038,15065
6ea8a2ba1a38d646ff21946c8af1fcec937c23c05958da15a559bac9726a5997.apk,77472,169299,10989,28764,66483,140535
76055f3ee0630b48c1fb7cdfa8f65e45154d3c3a463692e261a94161d83c8f83.apk,8197,17837,3047,7522,5150,10315
8ba671f91d1dc9c17dc9d75d896ac15799297a2a60b290030c4df49eb9c3dc29.apk,31287,74844,4430,11688,26857,63156
74b305ae36f3c9cea63ab689e2dbd7fb3d2a4ef66f343350baff6632a8bcc3c5.apk,52580,113089,8275,20980,44305,92109
855b7fb01e1818bdbfdd5803a6b7704a1fc6d4bb3827a936920f01a2ffcad64d.apk,56084,102027,4034,9223,52050,92804
83c4e1cf7c99da8a3c4cf8201cc3e4d4ae045a2f3e5a54573921a14b74493544.apk,38697,80520,2118,4144,36579,76376
987bf44a6f2e6f9c0b6caf4ba596239bb7e1f463650e2efc8764b91ea40bce3a.apk,40031,77799,5648,13129,34383,64670
8119e1059360133bb14ec4d97d81eec731643e8f0f6c92a0023937bc674b1b15.apk,55316,108251,2532,5131,52784,103120
7b83c2d06e5f5bd88739720efb1f280741b383bd164ac1ed4ea5f644e113113b.apk,3832,5910,587,877,3245,5033
948c9102bc979395c3dcc7f2265410f369f7baeb501e9bbea44a2e12e90c1733.apk,24794,43913,1207,2284,23587,41629
77f5af76982015c6ff8782e2b96055c1172aef9d2f251035c44d795c12756007.apk,15912,30828,2127,4474,13785,26354
8890ea65b92f42126dc2fba871cafbe321e6cc32ec2e3dbb1f45698efe94e8aa.apk,56367,113367,7401,17627,48966,95740
8f6ebc0afbd0df0b0f50a0d2bd57c02848cf6ab974357ef293121bf5c4ab3fe0.apk,56504,118864,13086,29635,43418,89229
928b5575261ae56477fc2f308afba384bd27f21f634cf2cf6a0a27b475b1d885.apk,52157,98181,3482,7958,48675,90223
963cc4673413ea0ce7b13639be83ef21d7d328725362e5442b6d167e0966e425.apk,75141,172946,10136,28473,65005,144473
8d1b51154f015fa525e3738224a08cf3274e26fa8e619bcfda2ba980e9ec7da4.apk,98387,215013,8780,26535,89607,188478
8d647ab030ccf2b1c95f0b6261f56d9c58587a163a3c80d0c0c5803c3344ba33.apk,48298,89183,2047,4118,46251,85065
82264bdb55debae8515f0a61ce78b505ec876808254cb4ae01c35e20a2a2fe15.apk,103111,227481,13793,39298,89318,188183
8c8ce751ed902e59753b6474f3bccd0b6e3f90b14c2f0f993213eb6cf0d1b2dc.apk,49841,106958,6088,15127,43753,91831
7e3fe07c91f5606e96b88c0eb4a942f587ae9d474562f5f677e768cdffba4f9f.apk,67688,136197,8144,19702,59544,116495
91ca6acedc015b215bffb62811399aec67b4666312fd6c039118fb18076b38a2.apk,38839,68528,3193,7119,35646,61409
6b49d72eafea8b46644b82670fc4abe5fd17250232ac889404cb4216872c4a36.apk,53348,108072,7776,18738,45572,89334
682d4829a4cfbaccd8383cf5cceb2e2b987e746e5c4b64b36aa192d494f25cdf.apk,47095,99665,8430,19899,38665,79766
7c8fd859cfd91ee82c955432b3244d13b2007c923e65ef630eea4c51ce57f77d.apk,63607,144581,13649,38599,49958,105982
7635b83f2342b7fc431bcfd6314a34385782e84693cdc4d7acce4d46e6923baa.apk,1698,2788,565,923,1133,1865
77f1ac77376cb12032d8c0c78752c42dcca7610a1875dfb2d2cc950a8aa7c440.apk,27440,47297,2029,3970,25411,43327
776cdf196767491954bd60658fd484644d5df06d04111f6d92a92cf27b8c1bea.apk,40195,72573,2250,4535,37945,68038
790786da2e30a20bc2f76c17bcd45979150d2bcb7327e80f420f596b185fdf00.apk,26822,46292,2645,5421,24177,40871
710c74b43ab2e06e1626dc7451de0c4edb68a693e4d5877d9b73443926085578.apk,13954,19262,244,364,13710,18898
693dc57c1a618f0b714e22d5861aa5d2dfabec45b076e6c5ec25365f1d68b389.apk,68819,147239,13008,33934,55811,113305
876404a945d85e1f6c72e3ed3bf660adf988d562d165c7fb0cefcd5410c2a781.apk,30871,58278,4123,8741,26748,49537
7d742ba848410c4c6d686d5af556e4b3f940cf28c460bd4a06ebc98753bfbd51.apk,73280,171790,11672,31316,61608,140474
97fc02ad158bfff006465028ce603d134451e05a90244e1937aea9cb3fe1ddce.apk,14459,24596,151,186,14308,24410
83f6ac9654bae67c11d38c51636d243decba73aeaba897c33f4f4bb906c6c811.apk,20980,41416,3073,6586,17907,34830
7cb27a2cf2243e3fa339609e143bbe22baf378e2b421ef0e5268b3d1f404a2de.apk,44519,86211,2153,4582,42366,81629
8ddaf02804a4a54f83b4d2ed727797e47a7bdcf0a40cb6486655ef1f22f08787.apk,49524,92416,2288,4467,47236,87949
6a148623a432abb711803648e6b679121d99d7d57565e56d2e99f1b24320f1cd.apk,24601,52393,2311,5148,22290,47245
94135f572c572c4c19f282a7fb6830f1826d196cda626f629ad5cf21c69f448c.apk,30345,67996,5855,17150,24490,50846
7909a60c2c74e9517f7aa17772079760978c1f7f34794d4a5a3189e669edbc5f.apk,54797,114913,6416,16402,48381,98511
6b99785a30b4164629d644e934d35e0abd9770ddd425789434ace6c454e35aa0.apk,45762,96606,7391,21194,38371,75412
88d0c604e538001b50946a56e0cbfde635517530699e1d04e7ab236e91c5563d.apk,40125,90517,7063,18818,33062,71699
68a540dc676fe02390928c8fae6d69f74f248c21d9c20263558652f01d3e89ae.apk,20238,40813,2879,6001,17359,34812
8255226030e867c4c347cc9326fc8274f5cb6e4f212a44e53ff67c37b9dc7524.apk,31104,72059,6137,16075,24967,55984
9583749ef02de0da022864d13ded78ed62e7ac1bff3881ec2c18d4eb4a5dd332.apk,45772,87311,2792,7228,42980,80083
7a71f9ee423a5b5326aa0f81b3313e7f4ce7605acb50b351bbd167f7a46994ea.apk,24108,45096,1634,3251,22474,41845
8ce5316a5ddbf984f052ad92ce8b5bc2c8b9f772c719c2c5c1cdcbc7610b1555.apk,34725,65009,4392,10541,30333,54468
88746710544eca80b1a1712413b391822eb7dbc2a05c8c8bb55eeb3f483c954b.apk,20206,40766,2738,5733,17468,35033
83d9b739df8eacdfc8a2170771bac6604c6173a0f42da3403e24fe4bc97bc48b.apk,76906,164697,17779,46250,59127,118447
96e8792e88b52e5cc84467a2f178090aa6f673151a8e9cfede4334403dd9ef1b.apk,70769,150998,4237,10075,66532,140923
7c0d306d19e26d94015b1dc04902d4cd7f7f232b43c3b4b367e47f1638467b10.apk,81055,175490,9966,29785,71089,145705
898a9661326c85402cb59402e87446094f1b8f2ae43fe3e0ca22b25d63477f6a.apk,61752,120127,3568,8249,58184,111878
92ca00eb6dd8f7275cf7764a861b8c3bc1055f7276d367dbf4e2c0a0a4e6c46a.apk,138402,299356,18291,47222,120111,252134
8f21926c98a83d7272ad94045316d07ebec8b6c637df10c80cc370086a0a4311.apk,26761,51902,3460,7632,23301,44270
90ecd877273fd8ac1996491e8b961912da7ebf0c886263c716d86f0834874390.apk,76662,171140,12137,34839,64525,136301
85bbe43fa80af8c1559db7dfd6be8eae5f573857b988eb5157ba0b50e1642739.apk,30891,52279,4529,9845,26362,42434
850a49501dab2f4ae5f7f33d24b91b379d20245823424605377942943c289baa.apk,38063,71791,5707,12622,32356,59169
968903d79233c695e8b021e4af02e95e8a591a3cbc73995168dd4c9e1c3e2bbe.apk,56922,106289,3491,8389,53431,97900
902de9a9c09391d1f01aa49d3c2c5c7c60e122be17268d48b1f525e82f1874a9.apk,7071,12785,564,1327,6507,11458
7e37677e0ae7226c332c7c82fe56f900dc815ef69e8d2407f4918ce01c69250b.apk,55237,116160,7321,17682,47916,98478
82b82991f4a0c49cc0d93d913a741623de5880bacef90fa9fbda43e19540fe1c.apk,34766,74892,4254,9489,30512,65403
7ef31d49b0a37984d722d95c709b708fc077320d633f06d41427aff9a741054e.apk,33950,72495,5644,12989,28306,59506
86757ef9386a73aab0b592fe557c523e3f82e8f62bff384b6e4f0cfe40b5d84f.apk,52739,99987,2445,4919,50294,95068
8812b1c2fc057e4841174f1c72e71e42a88177d92bda2073cbc8814024352392.apk,27079,52927,2346,6368,24733,46559
6f04a51d68d41645b92fc14653f7722840d9ba059e36601c2b3942b0fd6852d1.apk,2939,5809,730,1195,2209,4614
93eb9ca3ff0d22d6f1d2890580723e4460f294f30462f3384ac5686eb05f6b78.apk,73990,150923,5271,12278,68719,138645
7c8593f0b232d6d9b5c7a84de7928d3f933af6d0d5bf16732e6c6423cee8db1c.apk,27493,51843,2606,5507,24887,46336
74521bec0360688526a4cecb4093bd6f90d323b516c6fe58744a2d862fa95751.apk,29259,55176,2516,5217,26743,49959
83717c9f6cb287d10dee82b984f9e176a3e5588418541ce98157758b2bf70fa5.apk,29355,67763,5771,16554,23584,51209
80b9eee5ba3ffa3a17e0096b86b624a6b74b5b5a830ce0b6483dfebda392495b.apk,75294,151061,7696,18729,67598,132332
78c53f7747e096db1d9d02329a138a9950f830ab4722353d05e16e7b39f472ba.apk,20093,28601,2126,4929,17967,23672
7bb5a1f629244ca41a3f32eb32c8afaeb99eb7c790845d6a1321082607f089d8.apk,14817,27352,1238,2084,13579,25268
7b4bf652c242567ca8992a1ca1ce319987cee5e0bd6de44d8e24318c343f8d90.apk,98444,211283,11320,28730,87124,182553
8c2cee6a57b93201ce76e760a795e10ce3850cb1cdee19ea51c5cc9efa56d871.apk,382,658,85,114,297,544
848324edd4f8ef229afed249279e5b0da57e46a9dfc2a162e1745fbc7d1d5a15.apk,620,1159,350,645,270,514
889e955fff296718e4628e2dc05c5dc09bcd82ad8c535d0109cff2137c38a084.apk,21756,34478,563,870,21193,33608
6d3bab5fe861dfc7304824de72ae698f50b97f86fc9f181ce50f7c0846b68be0.apk,17106,36833,1505,3074,15601,33759
83862fec56257e220e0b38bfdcbcf25e7607500a7a87d768872f3cd5f129cd2f.apk,39169,81975,2234,4524,36935,77451
67d51db187a1b27b1dc132e4a8561e285d13c2ed3c2cff4a378044337bb6b8e6.apk,40863,79201,2558,5320,38305,73881
765b09406e68190309311f59770fae1e1a96f4c58a3b6e948712ff387890f540.apk,41537,81551,1985,3903,39552,77648
688ed672300280daef61614d18806454a947e57c0e36bb1e01526c6ec93705a1.apk,7801,12099,150,185,7651,11914
88633826f0a87945254e07bb493ce7164cd423f810f1d778d8d8a0e02398c2a6.apk,14606,21368,1308,2388,13298,18980
8f076ebdb4efe84ec098c2b8e97c4af1636722d9b0b4fccbfcdfb9f8306f4fa3.apk,32727,63857,2398,5165,30329,58692
7686392a4f9674cb6659b47fbada18ec991eb54022367f25e492522b585f004c.apk,64532,145590,8301,21445,56231,124145
81f8f0eeccb25ee28efc12892dad2d77834bf8237257e8c92f3fef824b8639f0.apk,50567,111220,4844,12094,45723,99126
897544c2d0d7561b6c17db0521f92dbfb69b34c7834f36d55dc3abdc1e4fca57.apk,28246,50397,1044,1815,27202,48582
72e34bea40f62c11e780e4111893eb224581c43145bc837f307d558a7a8473a4.apk,15505,30646,1035,1728,14470,28918
6a88a7b54c4df9e3a3ddaa023ddfd65986a607f9316aadf80d4ac04499d1d970.apk,44203,86874,4753,10793,39450,76081
74f64e137de1c7ec6e4d75205aeb556f94290a20786efc255c91881fbbdaef73.apk,56159,120786,7914,23477,48245,97309
7ec51fee688f4102c73545728cb28cca26ace15b7557f6dc6db38832bfeb207e.apk,64058,138222,9016,24846,55042,113376
8ca2e7096401dcc4f5fa6393e6d6537d76e82807584b6878a77e8402b7cfd326.apk,51797,104293,4817,11159,46980,93134
8a150f139a309c91385f46f4b04d5b2bdc236a5eec15955142e5b9f2daaa1560.apk,47165,92587,6581,16387,40584,76200
8d2ceca9c6de0d157f9498bad79426c24b5ae943d33dbacc32a33a1a6ddb7d58.apk,27210,43617,437,616,26773,43001
96c2332139f07496de0e0f14ca0068b52aed6e72639cf96088a0a50dc6e15ddb.apk,56314,108679,3647,7867,52667,100812
74782d0b6610f326ea2ffa6733ec808d5c9a2264f70d12e4c6c257d807ca59c7.apk,53533,103954,5316,12373,48217,91581
7648fa6ff9719c278b35df2f21ab372c4f15ed9faa2863e66a240276ba69d447.apk,43256,95770,4726,11706,38530,84064
7ef2879364acff91510ddbdbe4e61dac1efffdeb0fcbe71e5ac59781c20129a3.apk,27185,59938,7121,18988,20064,40950
7ecea3f804ffecbf3cb91c84105e60deef5248cefe66b04022fe13ba81049741.apk,77796,148982,4956,11718,72840,137264
9959c7789af97505a78bc60a81c26838d36f4dae831d899fdb8d768d080b01b2.apk,48332,96220,2012,4574,46320,91646
7a06aba996b936f734ef289311963cbe821d1f833a1f8c4e3fc2589a8bfce99c.apk,46055,94325,6387,17069,39668,77256
8e6481c71a340cfe84ba98f55d0ab713356ebf295e59034869757fd34a612fe2.apk,27256,58312,4542,10324,22714,47988
7cd4ae1d7a195e04fd44d667752ac123708204f7e14c602591ac95c078f2a4ef.apk,43592,84115,3306,6781,40286,77334
83ca75046a7a8628d0b2c4bae62d353130a2b56af433765de839345b9a883fae.apk,25607,60648,6986,20041,18621,40607
8552859f140dcfea9a7bd33c8e69635955c1ba089eed59939e367d0845fd2258.apk,63316,142566,10514,33965,52802,108601
92384e57d07cccafe55c43383337f0100d481a07011461644b6fbc3a969032e9.apk,60005,117659,7162,16664,52843,100995
7c96ba05659a5f2b8947187996a4ad48221ff6fa973e32b927a948028805fbd1.apk,55049,116674,8409,23518,46640,93156
95dcd4f270a2036698380488aeac5f2c54ab2f0053c30e99a6f840e4ef803d37.apk,52934,125498,9226,26595,43708,98903
915bd2a62e64026bcc2e5c73829f26f3fb1f6ba5c9eb25290ddc591dd63079b9.apk,46942,100889,11868,28381,35074,72508
9449533f291fded1f5814f3f31bd5e9cc624a820c82f6d68b6e05306a5044663.apk,34205,65021,3555,7792,30650,57229
82e0f3f225aefb99189afbf4119cf976e60d21b1569579621cb7aad77ebc1519.apk,60854,120219,3656,7891,57198,112328
97a9af94fe3521a29af9459f3ab81f8c5d31394194d77bc49be3fab87c57a455.apk,38280,73003,2100,4468,36180,68535
93f9a71de821f8e512754d468fcff0a48a4948b48193ca48a3457b4f45658d05.apk,97056,259920,34187,120981,62869,138939
79bc090deb1da1c933489ef230058b8c04882a7b6911b73c9310dfc551f5e704.apk,43699,91671,9937,25993,33762,65678
74f9d879cddc177e08a9502438edbf10d13738e016e2fb78b53e732cd895582e.apk,29990,53800,2831,6052,27159,47748
6cdd36709b56410968cff04512aa20c788ada3bf0346366eb5c220bddf940c83.apk,85788,195703,18456,45905,67332,149798
9455a8cf31bae1fee8898a51325545f0933fc078236ac966feec88a959066489.apk,28348,57547,4170,9336,24178,48211
84e4c86412b96d955cf6ae6fb4f96e338294b407a0b0dffc44e7407dc16c48ec.apk,620,1159,350,645,270,514
8c73bed527db832ac9b3e13ddeee61c0a693da693d6c32ffa05917aa668e2f79.apk,35777,67001,524,755,35253,66246
6bdc0ce90900af0fd7767f3309f420ae048e6a3795aa26f38bbb30878a24e250.apk,61985,138488,12631,37738,49354,100750
993fddd87839e81f81c8884846050b35bb8b8166a030d3cb0c9a16b3bcd87749.apk,29233,58481,3513,8561,25720,49920
6fc1907edbb5c3ce2c05930c1d4b4fc98de835d0ed89d12982c654f13f268dc7.apk,25030,49539,980,1598,24050,47941
6d2d819d29f7f88d231be4a169cd45842e5561e22d6f46573cce1db9b0eea182.apk,14817,27352,1238,2084,13579,25268
7916a4ea0f03618cd906a820ba78f57ba927f76234c711775f208a14271785b7.apk,42773,86518,4914,10574,37859,75944
7ce60a541c7d73c30181e4840b58dc348d2aa6baddcdba0e124e91dd1ed2f1f4.apk,60396,117265,3888,8409,56508,108856
7e3073a764293f7d8f5241c84191879ebbbdd442b4a621a10a0c88314f284c1b.apk,60977,130024,9537,24305,51440,105719
681cde699947cad2bdc6b450ea38dcbafa228b35e621c849d4439080ec8b48ff.apk,50376,106798,5292,14749,45084,92049
6d8792e60b0b5a372db38dcc9d79313e68c15633ea7d7b5c10de9c5c30fa96e1.apk,75615,152633,5829,14873,69786,137760
75ffd080640d53cccb18a28bfdde83b5e81c0f2976942269e3168fb2d9556e5c.apk,31685,70956,6837,17683,24848,53273
6aae8783d08514080c0aa2b763c76c5fc7b51fd7ce451eb0d8caaee8c83f870d.apk,46687,96854,6305,15602,40382,81252
81768c7027a45b54250c7fb9c5fc2838216708503f72490bd78c3210e640c410.apk,32223,61013,3189,7196,29034,53817
88ecc1c6db27bbc3b207884c23fd1dfaf4398bf2c96f603f96e342341187723e.apk,75480,158334,8357,20335,67123,137999
6bd96872e79586b95eab13b3788a2b509cb9feb3735f56fef95a6f9289c4c74d.apk,16163,31052,2658,6063,13505,24989
7b9282162ac39f4f55c43164a3a906c409bab601364d255f3255a3e540c5cba2.apk,33532,80919,7405,20052,26127,60867
8a051a45b2866a27fdb9e7a5a117afdac82195c3070c68e688c6b2019d3c6ef2.apk,57309,114289,7097,17543,50212,96746
88a9c730d0b45d7c677e8fb9e83154c8b3865b73e1a8db31355ad09e29c6d329.apk,60541,125509,9768,24048,50773,101461
9564c7b1ba097df73b02b270f7f7cf2950653ea3f86e649f4ce89f87fa18a21b.apk,18861,30566,476,887,18385,29679
6f9c3a92365af9e6113be105af04a8c8500faa29ba90c3c4535a3eebc410b173.apk,54436,115962,9179,21826,45257,94136
847179707b9386debfa717127f6ea044ec516ecf9548716f58c2cc3d574d50bb.apk,21914,38125,2020,3831,19894,34294
9444a07a3a962fa50c7d4d8b4881cc84b7d7206751c8e52941c5412258c8e6b7.apk,17380,36158,1469,3147,15911,33011
74ba3e8f644e8ce869b0d02ba91e5706974e87518b01ad559cd1c1e8e03cb0b4.apk,22088,50400,4311,11606,17777,38794
7946464050960c29864dd470f7fcfbd58bf7d31cf56674dda7f20a50946e35a1.apk,78673,177618,15692,45910,62981,131708
7a7d03e42204e721c8cee773f8771cf3dc5bf9b7db98526c5f62bdbeafbdfed2.apk,58788,136617,10381,25428,48407,111189
9270c79dff61227cb3b3f2aa1e102297fc578ab3d606a2e89bfcaae9a2178818.apk,63102,135530,8817,23167,54285,112363
7e8b486473ded5ae7ae9c4810b05b229d80f13c82ec28270956ecf6e91daeeed.apk,10289,21892,103,134,10186,21758
787262530942dddfbb6b5c0c2fd4a605600786142be990786580c64b908cd2a5.apk,60313,124496,6709,17016,53604,107480
68653b1fd1045b0e23db85c0a34279b117666793ae0e88ef1ad868b498a9d973.apk,64637,133643,7115,20128,57522,113515
72cbd2edd0036e6a889731a5f10aff09ff5d28bce5b1504b5996cd02c53fc29c.apk,58109,111403,3390,6951,54719,104452
6e839550f242912204bd4b3d270f7ca079e821ba9eb2372c4e253744303d6b9d.apk,52211,104589,7020,18474,45191,86115
75fab6133db3f2efee247f923644f4a6fa8d9a1f151bb6a87ae14946b5fd69e1.apk,48659,99593,5480,12710,43179,86883
90026a84c92537e6acb3184d1e81f57c8e923f331fe294447c2a572d543300e4.apk,69054,139405,8506,20468,60548,118937
8a5f49e404b78a57564e02117f95baee71c74939b38829231f50a0c110188bfb.apk,47185,86639,3683,8040,43502,78599
88281e3c19f6167c056dbe2fe091d9c74d69d877a4dbf8ca18316c0b5249ccf6.apk,40891,81388,6893,17350,33998,64038
822a92d341a3412cbf0271416884fd8633ab7ffcc4f5b6844bd413591f01630b.apk,57901,116180,7258,18110,50643,98070
7c21f6a119061807463689449fb55e218c2ddbb374e0d44829b3bb14d96eb203.apk,64356,150169,8466,24672,55890,125497
94054b55462fd32a9bb37d08da912ed3a1282fac20cb8af6aafcd6d15d764c25.apk,3424,6868,1290,2762,2134,4106
846fcf18b9e8dae5cb7cf28d6a46a6b574f6a6aaa1966d045d420e988c345d4e.apk,28017,57166,3872,8220,24145,48946
77c2bff5b217db5692e8dcb9de041eb058be52eee6f1c44f6ff6c0345338cc28.apk,57861,116169,9954,26704,47907,89465
70f9b0bfe2e01931a90eb5cfad13bcc0f71ade7a17e83f1eb7eec4dd74304d67.apk,14744,22055,517,807,14227,21248
96083e5b9a58be4e3b21ddb802400b8190f57a8f700453824d189e369e01c536.apk,51328,115056,7997,19860,43331,95196
6c6edfd3c661e10b5676baefce1af4404b8900753ee4725d1457a291890fe671.apk,60664,120284,4872,10956,55792,109328
73d35d9647c3ca6219b7e44bb1c37555f426c605521931cc6c87f7c98ef2e8c0.apk,59446,119148,7210,18009,52236,101139
8dc87ff8b9c073703de383caf2131cf293146b88227fc751498486f92f50fac0.apk,59440,121214,13623,33087,45817,88127
7a9fd327cffc808808fc32fb8a70015441f47fdb74df83efb30c2ddd93d036f4.apk,42694,81063,2459,5332,40235,75731
8a1108c745bb6fe451babfbee2d2da4cc5322b63bd522a99688b7f36924e8677.apk,17682,36706,2118,4382,15564,32324
820823072e8daaa804d9dc0a42275bb11a48ec06ad6502f4543a2291b2872c76.apk,82365,171835,10340,27233,72025,144602
7e8f2450cc8b9f5fcdbd795fd1770b8c53e53d9c6ddb1e4813c14c812006a7e9.apk,64070,129412,5410,13172,58660,116240
715628ec33242d64e8b40bd7e809a69cfbdefa3b24d9126b50cb209eb4cdc17a.apk,7121,15505,2005,5344,5116,10161
75bd8215c04d70f4fa1e95c3a03f6decf50179b27bb8d70f016eac51938db2fe.apk,18692,38685,2330,5449,16362,33236
712f3b2896bf24cea4e037e709d7ce01ce694ffc48bc9ffa62b77c1362bc4b56.apk,32824,61749,4247,9999,28577,51750
93e9ec33cb4d4870712c0a9faffa2e9bdd6796263b2968016b0b3937cc25fe47.apk,71426,162982,12751,37805,58675,125177
8a9e1ae11bec696ade877bbee1ca1a0bb2d4db978aee676c6dcb3c999a45b0c7.apk,60888,119371,3892,8319,56996,111052
76f011e01cc3604fb446e0b7867a8732c36d5e668a54852e5bcdcfb6cbbe1428.apk,82515,168951,7007,17022,75508,151929
6f99b1c789130439405a5c9900d5ac90a4c3842205a09c1b5ac1b8171357586b.apk,60186,118002,4579,11158,55607,106844
789ff6ef7be81cb3af21f48474bf4f013ac7073c3337326dc0f20b4387eeb58e.apk,48081,99747,6138,15491,41943,84256
8bf09cbdf135fbcccbbdfe94db272cc4be4c06024aa31b44a37d8d8537702a8b.apk,84816,154444,3175,7184,81641,147260
7d709a0ef7552c651080f0849fbff05b069aa112e900355b66910cdb7c9e6ddd.apk,44616,106208,12170,36416,32446,69792
8635c61d4b07283d78508ea0bfee7b167a680be479e2fcf8395e93c546f6a837.apk,47247,96815,8479,24301,38768,72514
89c366de96b09fe9b53b37a835d257c6b2821b99492581fffe9eaa2b92c9f366.apk,51344,106349,6792,16921,44552,89428
97a17073583d40be980b60bd236c968c954af0e6e4ad6b48c44f100c4d89ffe3.apk,25189,46064,2655,6011,22534,40053
74cb28d37cb39a049afa4a10ffd4b0fec35f59d33f9f05d313f62854c149d1bf.apk,60640,128197,5938,13380,54702,114817
8cc810f93c1eb51b869ee29eee57d592fe9220f808243cffe3fd0fb05fbb4307.apk,63321,123860,3720,8467,59601,115393
871383e3a87b9f58d1430841152d9063a7c51c8ba7a2c9358f518e8b4bb4240a.apk,38507,57336,1128,2538,37379,54798
9949cae568b3b41a03d2738c5c5a606030809a069b37762729e99e1f64de221a.apk,62344,123618,4978,11282,57366,112336
72add78f9b18502ed7378e090cd39419ecb908179b077051429ab92e2851b39a.apk,97288,208044,10573,26599,86715,181445
8bfa0f7b83a484a6ff3be0d6484e73f59e87f14bf23f24463a1876b4caa96d52.apk,60437,139344,11292,33142,49145,106202
7fd0acb3b5b1b8a7be950fcc3329b8cf93d9025f182152f1b0fe1a7d826152d2.apk,91945,195199,5249,11896,86696,183303
951e73d56104d5ee126391c1d20c4207ef65f69ba8a2dee25864cd0a85b21b50.apk,26136,56689,3511,8075,22625,48614
9376019f0662ff6f04e0d802ced2af2f5404843164e0f95b99c505806ceb840d.apk,65500,120946,2813,6366,62687,114580
954c45fa38102c3527acfd0561898a188eac5e7771c0a1f83d338d92a587a5d7.apk,50606,116452,8928,24761,41678,91691
898603cd586d11cb5e4c07e57d5821ec15963e3b5c86de9076846b88a8e9bf1c.apk,57533,122664,7154,21166,50379,101498
9665d2f804dccd853ff69f91dc267f78dfa5aeef23290ebb45f68fe76832b795.apk,29887,59891,1220,2120,28667,57771
879c37721ff2ed2232a36ab48c5784e160553ad5888f982f2ca6925b8be9f497.apk,73153,139236,4632,10740,68521,128496
6ed75a099ada9b7daa7e45561c7f1613c1341279526f8cc112bf5ddc7a7ea47e.apk,55775,121107,8483,22489,47292,98618
886f2923e6e4c7b16ce289d77bb167a17a9e2a5ba8a8ec9e5d840ffa6fb5f3dd.apk,16227,28581,681,1053,15546,27528
91a89d58869809924706eec98b5c561758f8459d5971baaf640455282cea3455.apk,14745,27171,1238,2084,13507,25087
8eb02df0c5d973620a1ddd8eb92146bb31ee86496044584a00acd1a475d018c2.apk,32124,73642,3462,9054,28662,64588
9686237a3a4e03939dd84d27b44a30bf6a56296e5469c7ac1c9793797ae0e7e7.apk,54840,107238,4909,10917,49931,96321
8a3501f0f96e67d8471c6575e366fd526a0fda84463e5982b479efb104f98c5d.apk,57623,119039,5838,14547,51785,104492
79cf096820c7cb38af01c6486753aaca962273080f3a4c50e8f3bc735549caf5.apk,29567,52801,2595,5346,26972,47455
93661cf791608043faf3fec0c38713df40d3c7250512efeb320db84822e70f5b.apk,60314,114430,4244,10279,56070,104151
6a1337e77dd962339dbd1b42ff7ed2491ae4648a77e616e2700464e7b3981c6b.apk,56293,122410,5385,13577,50908,108833
8835500320aa6eadad48e8688faa097e88b37d705c710a07280cd72892409692.apk,56737,114854,10310,25689,46427,89165
83e86bed5c2cc8e454ccc1574b42e7e9a3581bd279f9eeb2761331ee864be5b3.apk,22683,44969,2509,5086,20174,39883
94b22c4499c6913d287deb932e1b63c5dbb223412287d79a30d6d3ac5454bb48.apk,44419,88216,2223,4809,42196,83407
7cb20f952d3f7edaa4e893cc437750af430b0dc2cc5379fd21c5be99c52c467c.apk,13158,19731,916,2033,12242,17698
8cc8e2d44f5f2a8d7803bbae7ab6015fad1a50374f08911581257e7bbfee64af.apk,73127,143587,7146,16978,65981,126609
741af895db91fab10a0ff7d77ba5c7b0efe216f3163cf7d18a10f07fab9d429f.apk,11820,23280,1434,2963,10386,20317
6dc5a07ffb57fc7437aea6bc7ecb0932d3ae94ba2ccb32d61e7348d283b50f19.apk,99017,215907,18285,53409,80732,162498
88d3b9636204a6491545bba4b3a3bd4e9ddf4e4e2060fa1ea003ffb6c48a2f6c.apk,73319,143137,6797,17516,66522,125621
8555bba467c0b70aa67c21659c950abc0d683f8f7d71b700251ded1eb95c7efa.apk,16043,39239,2307,5345,13736,33894
7eb142c34f580cf7661831ba281472c635cbac51e35fe72a4b09824a977b17b1.apk,43173,86495,6747,17326,36426,69169
7a11719b14093b08518ed4c40a1c3b0bf2f92dbb04861d89e0c715f058dcee6a.apk,42825,83281,2290,4964,40535,78317
71077b861f9b7ba2af8b9d3353c9605b2bd8f5c7f41786c451e813eb56b2e685.apk,58912,120649,10218,22494,48694,98155
712c0537ed24684f4ef4064435c8996a95fd110dea4af517e7c819eb899b20a5.apk,35065,68766,4620,11576,30445,57190
96d36c7c1fffe609265e5d556b11334ae2dbfa43f09d178c5dcee331c45afe44.apk,98113,204580,9155,23665,88958,180915
786a66b64a946e9a1e88fdda428d0b82da923e10eb078a047c072fa3327c4199.apk,43506,85914,4978,10698,38528,75216
77b5ef9b0261306864c76f0b4a008e6bebdd10835c00977d36f9489e4060210f.apk,35999,72133,1551,4443,34448,67690
7f555284d28465f655f198b3bec64a0b19d1c29831e33d47b90bf3ead9498945.apk,22554,60873,8265,24249,14289,36624
7cf6e24649b820404641a32554118f500a68ee2eb7cb6e5aef84ce86176a7901.apk,28812,58106,3741,8045,25071,50061
9114bd540cc1039da3f372abcfc8a54a508db51c08820770a8f10d951a2b91db.apk,4411,10051,739,2390,3672,7661
79a7d2f7d241197a791683e39ac3e19631101117b6a9bd84aec50f13df8a513b.apk,51527,100191,4533,10257,46994,89934
7a5567cd80c69a06ae677083146a77b0250b8276919585f6b257923e731f0263.apk,51953,108655,4925,12041,47028,96614
87409c8e8eae71f68b7016829e446a02499ddfe423b124ba6dbc8f290328a3ca.apk,57846,126468,7482,16850,50364,109618
890ed8a1f1fc3407e20ec5e30ae0a8bf97437b07fb59e13dedeadeeab165855a.apk,19564,38777,1733,3269,17831,35508
8543064d3bb10c45e5a939f44948168ffb26cd5bb2b578eab58fed0348590a33.apk,51875,107425,7829,18894,44046,88531
952e43078d2621538919723ac557f27423410f25ac36ceeb5ada3eb88756eca9.apk,54215,111558,4553,10229,49662,101329
916bbf322842d94094ae4783755c835a51f26fac1cc81d4cdeec6359a62272b8.apk,56161,124168,6571,19137,49590,105031
826f0d671072c264f005157e1f45d15a2676712c5b00515e0f851d5c9e722280.apk,51131,105153,6834,18201,44297,86952
783e3e989f96079e11827c9916994b13e5b7b424e34b244bca8f10921768ac7f.apk,49930,105388,7472,18629,42458,86759
7c8535056d6abb815ee721b77ce304eb503e5041c56880670fec717892b2b666.apk,41389,82658,6099,15728,35290,66930
98ec124abcae04434afda713f926de03dd1216d2c4bd6b9e7b4a0ff98acc84cd.apk,63923,141832,13458,36196,50465,105636
69d6066d4094f849220a3f47d528ae5913a254414bcdee9a8e52ee5de2adfc52.apk,131974,300905,18590,49539,113384,251366
7bf84632aba57f5cb1349da93a645e73eb89b4d8bcf277be93c9bfa57556c9ef.apk,37342,83272,7369,18496,29973,64776
8aee6faf1acd5fb6664c7477048b7a2afda79492360906285f17a347294c5194.apk,54327,120123,2892,7008,51435,113115
7481f7fe0ac5e118bac6533da11def4185d4e443e48eec3b791db0aba8a53639.apk,26462,45421,2100,4167,24362,41254
95d6b2934c1a8fbe0b86e838e46d0a7e1302d54e30c3288fb82af8693e43ebf7.apk,72399,163471,18875,55653,53524,107818
7549ceea781a58b40f25f75fee143c1f0b1afb27334b59d440bc46436b3c8e63.apk,1893,3898,354,787,1539,3111
8c5b69e6d4a9af67279ad3e3681f2f68bdd44f4c31d57f63375c58d53f8656f0.apk,22857,43681,3656,8573,19201,35108
90d4f2816a7f90bc9b56ef51fe770d024d16fc584117200fd2362172e60e4234.apk,44168,86778,4979,11280,39189,75498
77ef99cf2f240b60a1a026efbc8506ea56c2049424eafbc86dede90d070e8b6a.apk,23001,46547,2504,5613,20497,40934
67f90dca3d776f98db8dc6c714e978d3e66c8c54693f95ac6625b1ed6ec9e55a.apk,65030,135069,7215,18318,57815,116751
94c92118a9dc43de1563d2a02fff2616bc15fa4b36454566f9f1324df28a5ad2.apk,54623,104409,2580,5612,52043,98797
7da59fde07342fb96b70e09f84fcdd340051bd9d1df2a3df32447b0096816c8d.apk,39619,84012,6808,19607,32811,64405
8cab45a36f85d8696a8c311ebb71a6fa48db7a8eda4278c2809ce61d7546476c.apk,15274,28636,1291,2203,13983,26433
93957f8fb385c5665cd1a584278408917edaf692a16199f064f8211ec50b4602.apk,16854,38063,4936,12786,11918,25277
8900bfa8935f85c3324e5e02f52ad39f91b91099076838e83663f5081de7be74.apk,1035,2030,229,365,806,1665
7280e9eed39e93809333115b8cce40191e26816fc7bf018ffbb7fa938cc9edfc.apk,46631,101247,5501,13496,41130,87751
7f21422e336e9ac02cb312a4eaa232b69b07e2e724a4f4214623ebf0579de137.apk,5611,12114,2065,5055,3546,7059
95d49fbb148bc0bc48e263d85915cc56d44add9ddb97bc90484d5688318804a3.apk,1208,1622,419,619,789,1003
8bdb71be9bfa67a8ef1855b3d508ac07d01309a9db17c9563a6a8e47be016d8c.apk,31519,56653,2464,4872,29055,51781
7005ef416c3fc18802d454a8e70d43432642def159d2e44d0905e2a79ded4ddf.apk,64709,145109,9431,22975,55278,122134
98c5167fe9996fc88d2b6972bb8cc78dfa45fa46bd90607748d0fc98c74e989c.apk,17814,31927,1057,1910,16757,30017
8ce6ed34a4669c5b76ebbc769206d0caefd4fdf3a4aca2d12f0b106c3683d78c.apk,28874,64142,2801,7077,26073,57065
6ed88d16792687fb1b9236725bcc2bb5a0ce8db46713b6942376f320dd170d8f.apk,8090,14947,2184,4607,5906,10340
8272b93a96abe9c8cf46f2520234fe0eeb3b73e9f12259f62ab5edb477a028ba.apk,87702,201024,12842,32961,74860,168063
8f69575712fdeadc0e78f4b5851c6c6330e8b0543f2dd372f171ec8fc88a263a.apk,8722,15053,1415,2976,7307,12077
7ac8358f1276c4d93e1ff13fe3ea1bdbea0fa133d3b6a96ca6c59b5382f9608d.apk,13182,30637,2456,5551,10726,25086
7a5326475f2e4d58b9ec5e106a870ccfa3f79b84a65642d9c7c834e64e822a9c.apk,17356,37094,3147,7094,14209,30000
813631b634310cf3428c2027039b6c7e3e62e01f05ecdba2f609bdce7b5df8cb.apk,64366,136002,8023,21980,56343,114022
93f70f141deb1178c36704bf047c4be5003cdfa7e0beaa2c4b8b904c2836d174.apk,15314,31661,1473,3080,13841,28581
683915a45cb3a3734cdd8fa146dcd159c3b4b5be424cf38d8a7d7aeefd675f4b.apk,38209,85708,5869,14189,32340,71519
848b575d6715597770d916ff2448cb2427afc8db207513c63ebc1a7d48f24932.apk,55933,109110,7259,16406,48674,92704
8c60b00838027deaefb5b11bc46799d137ccd65d28012c28ed69eafaff7694fa.apk,58309,119118,6933,18100,51376,101018
83b168b0f3f1327bfe910273743f543d5a39fb278b7308859a6f39a1a8aea3c5.apk,54709,108861,5798,13837,48911,95024
86d9a9d9d62c0a93a149a312eeb51fd16872c678ed785b93e484fc94d67e486d.apk,18978,37258,3034,6359,15944,30899
812ee6d30d28f51b6c3dd0f7f233bcfb7b77680b55e1f11964ea4ed04dfff6b0.apk,28439,53123,1052,1939,27387,51184
7596034313eacc0da7c714392772bc74b4f064fece0d9a7e97da5143c70301f1.apk,49154,95689,5115,11865,44039,83824
8353243210c81cc84ac8a71a5d72d0c7f77f1282dee603099be1751c99e72382.apk,36585,74834,4841,11908,31744,62926
8c378524f74bc68d27ace03fd76785615267477fa83149ef6871b85c705b2038.apk,34093,63222,2165,4315,31928,58907
7bf722abd9ddc2c6b3ac9fa6ef2ea8df32922795ef1d5064c71bedba8b30db3c.apk,36802,75458,2951,6452,33851,69006
7ea3db1c13af55b2a66c89788a346581d2ef222611a6cb1bb59568eb26c98fa3.apk,29971,71436,3729,12509,26242,58927
7c269e9cd15bacfb64833a092d3556fa117524a728269cf80edb5644a1f698e8.apk,21849,41713,2188,4527,19661,37186
8b80287b03b8fe3d2feb5525b77c4f1dee8d36d8a84d1dc1c7b59ea54c70ca38.apk,48910,100988,6853,15238,42057,85750
7644ec5048747e2bc7b321d3e52730b3f5c6c17a2e27a77b0c55152d69b81f09.apk,34703,67650,3024,7110,31679,60540
78b1a9091bf7067544c785465d969987dec2088b564783d9851e22bd9210dc80.apk,55498,110722,7407,18656,48091,92066
6c460d564be33df750c3cd11aa8a798511640dde30d057329548ee606f4880f9.apk,64337,126402,4299,9823,60038,116579
74808891a93822e9357782cff552a0034d58ba17ddea9a3d0dd681ff6447e61c.apk,11944,28604,2647,6957,9297,21647
6f46d3cf4eed9e70522ccb917ef307e2cbdd705baf48f447cc7b78158f3361a2.apk,79595,189413,10225,26342,69370,163071
751607bf839a20b79bdb20d4c91578eaf33e7999d4e9e514ae590ba42515ccf4.apk,82796,177971,8928,21325,73868,156646
91880235d00c64ef1c5a843613f8ac6412a3a4fb4bb9abb9f084e7c2da8bd87b.apk,27881,48417,2974,5738,24907,42679
7035bd964239f4e9c0016b818d54db79cd34b69a3c5b123fda1d0ef5d2f10f92.apk,60000,136138,11140,31251,48860,104887
6edd77c49efc2a6aaf7b008b0c163f30a74af6b147a422980f41544ba9e039f7.apk,44409,91525,4036,9817,40373,81708
7a586e7a6835e6a71a993db5e77e146568f1ff4b5b1be4031b93aa880ec6cd44.apk,54983,110248,5047,12771,49936,97477
8c4a564565843757403dc7c207b54f469bbe5efddd6f914f68f67fca76585373.apk,38916,75184,3359,7423,35557,67761
894925bbf62f699e821f9ce96344b74fb9b39434c6ba21be25312bc4a772135b.apk,24471,47896,2042,3822,22429,44074
7ead060d93454176951fab5e27603c22eee534daf487ab6d95f29ca1609bdc18.apk,84535,177433,5305,12924,79230,164509
8d2635244f3eb7c313545c29cb4f486d76498a8b781a6c4fccb2a5a6562ba66c.apk,61918,122634,6847,16560,55071,106074
78228711e76fec806a892b2664a83a44df70776fc797668adae2fe9571973964.apk,71183,143277,11103,27332,60080,115945
77da0cdaa9bc51f22b4289e7a2c7e05cc296fa53b67504e259f34d4feb784c55.apk,26186,43118,1626,4713,24560,38405
77d5f86bace5335c630e58bd2fd4deeb92762a9ad2d628af69e95e39b4f1978a.apk,60322,122069,3500,7525,56822,114544
891c7ce6136cd79d49ff9910a1b0b0e6479906185c8f8c709be24750ad1bad76.apk,59324,115523,4042,9057,55282,106466
77502fb9b4acd791b634b38297c98a141caac7091e5ea9f29bd0a8a0611280c5.apk,63285,125601,5870,13671,57415,111930
7d6649dd3d08f02f77a5c5d041c6177504eac1e35ebc9602df68425d9ae7b492.apk,14593,34164,2754,6395,11839,27769
98116798c95bd4df2d9659136f3cd7d00c7d9575ce95546c762ffcaa86d27411.apk,53658,112278,8530,20534,45128,91744
7c818fbfe46a9ddade6298319e03208e6ce5d6f1b685328e89e47554fc6647ef.apk,11162,21268,2632,5472,8530,15796
857da37a6a1a75b7cad2d0dfa8342d1b6e75ad04c7b3ed9c56d7debf7014c2e5.apk,35496,70307,1466,2780,34030,67527
7969aff78e516f4e39faac4e6284c0f628fb3585c5b6af0027ed8c77d7515c14.apk,65599,150037,13845,43446,51754,106591
6da9f0d9590d977591a5bdd64a08dfbd81a61e7236d4b02a3de5b4bf521df749.apk,48589,106673,8579,21735,40010,84938
9805f46caee598ff0c497b39205edcc620c375b001bfce9ba58b8e5df32ee19d.apk,41528,80888,3780,9016,37748,71872
90c2ac2425ee09df9690ea541ae0da67c1ba27567b1905b275c3983cf1c34bf3.apk,41811,92088,4935,11015,36876,81073
73cb968ecf7a31a3415dc00dec72589f9a4779bfaefd4a021c1ff615b49e1fd6.apk,56758,110021,4246,9776,52512,100245
85007766981775ef8c68663551c87e26789a5645b1318f72a71be704fd9ccf5c.apk,56142,108038,3545,7659,52597,100379
67bbc3ad832c4c56bd34684fae9b31966a59a051531490698edbe390e4b5b66f.apk,53926,107935,4638,10191,49288,97744
97fac01cd70dd47e2ee4aa876c45d3a1eaab6ca8759fa69f300a189cc362c495.apk,34493,75035,5370,13001,29123,62034
68cc3f88aa38b718c09b9b69c27c4134d3346a29c2f3f5b90994caab63d00dff.apk,53976,119884,6565,15382,47411,104502
6e7148f5a963e3a71354bb07820089fa16ecd68728d96814ea6bbf3d7b56032f.apk,47694,90285,1605,3126,46089,87159
822afcf227ca321d0f13d8fe50b76c80299a0b673c2a8ec519754337a544b71a.apk,26959,51847,1391,3087,25568,48760
995e7da35feb25bfab24cc0f143548b7f25769a4fcbff68404354968a4b7900f.apk,123223,238878,12648,32967,110575,205911
87bcd75ff76d950fbd05b3b9a5f4a041c6f0040070d13eb3cff9273198aae740.apk,21894,36744,2708,5846,19186,30898
94a6ceb6343c5ea3d2d6e2990f7beed2d4be56a972d8e89c8b14520a6362f83f.apk,47887,115975,8723,26845,39164,89130
69b220d6bf59e4e80a964eaab6c0552eeec4c4dbc0d8e57894de82af90068461.apk,10762,15644,171,255,10591,15389
80b95592157e944b48b077e222a71caebfe57169665765b630ceb9a7cf209da3.apk,18482,41191,2876,6322,15606,34869
6e40128345abeaf22d7aef15a01e58f44b6f3779df0f57c47917b72ecee177c6.apk,39098,74047,4111,9024,34987,65023
84f59fdc78b99b047659004af3e9a882674118239e7a5c79ff83cb61238df7d3.apk,50455,99340,2969,6206,47486,93134
8f8a37e91b8a453e2bfc01c815a1cf80e72b1ee670dc73edad0d6f2c02c21972.apk,47783,97375,4073,9702,43710,87673
8aff80d458a40d5a5510b27f74cf41d0f231491727726187c8ec929ef92b80dd.apk,60057,133563,12783,33168,47274,100395
6ba7eefef9d80fa565b55bc46d1ed8ebd905dc8ca1ecfb2454e33a69b007c8c8.apk,53076,111424,9288,22865,43788,88559
84698bdf2f0de63c160a687506118c80a260b3f6f0b4eed3ee65e403aaccc6a6.apk,55745,112062,7017,17636,48728,94426
78078da453f5171f54cc151f10bbfb87eec5995c3175da89718295fce22ff725.apk,61834,136806,5933,15361,55901,121445
937352d9ce3d17eb660f3ad3fed04f553296cfadf62da42ba3ed22d83e889b28.apk,11502,21681,1163,2021,10339,19660
9303394386a7f0145b3ea0707f70da5a068305e653523e0aa335b4c057563d87.apk,41629,82428,3787,8563,37842,73865
7b20c79a52f92f7e7269d7c47f0225e8af7ca0d58712612f114801c8bcf6a061.apk,49090,91640,3377,6933,45713,84707
6e33032a07438642bcbfc71286b6b30102afddec0b79bda0fc9fabda7b3a27b3.apk,77409,161443,13189,32879,64220,128564
83462b433a6b3fba668504441a2c122ad3e8df637aba7e02ac5eab95dd71efa1.apk,35959,88327,10438,30450,25521,57877
6da2c27b5134b7633fef086e5bf1962d70cc1e3761121da2c286fa564802ee4a.apk,52359,104661,3810,8558,48549,96103
6ad6339329b0fb3ee4f73071858801ac8f42559989f5102a2d6f67be87d50c99.apk,83130,189519,17250,48024,65880,141495
8187e72f4d52052c858964f6debca1989323999dc1d06c8703acc6c359c69c14.apk,40811,85044,4233,10474,36578,74570
8a65826998bc9d740946d9f23b1d0659662f38349531742903541a6b45810a87.apk,64603,139637,7255,18367,57348,121270
6885cd3193c3b4e7045b1b4da789ec799b8d4222ec8cf48b2e89150d909471f9.apk,83229,165982,8803,20054,74426,145928
72ab2a7babcc91ca8e32e6cdc029a014675e31f1d7ca16d3ebe145f32d8a4cc9.apk,14520,28519,1716,3283,12804,25236
76e4a0157470b6b1239d0471b94b58a2dbef60575348db0a22e02adcd298fe99.apk,46464,99410,4624,12454,41840,86956
85a82e7fe6589633571e29a33696ff6619bc0711fe60ca8a54ddb0dad11b4060.apk,53349,119306,10447,27415,42902,91891
8840a86bb9bb0e95ef14450efcfc38a05d74b4b2855a8e6a5bb8b43c89c64aae.apk,36688,67231,1603,3048,35085,64183
7094b2148faf174d6dc4cf08eb70f7566a4fd529d59c6348fc03829e661a6eac.apk,62610,129952,6817,16677,55793,113275
8ce36afd0cc804cd612263503ff7db805c166543fa07a747d40b67f893908e19.apk,45527,92913,2988,7416,42539,85497
81267ca1c11fc5155ed4382ba517c3d47e96283b8985084ccb1e51a555634b57.apk,38675,86427,5923,17583,32752,68844
6fa345d53d3ed70c322a2f453ff1fe3bd39870be792c8116c8d306aeb8cd5778.apk,63687,121253,3376,7965,60311,113288
6c5f9e516d3fc9050ae8eac999a19714eec08efb5da4dcdca004d321be53c22d.apk,36116,70036,3841,9068,32275,60968
9797d9d36509bf620397bf9810eb61e99338cf1e8af214be414d76fb4d3e44e2.apk,60374,120343,4942,11834,55432,108509
967b38c57d604153d9b559c13c0bf366fb272b87328d4d75cdcccba3276579a5.apk,18847,36922,2645,5500,16202,31422
807fb9bc222ce43d57f8d9ff8bc721eb74344019d7ba00a9c9ac27fbe574ad6a.apk,35723,74818,4531,10101,31192,64717
85a240a9fe7eb90a6d1e8f5642122cc836042a8189c406f803413ae2f00ae98e.apk,60169,128801,9103,23156,51066,105645
779a919d36f9ae505324a11a077a4b045e6afae7df01baca78d7e47be2346bee.apk,123192,244913,6388,15372,116804,229541
769105a10a7c0cd48e9cf603f44f6dcb0b1622dc4e4eecbf3140ce9e0dc03996.apk,62654,129156,10373,26292,52281,102864
992f6c653ccfc7eff746a656250a9a7ae766f6d02c61f6a3112c6e7acc39422b.apk,44337,95528,4754,11320,39583,84208
6daeeebb764c883ad89f0ee5a1ecbb4b9f2f1d26da1abbe527b3071ba4c6abe0.apk,58558,109970,2494,5103,56064,104867
8095c97aa9df41144db4fb81fc3b8e2a97d21bf386dabc3f9a0bd6d9336e67f4.apk,74419,153438,8199,19834,66220,133604
850fab7b2eaab5af30c430446b0e54e086cc635598d7a9ee11ab75ceb1eb54ab.apk,18146,33509,1156,2130,16990,31379
7a985477e762bc6974b5acfb0e94f1f8b12bf94791d7b983866c45f8131aa72d.apk,34029,66146,3784,8861,30245,57285
932e8507c86906f429ce953aa00447b7f6e62389e70a85d6c0b9e915644b8585.apk,17005,32357,2563,5085,14442,27272
83bc35dfefba08896e24b7c22ec57b3e3d730c2436f43263ac9038eb0c30ebad.apk,48617,100122,4369,10522,44248,89600
6cde516b684fb62c35a1aa211de4cfd3b056bf8587c61f9d85f19de71987ebb5.apk,54957,106410,3112,6607,51845,99803
69cb206baef07978a416ad545f7ad3ec3d7e7b88c3dfd0dcf26a06cf13f36bcc.apk,43149,79363,4431,10273,38718,69090
923005ee23c40b460b5a85d15578a97b6f53c11f12db339025a7097e65d185ba.apk,84951,181342,4262,8759,80689,172583
83549c2146601c0b2f9249d6c79a0669519ad98787385be9fbf397b27444e185.apk,58294,121021,8878,23815,49416,97206
90ca90fac4b02c6f258c9c5a676d87a77d664020f4d2684065ff0f4df383cdd5.apk,26795,50174,2389,4757,24406,45417
887224348b110001ddce3a9ebe50407a6a9fb29fb893a0ed18c9f7061cd501ed.apk,34056,72993,1225,2384,32831,70609
78e49b84140145ad9b8e9745b0638e5358667f634aa3d9307b81d7e457f45a7a.apk,31410,59601,1594,2904,29816,56697
67a40b15f62876a5034e271e7bda54f0606ef6d0ce90c78c704859b22eb7c4a8.apk,16599,36453,3640,8380,12959,28073
8d653009e84da9b2c476ab79ce6ad61fe2508c3e7cb34fa3ae11a5d1fcea844c.apk,8270,17991,2374,5919,5896,12072
6dd491e6d6a677d3dd2a6ddd6f6eabc331e9d2659e866b3f7fafbbf16425b47f.apk,67611,142386,9340,22735,58271,119651
84df424e410ba3044854a6821bc62c5f444513be8de444a968a112347988fa94.apk,63526,129633,7827,19391,55699,110242
7c67e0b6029748722322a4030745a0fa8b275445597b72f6c4e3a69cd491198c.apk,33276,68608,4746,11354,28530,57254
86e8aa15b0d67e9f6868e88f202f885a4a67b74f749da177a49d67f6ea3e23ca.apk,48866,105790,6603,17656,42263,88134
9884adc4a86bea35e4b79360e0c7d441275c87cbb1104d27fe089b1219281b48.apk,33808,61934,3646,8202,30162,53732
86657bd7e7e86b41ec289ac93212b5b70b7db2dda1ec69257a836580f885d57c.apk,65119,136950,8850,22963,56269,113987
90576aa0db52e433f21204d79d76916d99510c313dca4ee43e73e8d80cd0d16f.apk,16238,34320,1959,5381,14279,28939
6c03ae274c347fa34439a4bc007ae85a0473a845beff4ba1015f20ac2d780375.apk,35099,65369,3100,6734,31999,58635
94a6994ca2f33398838b394920f3e5f975b603b158375fef3ab7ded4939716da.apk,48807,108428,6273,16114,42534,92314
992c7e546f578b02dc40e626f8bff533d01121a22d7a1edcf63045a35e1098ad.apk,60574,128661,11271,31833,49303,96828
7c9d9a291cd9812d0781036a440b786839a1099640a0441d6b9d24cef28299e4.apk,36588,82217,6224,15424,30364,66793
7968dc0e2217dfea5a6ea5602497a932dec7417e7b3229012b681f053b901df2.apk,118070,233710,8196,19072,109874,214638
7de9bc11aef5c5b4f14203d086f6280ecfe2ff719b61b6c5ce18f87b7775f5d0.apk,112547,271885,28033,89028,84514,182857
7e1a60bd91cc89dcd1d30a5e78816ff2905609796236191b366fb84f1a8ba2e1.apk,35056,74657,4149,10421,30907,64236
7f3c2554e069b49c2eb39b40a29ede304888f156febce56ac2ef9ed78b81ca9f.apk,99833,206289,17714,43676,82119,162613
8b14ed01d2ae631f15296bd5945e98d0e8dc7497035c8d72a2672953399fbf0d.apk,57512,118196,6280,14652,51232,103544
856cc85abe4b2987e1255d62925356f718dc03a12e43b1819b82a867de2f02a7.apk,60271,128312,9070,24189,51201,104123
7fac4c530bf2a0bba49253f8a7c8d5d4ef14c846d366bb34439b3acdedee7bbb.apk,55382,107589,2760,5937,52622,101652
9497cb42b75b5a171dd452d2546251b79d16dd8cd9fa60fd67b97003b34e4d87.apk,54206,111502,7131,22004,47075,89498
97ceecc81782a90f21eea0999d1b1545ec488efb4986f22ddc7e0db2fa94ec11.apk,41263,79636,3105,6333,38158,73303
932f1ba684321394c9c67f115e1b6e2e3537782ea04a64b5633248a0113f799c.apk,23383,48693,2537,5570,20846,43123
73cb4b23e66b072885070fcc21483c3f9b323f7fd4b78c998c55c0286530ece8.apk,12441,22868,1837,3821,10604,19047
7d34be6ca0629191e63d836e0e3b8f87a9ea527eaa2326b00b25dff2d0f23a1a.apk,59635,136824,3278,7432,56357,129392
92d7aeb9ff1dc9dfb3ab4e1b77bcefcb2984b2c53f3dccffc844246539617c14.apk,57550,111234,3203,6679,54347,104555
6e7cc653d5c497d64b373c93b642d9bd2b572c734d469457b5997379f35fdf87.apk,35140,65869,2864,6041,32276,59828
6b672a4a7acc6a9c2b0c75e856664a7cc234d4082847a51037c386f654ad9540.apk,20790,43507,3459,8479,17331,35028
8307a3ace69b1f8b76bdc9ca4ae1f519c86d863fd4a82d19d498c5e14bdaa1de.apk,31613,56438,838,1324,30775,55114
695426243460644f725ca5c5aa09d6de3950908235df5e542d67543b50ff40f4.apk,34861,62491,2846,5642,32015,56849
71406bd4fd5092fdf2c36c03f8e267aff6f87dd362fb7bbcd7747d048f87da46.apk,76771,158832,8928,24921,67843,133911
6ce800073e06579deed78e5c5657a2ff34d824f1d5ee32d4a1f68304b1a9cc6b.apk,87344,183097,9547,23217,77797,159880
787f650a17341e0c35073b9b9fa7e9b3ec52bb02111d2481f113d30195574a77.apk,86486,201200,13446,37292,73040,163908
69696da20eda21c56f378bed0b652e9ec6ef9598e4dfda5cc0f21985e0c70517.apk,92565,227252,16004,45340,76561,181912
80f8175cbd7d3b0b2939ef1bdb01aff8e7ac1b1574fc91bf99228a13188ba4fa.apk,16288,32500,2246,4679,14042,27821
84347272d95e2628794aaaa595e6855d37dee14a61f1b1d02ed7c1ebd6fd68e5.apk,57377,115904,4352,11462,53025,104442
8f12e93162a1cb5ea1a36d176d593a4aa5115f2bc09a410e0af9a628cc863da2.apk,63395,142257,12800,35242,50595,107015
92809b44689fe07b877e63876f95d6a4ce4e3e984645b6991a156dbb22951c4b.apk,85022,209998,14989,45205,70033,164793
8e1b1e2047e6268b91b454eab0d4b353d10c962f984a31c0f4e4575cf192d602.apk,61764,115758,3583,7916,58181,107842
912da767976ee97b41cf6136b11a52f9a3041eaf9f3a33f27a15879a399938d5.apk,36070,66389,2877,5859,33193,60530
7ff60dc51dbde8654f8b8cbd085c21582bb77232589b7a80d4518346cc102c4d.apk,50703,108028,8227,21655,42476,86373
865c246e327223856762b9fd78108c0ef525443a2c9ddfb6a84fa9ccf6b236c5.apk,120071,264292,17438,48986,102633,215306
807e0c2e894d54faac2ce1addf32849c38a160f729358fe10d19235480b7c544.apk,22960,36018,1985,4014,20975,32004
7921e494d2fe162f71492a67efcf94e7ad48b5a876cefcb9e83e072390428e33.apk,55360,105644,2571,5227,52789,100417
7d8f7ba690dd574cf17a017fc14b288d79397d61dbd3943fb3207ac364b52235.apk,56084,102027,4034,9223,52050,92804
8d4fa51ba873cec00711cfd98655fae5a495b28ff70dbc6cc28f65c00f164bc3.apk,51568,96920,4160,9799,47408,87121
8fcf3e927c302fe9fc9355017cbc7ead98dd41deaf8dd3d54343af46c7dfd262.apk,56737,114854,10310,25689,46427,89165
68551c86ee37a279629c21a760a70fa9dd11f11f9ba56b092f4efb14c2cc824f.apk,34909,68188,4049,9679,30860,58509
699aa16afb10b48db36085e692725b4b5678eb6b28d157426aa78f5eff06acbd.apk,34785,76998,6508,16303,28277,60695
98a33fe4fefeab80c3c83696ce3d9131747eca436ec438ada97377c15c16a823.apk,50211,100998,3424,8174,46787,92824
69dba24af424a237bda2cb82f1ed4de69e36c06a42c573ccb787e7f4e7b57f13.apk,38196,82379,6848,16405,31348,65974
790a002a06c1fa6a0c68896829f535cc3e97cc4200deec32d807e68b9dba3739.apk,49990,96491,3604,7967,46386,88524
72b96d0d90c36df9cc73f76ada823169a21343176a4756bf6c095f415552d3b0.apk,63024,128026,7614,17157,55410,110869
747301f62f57650be1f1e053797dd016d054bae43d2cb91b9d380e3ed2a88fca.apk,39053,77479,5706,14891,33347,62588
91b36561011521626bc111e070e662a9bd5a5162963cd0fa07e0d7428fed8f04.apk,38994,80102,3976,9026,35018,71076
71bc19794129b3ea8761d860155e0e05b2d9fb574de05072774be119577a5455.apk,41286,78864,3772,8094,37514,70770
77e89e9b67cfa2d404e711ebaf1262bcf0bb204a7d7ddc05b486fd00c2d122f5.apk,43350,84623,2276,4553,41074,80070
94340e794fa12e170b8ce3437e5f6aa1b93245e4f6d36d787d481994386247df.apk,60643,126921,13108,38663,47535,88258
95afd3b6a01bd1571e7ede4a5f43ca74fd1fa379360dec62978a1a2ccfbf66e8.apk,31229,57887,1825,3616,29404,54271
9696db1c38f9988b23c106747e3bf2fa6af73c1b936283db776379d9c2f345c3.apk,65707,128987,10529,26848,55178,102139
723c0faf885450a55d2343f9c1f173dd8db46f939d58132b337444972b1d141c.apk,71116,154363,4490,10951,66626,143412
8fc600a235ccf9a63f34d551b1c25d22a26dda08bafab157a2ed8c6c522cd35b.apk,57057,109968,3095,6367,53962,103601
6d9411b4ee3d6fce43c3bb1f16b17dbf24b12f7121e0f6cc8757f8d7e5b21ed6.apk,33033,61901,2927,6233,30106,55668
7b15a6431fbc3ec6e971fc061a5ea8c6b5254b5091f84b558f46743eb5c2ed8b.apk,56676,127458,9964,28495,46712,98963
88c7bcf6e52177091934f157c50fd7ee653c1fac6725662c721dca937dccafcf.apk,46715,98110,11317,27073,35398,71037
881a13741d8790f2c166c17f0980e7bbcf506f65a0b57fd94709faebb65a51ee.apk,74635,162533,9456,23688,65179,138845
8fb84af44bc63ba514d84d700632216e884e6947dc04cf298df6098a2ef1c068.apk,60407,128787,5735,12906,54672,115881
7c8afb30f8bb2a24311739e87cc7b0158d66c49e361701f975b0dfa48c3169c9.apk,15853,30685,1376,2409,14477,28276
6e82c2fcf6cea59db852c5c046b99569314edbf75c0683e8aed81e072bfda1c7.apk,39370,77483,3534,7840,35836,69643
9260dfcab72415fb6f184fb028c71469c2041e385863e733dafb89e3783e8429.apk,31168,57271,3374,7415,27794,49856
858ca4af719c4d651e6a7b6ec709e3a5cc5a89f345e80840906f6dd1ca52a07e.apk,15055,33092,1044,1763,14011,31329
7777990a904b182cbc2d57563557fb77f574cacadacd28986fc5cf57fd256148.apk,22559,46234,1712,3729,20847,42505
702400cb32ea85e20e806dee9f9fab2694631e8f08fbc7424a8e51708baeb3bb.apk,64456,139166,11152,33528,53304,105638
9300a0ed118c6e4950fcd00662748eb1335bafbd90aeb287d641acfc4f262605.apk,56140,143086,12545,38670,43595,104416
6c4f705d6ef1151b5725b5a2833b8e95344f3767e069c9000a5934032689b133.apk,112128,265054,23549,69551,88579,195503
85e09fc8cb74d6022e6dd540e01df59b377d3cbefad780c3c3b020cd5bbcba3d.apk,60047,112604,4457,11062,55590,101542
8925a3a1f998422b4c99600a6d0d524f3ec7ed5c8f6f0f874565d410f50e60a2.apk,42606,92343,7898,20231,34708,72112
82e4a498ecceb81178c06eba983ce79e6f1e40d208172bbe235bb525389099a9.apk,58918,120746,5204,14797,53714,105949
80f40037734cf852d873d3084e6fcee3b9f5f76b07a199df3a6e7d8bf0d04947.apk,63504,121636,9054,22631,54450,99005
7baba12d07d5c0a07b17379f6ee65132b801091f67a8538b0af7102a6e3a749e.apk,31670,58566,1359,2546,30311,56020
6b0b941df0e19c499c679b1786e2999cf400ebe9cf9cb51f5366b0f3e0621030.apk,31036,59431,4496,11677,26540,47754
885c111ac5560c192c5390f34db1fa1b796e7401d134c60cb36f5e2f7f8726c3.apk,30788,60168,2812,6026,27976,54142
68966dbaf63537ede750f932204d43b4f072cc5bb13d277c666b92e28f6385c2.apk,35788,76744,5312,14798,30476,61946
8201113d7dd42be40661f4576b7c6742e6cd499e9d9fa73f25cb03ac901a8641.apk,70936,141595,7285,17511,63651,124084
94a392869dfd64bb92a11a5b536e7373565818371716147f9a72cd15e62b3391.apk,25192,49992,2630,5704,22562,44288
79730d2d1da61528843514e9f2a7ac99e1d06a7fd898859ecedf07ad3b863f68.apk,30686,59594,4355,10896,26331,48698
8d72ba6135560162ebffaf84c75622cd2b7d711506e576cc47d8090c849d352d.apk,61171,127891,7095,18773,54076,109118
77837706b2531438aebf38e002a5a2eca558c12cc39bbbe8e74e32f01e5a9997.apk,59193,123187,5075,13069,54118,110118
72717bb400a274b87059954548497b3f9b6875cb206a7e21baf1c64892851b2e.apk,54013,101517,1879,4078,52134,97439
7c4fd835b07a68d3388aad722981cec366fcfa8539bfdc3fba5d24691dd93ced.apk,49731,97213,5165,12259,44566,84954
942ab1ea22139456d47fb6061cbb6b08ee664296e501719ece53c96f17c50118.apk,57901,116180,7258,18110,50643,98070
acfdfe7ff3b56932204702531f7a0be227b08525116fdb9d6b3197deefaea572.apk,36197,73688,4265,9811,31932,63877
a0e5fd649779778365a66ae1fdb742d0de0e7d35c7d2a398ff48a59d20a387d8.apk,77020,176711,12444,33393,64576,143318
a7f4efc5ed678e09db490f53f55929d28016fa2322e388e0a86b7f43ddb300cd.apk,65084,140514,9433,25068,55651,115446
b29c4b1a44007f3f5a2681daf0677dd19d2408024eb3266ff91d9a30af7208ae.apk,133581,267582,10442,27515,123139,240067
9e57292adf54521a5e87251c002d809703fc9260f12119b47fcc368e9ac4a239.apk,33345,61303,4665,10824,28680,50479
a8bce981e1cb1dcece858c01e2847ba891d81d4301777ff66ae3ef4dec40595b.apk,4069,8136,1143,2589,2926,5547
a192da7771e9f64cf0a5c7c8589595ec156053331359a3d7a81a57eaa34edef1.apk,29303,66134,2740,7046,26563,59088
ac8235711fbcf011fe03bbff1a95e299a3ca5f6da6cc4b47baf68f43fc56172d.apk,35673,75371,4790,11910,30883,63461
bc52c80e37987635f7e6976de2eee07cade3699c2af50b7c8d682062f741320f.apk,10057,16130,138,181,9919,15949
c6c692b28a5f0086d8155ed45bcc2ddfa60fd56aef67caff6c776c743a3c96ee.apk,19968,33082,803,1309,19165,31773
b07dc3dcef856e467dab2b673c927f99bb0988ddf9bccf91254ab3b17d02c8bd.apk,40673,78470,5732,13728,34941,64742
ca63f13d10e7e8dd74fa3a79926214d061ea9db5b972c06b88d4fdf72789b19a.apk,109539,244437,15025,43287,94514,201150
c4e89bcf2492bc88f876facfc81e15ee4d4e2e7d17d4748a802f920d735167e5.apk,42311,76971,2377,5016,39934,71955
c1539995e78b511da4f0ac2c5226b169e8cd58e0526c4b088f04f39406bf6d59.apk,47768,108773,8733,22575,39035,86198
a8d7e59e395a8e5fb2a476aecccd36065f130ae6a01c10fae2f5c5faddfcd2f2.apk,57108,111041,3935,8469,53173,102572
a7482d5a60afdeacb76413156db8294553886dd474b10c2ee6c88d94aa742531.apk,14606,28308,777,1241,13829,27067
addf8fcec85d6d74d30a20dc0bdd38ebb61e366c58fe31ebec708f9066746dd6.apk,38767,70972,1555,3332,37212,67640
b43ff23f59107c8734bc90746a5ea867cf7d9ba60a20b168b89870bcdb24cb43.apk,45625,92898,5115,11722,40510,81176
c2082d83a663165aa63a35c2760e140d5cdfb2f32d46518e4ccac4952ed6d596.apk,48075,100986,4222,10017,43853,90969
c5d2f248cd9cb688d667c85eea65b0242f1024e1e07d16c889dc8875bbdb4191.apk,13317,18580,257,389,13060,18191
9fa6c940f77696f4d4a95fe716ae2dd1f431a94baab5a678563f17cfe4686e73.apk,64074,138382,7797,21313,56277,117069
c8136d84343118c52761dd79867d63fe367800daa1e713a61f6b8f2aa1e034ca.apk,39938,82222,5469,14034,34469,68188
a3ec50a67fd80de76041cdfb33d4b56add540351bc890d2d20d198678eb69fd5.apk,52816,120138,11116,30428,41700,89710
ae1f1961cdcdae9e08732dc7bb7058c07529b1292ba1c5a4c62cc8f84d644f26.apk,58253,155099,13933,45714,44320,109385
b9ceb2203a12f7650b9acf7a44454726df276c21451cde19d9db798a55a3c898.apk,18591,35975,2490,5348,16101,30627
c77af034799ecdc5dde937728b6643421c2fc421d009936e610b453e9c17bccd.apk,29402,70154,6138,14453,23264,55701
9b00d843b84e7aeb29d4fd5f687319543d39a9f27b53f16ccf861432e0574c8f.apk,47897,99872,6518,14894,41379,84978
b6ebb49bbe57f6472f1096a4186a9602e37f8302f4ad6ebe4fea259f0dc4c8fc.apk,56483,94010,4100,9464,52383,84546
c21d6e63c8d7b8b2c456a1994d2f795a3fd11ab9cd94180562377f8e4522f922.apk,54511,109545,5737,13759,48774,95786
c39b60e4a4f5a8e4bb655da9ef8a2e7c0914e65108e23afd85cf9032d15ac10a.apk,27971,45426,437,616,27534,44810
b47ee5ae4d1840036beec2b9376c24cd10c37eca2bdc13a0c1777e8c8743f408.apk,34640,76926,3112,7135,31528,69791
afefa26814b36fac5a0eeec918fe6e206764ad02f7ac73a654f144efbf990c28.apk,51574,102159,3656,8248,47918,93911
c3a522c4f90d587f9efd797d7db9a1f2671ad189cdebd319611411730e5dd62a.apk,28326,48541,1919,3680,26407,44861
b767babd495c877ebbe8d222491148c042a6bca886dcdb9e57b0e0bdfddd8477.apk,65230,131069,3859,8554,61371,122515
9d65bbf5f29389d1b2c0ad7c8f4dc19bd86ba5eecea68265fd6ec7422fdb7299.apk,124044,343250,32864,131180,91180,212070
b1e2934f924a4826be8796af3c1d1c642570c9602838c4a8b6492a707c3bb416.apk,59350,115723,5382,12697,53968,103026
a763c3a51d3482fb74c24e2fda9ec2cef85bbd9699969cf68a054606a88347f8.apk,33847,63643,1305,2397,32542,61246
b0cf4744d2fdb03e349b1dff126d603b9df7674942a2d991ac4394b9bbffde7d.apk,7275,11492,951,1904,6324,9588
9c17da454857ff175122740bd5625d23266d271f776ac9bac4ad7274ac72855b.apk,49806,94796,3971,9222,45835,85574
9b04b9df17381fa3bf808dd0f47bff1cd09b16f7e6d35c626000a695e232a1df.apk,65182,135836,8765,22909,56417,112927
a7bc31ebf250049336851468896b8093b920e9ed5709fbd26b426b6a76ebd8c5.apk,26684,50504,1105,1794,25579,48710
c5f8760de16f665a5fdedb630097e9ff7b930d21e7beee4f575979ccedf118f9.apk,85770,172140,7309,16550,78461,155590
ab1d0a021058d844a0223104245a559b4c60e06faa77f2f2d9c4c7e8bc8f1210.apk,27379,58561,5099,12111,22280,46450
b2ef71ba37668286b74982c6a816330d29203aa6388fac6b8e662514bec62656.apk,21938,38249,1985,4013,19953,34236
9e7b4e5e1c74da29ee34252db8a0b5dabe34c1b68a1e0060f83838c270c926cd.apk,24601,46300,2489,5893,22112,40407
a3c9f9d8c8baaae45e92a82348e239746e698898aef214bf6565e975c0a16570.apk,23140,48298,2882,6425,20258,41873
9d8c79ea8c401adee63c2fe1d9e84e17bdd87d7367bc5d43dd4907ccf8952cca.apk,38674,73167,2773,5565,35901,67602
b5cc5a5df59f5e515274c6a3edd2c0d2876df42fb8d28a3eeb9d0bc881b61137.apk,91377,183773,6090,14367,85287,169406
b6e80cc779d0eed796578060ed7befe45b19fa6af3d23d5787d5be1cfae4cee5.apk,32040,64038,4858,11820,27182,52218
a92ca36996a6572050dfed77c139b3fe9544366093ad520953933f83540d1315.apk,47092,90043,5494,12518,41598,77525
abc905306e7f313381dafc1cadaa13ae037e71201b871065f7e9499038590e1b.apk,94284,185261,7982,18404,86302,166857
be76862c1807c4c3604d6be75cef96e56a1714e0fa69eb5f23d4a75f45f526d1.apk,43282,78220,4835,11200,38447,67020
9f93e414cdc137454d310bec8750508a18b743958843c348fc081c188d015516.apk,32184,73646,6073,16245,26111,57401
a275fedff7a2345f1d0b1acb21736e87f2d5021389938946312ec743c7ab5c42.apk,41008,76123,1812,3281,39196,72842
b1868871b6558c63d0bff79290aace65b33bcec7023f432361a403b3c6ee9780.apk,20615,41820,2117,4526,18498,37294
c63915ffabc873da6f71bbb74606588102c22927d90e99bb88194720e9ab1d04.apk,5138,11064,1797,4451,3341,6613
b6f6f51cf8650066e16a0d3c2b3435b75cc4c2a2af36b351f1836475cceda80d.apk,37084,82156,5402,13678,31682,68478
a6dde764c5011a965aaece0670617eaa54b1a1cb6753c7dfd7e2297f8f188dea.apk,16149,32183,2085,4154,14064,28029
c422bd232f459bad7f1c64cc884e0130428ce7690dfc490a6269837667f0b4fe.apk,58239,116099,4841,12382,53398,103717
c77178d3f7966b111422494ec4314b523e20914a3226976d836b2051bf650ccc.apk,36972,68499,2674,5636,34298,62863
c4d4f0611126097563b7c2078a5d6a8a17983489d12929f11c0743e64f45f1b0.apk,17761,37978,3661,8256,14100,29722
9b539f9a7985bf02646c71c0c1d05e9064477bae2cc82981a002ebb34e1743c9.apk,12816,26354,2166,4017,10650,22337
b6ce5782723313e3c8b4184f51b225440afa7287d1c5c1ea30bbae456adbe123.apk,32096,65789,4345,9499,27751,56290
9a42ab06b4c21d635ab7902e76ea2dcd73c892a182258d73866eeb42fccf6ce3.apk,52561,119195,8442,21633,44119,97562
a5226f7e531a0d3e7e5e171ddd86cd9b273cbea67e04e151e24a87ad92cd91a3.apk,71167,150644,6223,14858,64944,135786
a4d95e5cacf1f3a9802765815af96ff1c593ac93ae9753c6a70ab13cf2a4ced4.apk,46848,88667,3052,6484,43796,82183
c00b506a3493c91e1f99d60ea06b14fb1f831d4e4dd4d8128b6ef7dbb1df765d.apk,2733,5344,890,1650,1843,3694
c117722c71359c68a80c2258ebf8efaa5de7a3ed7478fe37a58a0e09ec890823.apk,75582,154931,11073,26834,64509,128097
a30604df183267a10e84b5ab5c6ce268af87cd1c95919630e05ccc8adf130c97.apk,36488,66641,3661,8031,32827,58610
a6d06fd8951a4431be42e9f3cf40f177c95fd1d1bfcf780db83e1adac64a099a.apk,79129,162823,6864,16349,72265,146474
b8ea533f24746f7e917ae8ad7a9c2af5f1efc230b798b441c6c70501cadfce3a.apk,57385,131533,9892,28018,47493,103515
c1a347b3925aa2af91b17536e89038e7bca678ea50f68b815c959c17c608203e.apk,45794,89551,3939,9665,41855,79886
9bdcfc2e650a9e286fecf076cdd573f5839e9e0f793e96ab60bae418a12ffcf1.apk,77029,178642,13899,37006,63130,141636
b9cc4c146f247834a48a99c4453d0c0cb08ef2eaeed1d515d546c8288df5ea77.apk,27595,53206,1130,1906,26465,51300
9e96f5c219225aaddd8f633a12a8cd80ebcf83b1164a4c8012d776d8cd3b9dfa.apk,27556,75309,5083,17674,22473,57635
ad2af2edd23197cb58c1ef2c3d5cf67bfadcd9aba9772089b8b591148870fcf7.apk,32353,61133,2709,6184,29644,54949
affd1b876ee01f8f46e065e5817a81b59ca1f94c6a04138fced96c511a7973d1.apk,34964,71111,1962,3863,33002,67248
9e2af096b7e4ce0b707e333eaff43683d7089bd32d143919221c0c3d18da3ad8.apk,37854,85859,7625,19739,30229,66120
a99ad9a1f328aee4ca00c2eaeaec787293311ceb1c5fbc8175a6140d36429e56.apk,51916,103758,5079,12382,46837,91376
b4be1f00a28f78aae5bd33b608b38b6fd353e63f990228741c61b9c793d74077.apk,49156,99982,3171,7217,45985,92765
beef5b77da23147130ace1f5eece37b498b1c93fdbf4e0ba9dd8c5bac235829d.apk,12792,23319,1036,2203,11756,21116
c78c6e5c08c108b85777f3566b072c755047c4877e9e785123c1802b4d55340f.apk,44176,86739,4748,10773,39428,75966
a31ac63849f606a7c36237b1025a236bc3dad8b709a3f012ea151b63c96fe681.apk,58862,128731,4455,10933,54407,117798
bfc1b29cabb26a832ae7536791deff25c8924b401498636d4bc20376e95717a7.apk,48733,96657,4193,9167,44540,87490
c57d62e73fd9595fbedb2cc2751508d4457745c18644cb44b304800f500dfc54.apk,38357,70690,2858,5857,35499,64833
bd92270d05535aad0fead4496fd6b7ac9ad2c33bc7f8eb08fd5133940d8c8826.apk,40422,83008,10132,24748,30290,58260
c4b9d1a15aeb68c3722707fe6b9046d9cf8a4e4f398a65be33415475fabafdd3.apk,21947,42796,3020,6518,18927,36278
b728d1e9918ac2d770c0e8297cda2afc045394a172de9e8136e9dfbfa3ac0fea.apk,41460,90761,4681,10395,36779,80366
ac2e6edd35fd566b3a29e65acd2e15c2bad6e60013813c3af8a2243b03ca839d.apk,45012,97837,7662,18218,37350,79619
c12fe85d4178458e8a01a905d1b55a1a72b4e6c7790ec2f7cfa852175cd240e1.apk,40023,86309,4243,9581,35780,76728
9eff18431f6a13743af7410ab964417cdf23bf4f58e50bbe925ef22af45acd6b.apk,41183,91445,3200,7449,37983,83996
b3273d046305c8e34eeb4defca4e6c942f69218a27cb807ce4e622d30e4fe910.apk,48581,100919,6757,16962,41824,83957
9a2cd39d21486c1a743e0aec64e2b5cd67b13225f6585a49f07fbe159d1d845a.apk,45541,91504,5161,11234,40380,80270
b3d4d7879e0ba0aecdb363eebc788abe88ee4784649eea33bd19be3850cf6331.apk,25260,47154,905,1428,24355,45726
c42f8eb558b301cdd7612ce42b5931d0958762f09b6dee6d2bb5b360b2521592.apk,34544,78230,3436,9125,31108,69105
b795382367bf100b601da9016fd8c77ede501254d4b382a3541f8fae47239c21.apk,37257,76207,3961,11933,33296,64274
b93a12e37bcd520041d0e12033594023db6211b3aa75ffa66e751e7e1af4009f.apk,33538,68550,3160,7201,30378,61349
9e9a7b741c5e642c614d66802995a6c93946c12a666331c11cfd12f65dc8dcbc.apk,47106,94495,6895,17003,40211,77492
9dd6664283269131d794d4f0bcf86da4c90b0e302ec14f0df4cf81ff03c36fd1.apk,38220,70729,2885,5756,35335,64973
bd227374b5ce284c7cc598f31294fd638e1e3eda85e7d369dc994cc1775d501d.apk,63329,123892,7286,16368,56043,107524
c438c61d3b7e5b82a61e7e4b3a439bdbfbdfd11faf00f06ec33d57fc9bd0a2b9.apk,37541,84070,7020,18527,30521,65543
c880d843f3855c577d12e2f64670966de723ceb4e9e6faae22a6d48c7fafef9a.apk,58595,123021,7015,17850,51580,105171
a70cd4b3295eef4deb3035522a79718379ce45066b7c33e7cb3e4af198ee20e9.apk,55128,113775,6909,16570,48219,97205
a2fc38cf71fcb201ea033307d6304ee036cca9283602c5cd96c94a9d2ad66c1c.apk,45193,91481,2722,5626,42471,85855
b7c06fce8c6590d4c22d743bfc783df533cb61540c4c3622edfbfd29bd02eba8.apk,43221,79424,3717,7195,39504,72229
b880c5c1fdc5d3b67a720dbef483a02a74251ad69ce27f3739de725393ed5158.apk,20069,40169,3247,6808,16822,33361
b2385e7d1657b93c5dcf193459ee64f3172da8e0c9ba7d09b51714bf65eb2a40.apk,73153,139236,4632,10740,68521,128496
b29542ba7edbd5c6d17155c393f11f832ed40034a602ce9df169eee4765e65da.apk,32637,63057,3544,9104,29093,53953
aa3c3cffe3f0ebd937768393699d88d10fac358009491e6673221ea5425e7721.apk,49151,98173,6050,15008,43101,83165
b51961776f04fcd9ccbe511ed31bb01ccc6d9df50ec62a4a35478e4bb61b48aa.apk,29664,59899,3274,7502,26390,52397
c445248d014882968f8327545638c95ca3c0c37e375e5be3665b02d133c59a78.apk,71027,157929,11701,32043,59326,125886
a7a253a90735dc88d9ebfdc91298711d5559be8e9703371e89d3268a7d94358e.apk,87219,201785,22681,61072,64538,140713
abf87e431c74ceb439621ffcc48438f28b0c7f1180b6467266f9699f98b7b9d0.apk,43634,84149,2649,5838,40985,78311
b673b5d0d44dfc819e13aa896296087ef8020a84509e1675a899f53963bae361.apk,24893,51733,6166,16610,18727,35123
a9df940fd41ecb9af6033e81a33cfb4ad45da585fd8850f59298e4e83bcbfd89.apk,43291,77885,1301,2710,41990,75175
aea2b103f2d7933019772b99f584bb32966a7e8f81d53102de1135b4058c1169.apk,52208,100898,4305,9819,47903,91079
adfc36082534c5a93e70e0792bbf2532d02b5ced78621e837ecedd9b0dbcc30b.apk,41542,80402,2822,6308,38720,74094
b3a67903e4fb1f49cbf26d4c0e64377138ac0c0f6c56f2c6bc01c6482a7100cd.apk,55346,119817,10627,27938,44719,91879
9fb9d3d567ed489ee50e41e7bccc723f08f72046c42aae82474b4daf6e1fe3cc.apk,24143,57672,2934,7364,21209,50308
a8271bcd5b29f86ab38942d66e916cb5db195235b5cb64cef4c98a30a3a9b6af.apk,8550,18494,1565,3311,6985,15183
b4c46c55d11f83e4925d2c9f914677723f8881c2d09e34d2ebd3d5f875aa1fab.apk,83022,184088,6883,17359,76139,166729
b08fad4da484740ad87827b8a069914e70b9387eda15c905be50fe7ccc396f6c.apk,50308,111382,10808,29389,39500,81993
aaf4de781d4cd40f5085246ce7848e7414d405f318064e6aba2ff3f192c51039.apk,59863,127833,7996,21159,51867,106674
c24df96ceadd2ef487059ff970e1457318782f56db6a0bdbda77280e37611f4d.apk,36838,80615,8700,22682,28138,57933
bd822ca1fcb3703a29f720f6ea957a6e232106709a9032d95ea090692b10a5cb.apk,54000,119125,9741,26956,44259,92169
b159216201fa2e47cfb419e6396cdc8c383409f5ed73fb28ee6b59576cc611e7.apk,39502,79602,4245,9853,35257,69749
a0e96ee99ed820e8f868589ca0343b2d92fa979d7fb39268e4057389fd508273.apk,26097,53759,4153,9405,21944,44354
c6e625ecaf1c3f0706b428c0dce0d21ef0fe3951f8829f1e504d782a40b7c482.apk,60897,121359,7996,19391,52901,101968
a20397ae00e3d796d309a37ee43f5f714cb9aab533c4f9fa0b4d541f074a0b8f.apk,169424,426084,40014,119706,129410,306378
b25778b872359eae200437e38108bc5c4100c4a2dc6271d306dc9cb7edaec180.apk,63551,128919,8918,22514,54633,106405
c0be79713733b2b5a4a6281019afe7260460ef3855a1197965380cc67fa16148.apk,22119,43183,1762,3635,20357,39548
a538d4b9c8df302c4a7e628392ec99cd7cc5360298fe879d20f0825670fe7ba9.apk,130152,342495,20377,70958,109775,271537
c1d44a0479bd5203f4080095679740213f03fd46a55950edfcd660c3a6bc3c21.apk,53311,105731,1868,3706,51443,102025
9c4600e6e41ce5c1300de4effcac755eb8c600f523cb0a11e2ee1d6a6b19e7c2.apk,85426,184126,7065,17946,78361,166180
b2dec8b6901c8391e0e534861b6d65f4276984f096835c458ddd725f659e0606.apk,30064,54626,3118,6349,26946,48277
b8cd1fedc76a2f57b7e3238588a067ca02c57344534aa209f791a59014c6e65e.apk,51191,101470,3179,7005,48012,94465
ac8407e094b80ad5d1b19c93e1850576c81797b42bd15c6e7a50365bb9c6dda7.apk,3126,5839,951,1821,2175,4018
ca99f00ff37446f169415b857a4e7f4b1094afc02500bde1cf1ba9f11acaa40a.apk,26501,56521,4447,10286,22054,46235
a153197d41eb2b5b7faab8fec00c37d8825bc52443ac4870131d8c552e04a627.apk,18372,35730,1536,3059,16836,32671
af52d9b450b33edafe5ad21d61f7e76865c2a7358b2357ee6b9d82f2a7d35e84.apk,83189,170633,6512,15692,76677,154941
a09697c9f2227250e0c12316c3b563e038e2e3b9535661f748c57ad3b064f727.apk,38309,72383,4115,9313,34194,63070
b2c4e35fb01cc90a5b359114bda893c8d1e53a877f7ab3483be1cb5116046ec2.apk,74060,159942,7692,18776,66368,141166
b5e02119ab874bb7fb36eaf888527c2d57051b4da2f8af64f13c9e1dff357cd0.apk,76182,150398,5214,11651,70968,138747
c66a855cf4c1bbe6b5a3f6b61b346d67aab81e0b15a4925b81929323cdfdbeb2.apk,14817,27352,1238,2084,13579,25268
c398e99002ef98cc7166bd6de3b4eb15897370c4583a88cc216449047675b0b2.apk,66936,133009,4947,11330,61989,121679
c107dc093a9bed6002ca46639efbe77b7c926306e4098896babc10a7fe42fbc3.apk,34446,61057,2700,5285,31746,55772
aeb6b3211629a455674f5b81a6881aa36f4c8d592038974a4b57fa152483511a.apk,17318,36149,2741,6935,14577,29214
b95803fd3c1661aa18a8dd5e6a706c6a6f4a216b78c64ec0e7294a78ad59547b.apk,1941,3470,410,658,1531,2812
a454a41d1ee8ff531ca144ed792cc4c3a147c03d8cdad0c47569d45988f69537.apk,54892,101798,1621,2832,53271,98966
9b3acc6b724880b2910cc35f670f479953547d1eae30c0bc6b6a44f4d1d01389.apk,48073,95255,6862,17392,41211,77863
a566f0ab13cd013181b46908feb235b88de7c5928ce786e78dfb198dc07c5d25.apk,49326,95603,8483,22400,40843,73203
a1b320a9a215d8ba11c59c9603b71ae77e0ef5b79eda0ada5dd72f734140353b.apk,43175,83089,4120,9091,39055,73998
adc74373057598c73cdd7b40cffda3c8add3092a4942ad856d4e01659f3c40b4.apk,50218,109396,8041,23114,42177,86282
c655345c7946ba6bd3fc9f2309957dce4a755946761ab490e6ba5797e4d29556.apk,34820,63179,795,1251,34025,61928
a60f9eb30948e96387a7c5a48d0a9ab231b42116737d3a16c166cd7e9f5ebb29.apk,23714,45092,1957,4229,21757,40863
a455a8f65cdce45a676c37f2fc817f484fc090d1d9f1f2649273846297a44f4d.apk,58133,115862,6012,15694,52121,100168
c7e2ee32b6f643bae3e6868f4e28443b440a1d5f90c22e3206f4089532c88cc1.apk,14428,21717,1776,3424,12652,18293
9c97abbdbeedc6af36ef7a8b88d383e5f61a0eae0f8a347cace6776111cb5c92.apk,16219,31671,1603,3643,14616,28028
9981bf26b1ecd6a5d88ac0bbe550a4464455cd2dfe5e0677229b392aca626ae0.apk,21740,43300,2461,5126,19279,38174
c2ecfbc03fe9e35bda4a45399f6a9290995d62d05dc690008fed2fddb574f679.apk,96596,241210,13455,34313,83141,206897
ab72b6d30a85f92ba54b30fa498491ec42fa179f007a102c323d14ab91259451.apk,5082,9371,591,1043,4491,8328
b544c8617e8e8708632ffe93293d75723b4ac7a25440f57326a80ed78908dd24.apk,34416,61297,1829,3373,32587,57924
9a88b942f74d5828b6e4fae95927563ab090e44941e174fb433bd2f76c491ced.apk,48867,99784,6733,15918,42134,83866
c0fb5fda4731e7e706ddfac5dfc04e367dd688cff56df3cdf960a320895ac3fa.apk,53985,149411,19815,70823,34170,78588
b3e28e23545afcb77ae4e2f084e987125c6f83bf7fc4fee0960ccc7aa7982574.apk,56325,117635,9508,23936,46817,93699
b5355f4a72ce8b035ad6f6d88984457aa01c5372742db6b6a79045c512bf221f.apk,71647,141827,7346,17415,64301,124412
b9b545364b1968b73169f071b629abf3a92472ae138606615c40a6d5580cf937.apk,3612,7564,778,1976,2834,5588
c8af78f3b886b97e9a16984e17037ca4aa7e828d8c6b5dfef762a5f51afffb7b.apk,30016,52573,1998,3882,28018,48691
9be2b54768e4f658f98d308c516a342b1bceb965911b1817891ee38a84de6bab.apk,30765,72818,7515,20791,23250,52027
b7238aee56edafefd23640c14a9d7c6677bad0ba39a3c5f836ce8ba0a30e3ec6.apk,60679,116134,3808,8284,56871,107850
c94ae7294d53dd8a5a8878149440ff94abce4a38bc6ad79daeb23304374b98ad.apk,8257,15726,567,898,7690,14828
c4510c9b8df3ab54cc90418aa052d9d4f142e15add08b0fd385d84c31af7f067.apk,50057,94212,2719,6375,47338,87837
b7d15c43a036f809dd2600dc6613d550b6dc83f4f06229d769d3bf1d3c1b3413.apk,85887,178943,11372,29480,74515,149463
bbbafa565d97ad818438591d9b3acece84cce76222242db03d6ec67e9b67620f.apk,55716,109361,7665,17915,48051,91446
c715c9b1934e0991a493939fff0c442a0d1589acf11ceeccf11a7c6fa1114a83.apk,26551,56114,5289,11976,21262,44138
9adce298e3725b01abc6d6d2d515f0d85006507e765906147f0c16bcf2de122c.apk,71805,151207,6043,14747,65762,136460
ae5c89fffcfa8bbc94dee6316962870131224cc85f68924f454eac4d6fc1428b.apk,36213,69265,2531,5220,33682,64045
ae6436bbe25f90d84ab5cdeca33f6d2a69effb3c84aea878f990f379abe92d67.apk,58819,113906,6759,16933,52060,96973
b232fcc344f346d9849d8afc90a90104241412563e925c166bd0a1b7c5a8beec.apk,37952,78105,4171,10145,33781,67960
a87bb610b9ba2c265f45633902421e979764526f9c8b36636425c3374c5379fb.apk,71241,162530,19273,56016,51968,106514
bff314a80b6d201496b153d1b1fb633456d642e9351d29ad21179eb68717f62f.apk,45412,91313,5992,15549,39420,75764
9a655c274e5adddb21e4582495ff67324976433d46997326fb97103503f8e104.apk,49533,105687,4222,10162,45311,95525
c7b7031a5de3494c5caafdb60375d2d54ac60f05ba673871bb31846e24ebc4f5.apk,103028,219075,16647,44313,86381,174762
a2f7b64789e09c1c1ec76f90e55fd94c6b03f3277ece722aadf7a2d0b013c075.apk,85658,185305,11425,31956,74233,153349
aa87afd463dafe27db43e940040ee3e14a208f0b27a2d8a45611b53fe832d930.apk,61676,116568,4713,11212,56963,105356
b838cbc43894660624aeb24712cf3bf66fd1226800bf239aa381e8a03a2010ce.apk,54667,113128,7574,20568,47093,92560
ab53d5451e5910d9f28688fbd334aa4c47d1197430171e3ca58ee320694e6494.apk,28421,58932,3384,7465,25037,51467
c4f092e71ce272ea31e2687fca6305cc885054ef950ff3e7d06f627138462bac.apk,45734,91253,3298,7570,42436,83683
aa49baeae195aed5b910d5135dddfe970bad9307d0ff4330e1a2b4876d2881f2.apk,51976,101791,4639,10531,47337,91260
ab434883a6c5c1111566951b4d25f490844209b8acfff44d7d6b660b2fc8d48b.apk,35579,67342,2979,5924,32600,61418
b29ab8696b22aeee58a7e671d76c8cd5eedf7b40ed94e8719b47235d66a5e88b.apk,65458,133426,5770,14513,59688,118913
9d8ea0a0cde16075c946cbc9a1d1105900eaad46674abd252686694d8c01fc3d.apk,28624,61617,3870,9302,24754,52315
c40fb1cf1ea6673885e28a08173bf282aff89a260394295734f540f867cc282e.apk,20339,44600,3871,10728,16468,33872
c8642e3d9e46314a0f07b2fb4c93056a3a1e84e77efe2ef63541bad3c56f9979.apk,26071,53175,1269,2407,24802,50768
ab401aa7b6f88da8eaee0558dc7c0c9117ffa431f044e2e140c1619ed267d984.apk,63421,127453,5867,14563,57554,112890
9f88ff6a419b8fd351b2c01384d73d1eac414caddcff1de1ac5fcac93de93012.apk,44876,93094,5954,18063,38922,75031
ba6dbbb3dfb3f7631daca1a073f71756255bfdd711a0f29f78e3987f125651ee.apk,82432,174686,14713,37089,67719,137597
bab66242e65e836a8738c11a02f28f878eab509814e0f05067e223156d727be5.apk,23633,46600,1877,3735,21756,42865
c2b390402d03aa1168b531b0d039f7bb7e7975fee8e097d9c7969a47ca5aab7c.apk,45823,91389,1635,3677,44188,87712
9ae89891b0989721663488e04f098fc03466bb5cfe243d768c74d80a257551e5.apk,58220,131927,11716,30978,46504,100949
b9fac4c6fee18e7ccbba38942dc7ca46c7623ff851a345adb3a1a3e4554b37bb.apk,17916,35043,2723,7133,15193,27910
a43dc8f317ca228489f9a53a4d468e49e03c35d760340ed934ecc178171c2122.apk,20070,40621,2588,5396,17482,35225
bef6a11c5c9e355ef55939bb6879dd5d7da083f8fc363e6007fe6fa72d390795.apk,44845,100230,6051,15984,38794,84246
9de75b520ee1e4aa5ec9691bf916aad9c65586367dfa1780cf217b1e489c8f01.apk,109047,216465,28904,72442,80143,144023
a3d911a3b32009569e8cc4758b5c1422cfd3d56f71da93948f155dc34ebff401.apk,24569,40859,735,1258,23834,39601
bcdd2e9bd665b9f60248b21ceb68b2b721924b6f8073c59173271a8466b255bf.apk,74453,158942,12802,43609,61651,115333
c32505d6ceee4cee385df50696246bb015870f1c1fea37eb7c62c8942ed616fe.apk,23460,38987,1732,3269,21728,35718
9b288827bbb6857ac91507427d8bdd34a65298ff2efc597ddb8e7d42880ea796.apk,47324,92995,2371,4834,44953,88161
c17a902334da794e31af6f121363b097a0476f39eb4a5799e414394540cac4ee.apk,47173,95415,5917,14775,41256,80640
a07ee1be2edf1450ca1157cd16724a7e744a0e616a6b510b1e7e10cbc966edde.apk,48030,99878,4554,11408,43476,88470
c23295be4145e2976c6ed509be725681d4732bbf2c9c319d74b8208dcc0caa70.apk,36049,73793,3068,6827,32981,66966
c8dec10cd56040650369ad549184a8bb3177252991354362793a616ae0997f6c.apk,60778,119957,6409,15497,54369,104460
99f4e5c1bdf97f58e0ba26cef0dcaa80c46a661013e0774523947e7deb95fb62.apk,2496,3731,518,742,1978,2989
ba17089064d6978dfa2f5cc68a917e3dabe05f7c3124591d0d2f1a37f0ee589a.apk,49434,115245,9252,24566,40182,90679
b57bbe023ed63231fd8137f5786529bb75867334a08d628321e7936e8acc9d1f.apk,62939,124651,3541,9132,59398,115519
a5079bb9f68dd7eea424caf98b6632152812717266c3cfa0ba0e567acbe69cba.apk,10535,18933,1931,3854,8604,15079
ad37cbfdab7fffb6825b658337abec522af0fd29cd47c2be438570e12d9f5327.apk,55519,124890,8431,23052,47088,101838
b39b97cabd1a4125ff1ee581118b89dc494137895546119462d2d996dbb56479.apk,115997,304334,30401,111325,85596,193009
c401db2f4e381fee0f02e8d8bba7cbcc61d49d36405a5d9340b2a743d9b4f165.apk,63932,131927,8629,27904,55303,104023
b048ffcc77ea4879e097c5abb56c06011e89e7dda38e88b23b235b2bb9e9cb3d.apk,35165,69332,2762,6326,32403,63006
ae185a3efb148ffecbc7e8bcff4dd5d9b4cfb2517d725ff8003a1aec17fdad3b.apk,53101,94575,4431,9813,48670,84762
9fe4a6212f98db5cfd6c89cc41b1e6a63c8c7591dea7e2ba99edd0c38b8649b8.apk,12464,17545,431,740,12033,16805
a4f687d465559833abdf8bfeeb394ae0caf67bdce7111dba1ca77f1282f36e36.apk,56627,115894,8228,19974,48399,95920
9dc6aabaf60935eff2dbf3540bd0077bdc5a27184b5cf04b36dfdd38a3a4fefc.apk,103549,208872,12305,31570,91244,177302
c868ec00d1b2354d7be7dd7d5e05a172eb10d86fcf3180a73bef75d1163c0ddf.apk,66985,153421,10179,25985,56806,127436
b745333020edecbf03d31b4862341973b643f44a3d3c35d147a1a1deb92f5327.apk,40261,76072,5296,11937,34965,64135
c56adac9c0ba4aac0e9b2ae9cd94b377ee9fae4be3e498bb90895fa5458fde86.apk,59288,128225,8528,24186,50760,104039
b23804c7adaf67cec8ba711f143efa5edc6c13e593a0a10578ab255fd61cc98b.apk,38721,80130,3865,9944,34856,70186
a33df1776acedc957f7a11103efe350bded7ece3386502107e38eec2884add3e.apk,2844,7932,467,1497,2377,6435
ba9f3cc25aa62bf061475777c29fca189e8096de48f8350ee4c49b050ebdfda1.apk,16302,33279,1053,1636,15249,31643
b38c10397effd1363c0233b9b665371bbc2fdff45203c60fd7f73b29759e454a.apk,26967,59013,4056,10158,22911,48855
c895e46c3be3265fa914f45033f0cf587aa61bd05f9e6bde8db401e697edf782.apk,3783,5847,557,852,3226,4995
bb47dc5f34bf46f8e75e99268aa40bcac60dd7c5fafb4b6f1f7e405470517dc6.apk,54721,121439,12574,34586,42147,86853
a209e4db31cd23e0002f1dcfba12adc1bccdaa4e69f19a8b35d257e22ae5ffc8.apk,84087,177416,8563,20622,75524,156794
c978f68413805bb12df83a7df120e0cc9770553ff643b2ee43511680af863ca7.apk,58054,116007,3559,8408,54495,107599
ad01bce41e81b48eafef73faec92d3bdca384270cfa2ee8a7f51be78b673c72f.apk,48258,89756,3902,8583,44356,81173
b00984378ed0b3b7b1effb6d7f4d3e4840ca546c9dbc7fc400197f8e9a47f621.apk,32207,68847,4070,9576,28137,59271
b92d755fe864fccc1197f4ef6ccefc7afe8bc8ee3f30847f98dfcf29ceb36567.apk,36019,79821,7605,19973,28414,59848
c98a778721c81f537cf2ee33118748abb07227a2336cb96dc4db95eff51ec1e3.apk,61058,122376,6154,14011,54904,108365
a37fd8f5b74268c63012394c7e4e392189b3e580614ee0009b081ae308f9adbe.apk,425,666,425,666,0,0
ca3d8330b0ae0c7c5502a298b4c7f1ca085181c0eabff081ca6df29af5ec3615.apk,32687,55055,1906,3811,30781,51244
af6eefd68776234a95e2d21cb1c272fc021bf6e0f2bf2a2c3c62e1be6129771f.apk,114740,260966,21215,69225,93525,191741
b9985593207e4bf52d80c7d4b3bee072bdab59d369f9a30998b4da9319fad8e4.apk,9638,19552,688,1350,8950,18202
a247a4c3e9ca45326af9919e281bd4789a3d6b5e3401ae1f0abe03f6dd3c9a2f.apk,12994,18964,424,726,12570,18238
99e85d4ebee3e84784062c968dd09cb52d23b33661e131c21f6c5e272258e9cc.apk,48519,94519,4140,10150,44379,84369
ad00867e47b5017238b2d1554209fbbc1fd7a14c0832dbb1211e84c36810e63c.apk,64793,131200,5403,13026,59390,118174
b6e6d04c6d25d460515e325ad557216cc058d8ed82406e8168a8f9bb01c5a2ed.apk,72393,145541,13258,35062,59135,110479
9a5a3c8e3b2a64e63d5fa59f7b3c20c3ea15c95360c36afca71360823011b1a5.apk,12123,15447,204,333,11919,15114
9ed47c16ff2799bd68c309ae22140dbac2ab69d226daca96d23d1c2a0c087e2b.apk,48086,100941,6271,15780,41815,85161
a7c7be5bb412ddc8eae917b64e4614cc3d9a0c2bf365d75f66d362e24196a548.apk,41512,80848,3802,9055,37710,71793
bb4c91c70315baf0a18069e1c0a3a36cfb9a1a5080afaa7f07a957ff76001c97.apk,56653,115041,7046,16349,49607,98692
a4d05e62c2dd3a9c087aa95ad6e039455a5fe26e490a5d05e36061def063f6f6.apk,41529,79279,3310,7357,38219,71922
a957e1aefda81850e66db4c5cdcd6d74c9186bc727d966394d89f343450181b5.apk,47570,114197,9790,27693,37780,86504
a7e3c9b18cccb1259dbff6f6ea1971a36bf4db822326ff8a525b1294b07ae179.apk,21415,34079,503,777,20912,33302
c2ed17b352d71f770e1e7d6278c7f758d957371f1283cfe37827ce95091a320d.apk,32111,62128,2720,5878,29391,56250
bd2dfadbff7abff244ab975278fefc57a4f816597e33d709489737bb1cf32841.apk,30999,58037,4147,9653,26852,48384
a910cc65623d946dc2ac5bfdb35c78ba73addc49a1f6fa9b37eddeeb3ef50700.apk,34464,75041,4070,10810,30394,64231
c21ac60a0189f116699e0649a686481f3c2edb305468b7cbcac3326e433df275.apk,16328,31209,1161,2298,15167,28911
c75d3092ea082495db6271834e1bdc278532c6e1fd6c24133b100527a21df362.apk,111272,244748,15997,43953,95275,200795
9db4b222332675cfc00ff1564cc18e622277396d6b98106cc0c707d32001d2f3.apk,77242,152869,6756,15740,70486,137129
c5b5a84b5570b9b3de50caf05a8ec520aa999cd2ff0b24e344cde9f5a9e6b9bb.apk,62314,112632,2808,6130,59506,106502
b61c9c4466f97a77d100d7fd49fee2201a00156f0bc0415cc9b1ed38f870260e.apk,24152,54708,4464,10403,19688,44305
c50e163a0e77d2a09c84a8fbdf2e040a3bb7ba3bd6d7e0d907af4e05c66e45c7.apk,4060,6527,542,816,3518,5711
ab16d964486364b311eb5866c3ac575242042206eee3f3b6087dc4540fb1613e.apk,55806,117078,8162,20992,47644,96086
c67713408416a0b0504782c6ab2b3075048185514ce031b0f78f4d44099babd0.apk,47357,91536,5567,12741,41790,78795
b8baaaa7ae543ae9a41e7e0c93018577db96ba08df0c3cd5a75364ddf5fb0cc9.apk,26307,48158,2169,4381,24138,43777
b6b8553f79605f3c070b1cf882d8207b49eac15ebe1e65107a611f16908bf9cd.apk,66139,142751,7212,18858,58927,123893
c139920e36dd8f463c363f31c074b1176862a781a17be51e088e6bb2b027fb9d.apk,151,156,10,9,141,147
bc3a2ae7e42bf5c6375efa88f930530aa2110010c23dadc1e28b30be83847723.apk,51395,96546,2717,5636,48678,90910
be9c03981c0257fcf8d552721a4682a9ce7116f4ae699bdcaa27e034d74146be.apk,10589,20639,931,2140,9658,18499
a3078122effb06a1f28644e07eac6f03950f3f428b1c7ce6a2bcd05de57a0795.apk,58320,119128,6937,18104,51383,101024
9d8e8996c1dafdb73f2ba0f8a8476f1afee96c4c0a51cd0db09bdd554c88e17e.apk,48062,94927,5436,12618,42626,82309
af0184d697c13c2bd24613df2b8159d8bf78a75f44699559df648facb1c62168.apk,15973,28339,516,917,15457,27422
c0f464f4c2099839bd26de754b402cc9fdede8c5ef52691b8e0528ffb1fda2bf.apk,44896,88919,5520,13736,39376,75183
ab1d9bbd89e66eec543937a7531315d135d87935f3d5c9bf4a4c611344c64a52.apk,620,1159,350,645,270,514
9e511e13ccd7f8f0a9dffd68269a8e69374e84d28ad62e832344dc486d9178ea.apk,104,93,15,14,89,79
c5194d992be104824d64d91b606dde65097f0fbc311a3f29ad3e5657ff571f15.apk,25064,42494,1909,3993,23155,38501
9ff01736f2e2e4ba3d16330634b54a7e3c6f197aa0f0c5394c96249f38e7ae14.apk,18212,35005,1465,3159,16747,31846
bdeb198cd41804306454aac0a22c21b4e511a7b47b1cb8a9074e1568722fd67c.apk,15914,30827,1376,2409,14538,28418
cab08bc96f910d40b6ce76d450f975b569e515a62351c7527262506cd843abff.apk,47606,104365,5640,12600,41966,91765
abc219ff4671aed9cb4341fdff6a1b01d805e685b551086be04805709267ab9d.apk,16286,29442,2754,5725,13532,23717
c904010bd2f58290e2c09bc4d98fd46d930d7a88547124f9c414b8123ae20574.apk,75017,148329,7521,17985,67496,130344
c8119aa31190407b988cb4f3994a2ca962c126ebd49fa2edcd4ca2e2ed7d17b5.apk,33274,67541,1724,3364,31550,64177
9c23b6f9c3e246524ad7003eaf55a5678f43b61bdf8af448b751b2863a227fe9.apk,60548,118024,6501,14103,54047,103921
c3c71483517f6e3b8e39bfe368bc4da5a198a488fec57e774d4b442f9e8c05dd.apk,24765,41283,1691,3189,23074,38094
9e6d2ee5620c3394933c630cfdedf6b23838318729a76f7128ff238a2c3fd647.apk,27523,52456,1477,2685,26046,49771
9c77788bc68078e7eb4b546224787226729abb4366850c6148d1b75e09d05964.apk,30594,56165,2007,4300,28587,51865
c6a814dfd97811dcbb6d27c78e9f656d642727f1ba93a3a02a823248ede7c3f8.apk,38045,69382,2033,4385,36012,64997
af8cc4d5647f9a1388601d3ab86f371acc442d0c701e5a001971ede331cd4af8.apk,63977,131175,7611,18745,56366,112430
a9f27526eff5f393eabfb3740d0f42b90771d169d9ce444be56460acf234fcce.apk,44069,84619,4448,11956,39621,72663
b737ee18e9d7a2be80b89842518f4599ac5a21f04c6524865669342bbdb76d52.apk,42541,92151,7858,20105,34683,72046
9efb4da77a32f4e4b8625d7e831124d48fd91a82d3a370b07235d874f34d7d13.apk,39343,73177,3640,7394,35703,65783
9b39382f2d6f091cbbb6af2f7731a21abbd840240d9f0eb4a06d9336a1535e37.apk,57032,108265,2117,4218,54915,104047
bc62331f6d2544e7eae96057dde99350b5ef8214f96bf713465d9d5d9e72734d.apk,26697,55620,2590,6068,24107,49552
b93dce4f0290db5c51fdaf580f460539cbf1730e37a1cc485845d59be1801710.apk,38854,76869,5266,12516,33588,64353
c861be0d866db820630d3d76c43406294d203a47ad7dd6e0305772c934851462.apk,36254,75189,4060,9250,32194,65939
b6cad24d514947edb633cfba1383530de78347ae3098539229a8a8ce7a4667ca.apk,68201,138941,6879,15817,61322,123124
bd3a30f96af4af124890b9e635c5484c5a8db60f70e894913f616457284c67fc.apk,34381,73423,4170,9338,30211,64085
9be5c7ea746b0b2f085a121eba3dff6d3f72a8a36e7f4a7cb859c9daba366ccc.apk,35103,73224,5776,16816,29327,56408
c6a78b2fa06160186210860c5472d8bd0ed356a7e9fe48023a254cdc565d8bdd.apk,21359,38157,1743,3375,19616,34782
c6d0e7036108d81370c46d55d1a7add783767c0892e166d769d6b7114516dd55.apk,110075,230985,16519,43939,93556,187046
bdcb70da32fe8f293507716a3be3a622e3f83748e0acb12c331eb5c4a192affe.apk,26547,48897,2171,4112,24376,44785
c87acf64836b9e2e99d17aaa4fd11c5c353832951276421fbdadd2f5b77d09cd.apk,61127,130335,9011,23857,52116,106478
9db1497a68fa3879b87b2f970de8419862b1b78c561ac6b895cce77ce563a567.apk,29539,53884,1737,3498,27802,50386
ba6f1f2b1f29c62371db33b54aa73d5b9913f59db05a3eff06906d062164c6ef.apk,62520,125771,5458,13275,57062,112496
a58fff31969c46119dbf28c39ae01d5952fc53e3071c71d052cd72477adb8e54.apk,21253,43543,2657,6282,18596,37261
c0bc4732949e3db9c307690b7ce4e2629d2812af6f0d94bb2eda0b84a62fb5f7.apk,48719,99259,6597,15562,42122,83697
b507a1c5a6d561c4533f8db2d106b145e3448b42bfa4493db05ae0768b3f04e7.apk,68084,146129,13585,35843,54499,110286
b5e99fd049f421041f31e09a475a4240a3479fcc40b12602dc4796a62201e9a6.apk,15128,36823,2278,5300,12850,31523
b48645a8b9802b9d5588a4d4b132e68f4a8fa8f8606d2c7127f2d83ce5f4c98e.apk,44504,92512,3700,8077,40804,84435
b27a21de6b9969156d0deeebe451048831b943a8e8e9770b058dcd05a1403116.apk,42157,84227,6618,15332,35539,68895
bb8bf61cb766d0894bc8c345eec7bdcff9ff00a9eac49039d8d0077bcf226f55.apk,41402,89317,5346,17666,36056,71651
bb6a139e1fc8a75a9a42d71ae7588e576c5986c39810844eb751d131b2701188.apk,27678,48606,2207,4448,25471,44158
af02d851dad432fea555f75e689c0877a412c1d8a8e2bbbc169e3fb629a01158.apk,37079,86334,6403,17137,30676,69197
aafe03f236eeb7c17a59555bf33ddb934726d932fa48c23ddbb9725e7e30ffdb.apk,12067,16844,236,328,11831,16516
b8c322694bb1d6edbb259483dda7fd03854022ffc40e5c807a1833177c805b79.apk,52604,118456,8702,22836,43902,95620
a16ee804077e0d9268907c6714cf9f93dab05f23a7fa0c9f7ba15475ad7ce00b.apk,35734,66142,1489,2632,34245,63510
a0a841cb35dc83e60614042d55da3c6e1031dcb76c93537734fc0ffafbaf051b.apk,75286,159431,4446,10526,70840,148905
b08330494dbf965db24bfac7e8d6b680072fbc57aaedc38a027ee3a15abcf9b1.apk,42010,83647,6453,15737,35557,67910
9c89c4a1d250aeb251f5f4c51035315732367ca1575dc6eef895968d914bb4f3.apk,25056,42491,1911,4003,23145,38488
bb59327eba8af006c494619eae8cf07c9615cc36580192e5dd7447c5b9f2cdcf.apk,59213,117076,5314,11655,53899,105421
99733194bfe38096ab3bf4d312604ce417f8ff17f17c675f434cd031988324ef.apk,57266,108614,2011,3691,55255,104923
c3a05e420d51cbdd52a3b54bc7c1deded4a9a54aef0593f1f83156402a10df1b.apk,36688,73607,5496,14783,31192,58824
b99c33a9b113894ac08e960f40627dd3a7ca7eff007504b0c341443586ebd578.apk,63278,121797,2890,5825,60388,115972
a66f896b19835f4c95925de09b040d8122a211160c5d5b527a2172d07ce6f502.apk,65168,149010,10533,27003,54635,122007
afd01c4984eac326c83c12c4cc51b5cb06fc3e9c54bc37e11c722160e161096a.apk,12468,19058,1197,2275,11271,16783
c71bbd194fd03bf9ec883cc8249db0ce12ece1c3e12a56b950a789c141e0f9a0.apk,53814,106079,5384,11838,48430,94241
c375456d20dfb312ed7c8803c8044e32c4e52d043c25b3d4c0f2957307141bf3.apk,13081,24723,1716,3311,11365,21412
a98a06e0b2e214b9b8d426ca594906cd4847c7e521d2c030a89f87092b52a8ef.apk,70365,146057,9836,24137,60529,121920
9f09aed5df0ac3566e676dc2b020c008e58e233e0818967c605b6212dbfc8cf5.apk,28140,55584,3259,7546,24881,48038
aad2bf389fdc86e7efb86d256c3b615aa40077a9253fd808b7ec84ce1fe82e58.apk,43683,89472,5604,14481,38079,74991
b143276e6082b38bf311ae6339bf0064d322cd44a5a61d531dc4becc9cc1b997.apk,57946,115893,5167,12182,52779,103711
bb41dfaf3cd5923fa48871e8975120fdf51ecfb758b9b84690cf86fa7623d2f5.apk,22579,49658,2772,6173,19807,43485
a4f65ba816527bc84634b9f7b3ac7688714fdba621a38de0a7089deab8466f2a.apk,60350,125509,8043,20624,52307,104885
9e09e3ca3d471c2dc888d769588cd3ec1c64200bd4b2a41c1e675c48abeca6fe.apk,77777,156238,4656,9690,73121,146548
a0283fc12743e3b83f648fc4bba311c533f40abfb840c8ca1f3ecfd83594a139.apk,44182,87117,5056,10906,39126,76211
a6ae62d4ee3cd795dadb0089dc402eddca35d4778efe8a9ed27cbfe7ff331783.apk,54160,111364,5613,14947,48547,96417
bc36950b39d215922acacd7922d3719e7b51c3b23a6dab3f61a7c282b535e83f.apk,32992,62837,4810,10854,28182,51983
b1d23254d6c52d3e240c653fc33a5d89927ab5224b3af830491d4877bd0197e5.apk,53057,103441,6320,15829,46737,87612
aef987189e429a2232acfa66dbb9c7d5e71f2dc67a17d2482961742abbade11e.apk,49793,93263,2754,6201,47039,87062
9e199b4a0453310fa66b52dc8c6a9da0db71fc97e1cfbcffb201a16752811a32.apk,54801,112216,7180,16899,47621,95317
c108842e7089a7c708ef1d73c70b76323bdc2217f4d852951a137e0a0cd697cd.apk,14817,27352,1238,2084,13579,25268
a6c3cd55bae821613237cc9aa31c827a4ad7acceb4ee4e300698c34ee11f6caf.apk,27678,48606,2207,4448,25471,44158
a4fa4b5ea72196cf8f5b451c72c99c546a81155c87b3241a49a2b970e59287bf.apk,21162,46439,3736,9603,17426,36836
9b00368dd51fd811a38272b84aebcd3218b820e68d57a37404545232bd6137a1.apk,65539,132536,6210,15773,59329,116763
bb580a499a6ca5765c160951a34d61d2d342ef23356f989dfce351965a38a883.apk,59307,113999,3088,6693,56219,107306
c099dfe9d311ff8fac2de6d0f13da9ba78011a767eb69be6747e236190d8c398.apk,59876,154789,12145,40475,47731,114314
a88479802c64363531301d49f43ec9c07432dfdecb7871262fc4ca68242779bc.apk,5839,13284,767,1480,5072,11804
a5852fffa52dc2fa3a4e497d2cbc9a20fd19e5f0de8b184ecacb5cec62de4477.apk,10465,21775,1933,3675,8532,18100
c5e03e5eaaba2bba5289545f80eb9b96c9cca1056b28cfb5742cb0301513f411.apk,71534,142562,6043,14129,65491,128433
9de76a59c1d4eaf3c470362f507a9f7c39a836ad05af71628a0fb3c5596cb051.apk,67063,140007,6729,15826,60334,124181
9f8a957571a5078a14187a82fa06ed9069a8fad87d16830b58930b0b2cc8cb07.apk,50942,102988,6721,17270,44221,85718
c27a4bbeff54592c027c212a366fa569839a54287a9866525de78bbda4e1befd.apk,95751,211181,19004,50190,76747,160991
a62a2cefd9b20d9884c63bbf6bf44662540df195800f51be60139cdf04293910.apk,57861,112023,3327,7075,54534,104948
b87bef0d223c9db99056e0665506ec0fb0bf4500c63239c41a033ac0edc53492.apk,42288,81199,1818,3645,40470,77554
caedf88007b0ff6f1e99a1272233f45a5ed6d0ea71d087bdfe150e829c6bb581.apk,33590,59697,2222,5104,31368,54593
aea589d4d32bc1396cb32cb705a92a2233bab3d09e87e95313c7233406bd2406.apk,19164,41807,3716,8133,15448,33674
bdcad08736cd676c7e84935e15587f83f9564847970893c80a5916c37923821d.apk,64134,126134,3540,7412,60594,118722
9bc3068cbb1b9a9ebd7213a998f224e21bae2455dcbd88851ed45145aa97a5b5.apk,58678,114305,3998,8980,54680,105325
b965a464f64fd9922c8a9d779899ba03f7549e35feb6e4a7fed42e81f5f73059.apk,19812,39348,1537,3659,18275,35689
aa8a2714f8048a60481699abf5443f20715c9ee0dbdb3eab3d069c9363537ae5.apk,33590,59697,2222,5104,31368,54593
bb5b7831b82adde0af7ec82c353e02594dfa8c61927cf20f3800aaa3fff71a0f.apk,43798,90941,5484,14145,38314,76796
9dfccc67ba63e66f79a8c5cda9aa17a4eae614e1b7f814514cdca6d60dd70e68.apk,26428,57054,2668,5727,23760,51327
c9643e5aae3da8e713d25b6b08d48d654b01cbedf4de9531218d7d58447316cb.apk,73490,175807,13916,45307,59574,130500
a97980f9714d6b29de80094809fd8830f8847c5bfae1315d21c2a54725127228.apk,81812,154046,2959,6072,78853,147974
b01ff2f498ee95c7a74bc2021828c9d6f7d71e04838575021037b87a77eb83cb.apk,66781,139429,7767,18876,59014,120553
c10a7f9efd6acd25cd0cdcbd4f10c178757c0e0f43ffd9863b2b831c31ef5951.apk,59385,119384,9862,23298,49523,96086
b119362f52b0c2f5e6bacfd097feae55bd16fb4588a9413b733cdea2d6bd34ed.apk,52836,106873,4955,11398,47881,95475
9e9d78e3c5d2b7bfda9cc2957175f296f03a8490dd764ba00b8254dd1fd928ad.apk,17631,29617,903,1798,16728,27819
c2f4cfde34b4b6f839880cd17038101dc3ae9d751104cdd6d7ed192bd4a46853.apk,53389,102917,5665,12472,47724,90445
aece02f266786514f5d7111110f0c8e1eaa779b9b7b9edce0999bac6f8fe7b64.apk,86516,175097,9477,24089,77039,151008
bf65e393ccb2abdf799236904e35e4c1a9661f03e628f973dc28024642e49d1f.apk,66138,145604,11417,31867,54721,113737
a1f8288d8eb59287671c6f1bed8927c798fa7adae6416881b050286d704b6314.apk,39153,84998,6740,20891,32413,64107
bd3e269dda2a69cbc9f92ad050ce75f3faedce66390cf832b0f35695fb54671e.apk,80215,153669,2898,5764,77317,147905
b062127a04d33029099f480de0b82ad3979397fff499a9ab8e8367fcbb8fa650.apk,79138,170228,10052,24583,69086,145645
c388e1d589f1c92cc5e4ae1c28b9d794fab82648648348e6509dfa971ad3d60c.apk,33524,61487,2079,4132,31445,57355
a20b570018e1f611d7ff3372fa4c2a7732e99daa6a8982d0a5cdba308748aebd.apk,60069,125552,5610,13826,54459,111726
a8de21573a7702bae877b67912a5ad662fb57b1ae359a4ba4184ad37ece0d366.apk,59327,120836,8934,20845,50393,99991
c3bfbb06596293362fd018f28f6456c3d14f29da57a326d8081c786f9e0f2de8.apk,6619,15129,1841,4019,4778,11110
a3f21301364c77e0980c340e9f1958e292a007829525187f2c1a87444b922905.apk,46542,93327,5928,13694,40614,79633
c98112e795c50be30ad162f9d306fee5596e86f233dab8536a5a21ca34c1f102.apk,15757,27456,520,851,15237,26605
ba070ee640730bd1dc0899e6c51765436fecb36535d826eb3aec2b7054d96979.apk,75397,177296,8311,24536,67086,152760
99d0017015d0c582d4ce008b1d3e5f6c2f5c09d7f6900f3562ba12254d9094e4.apk,72122,205706,22910,93696,49212,112010
bb5a0f630b2872dd9ea6ba3305bd5399e51e25841d68d1346080423eb126f808.apk,33520,61945,3262,6985,30258,54960
b68d769a2dd3089d9a68b4adc8a864a5afef98f25fb79834e003e34e7175dfca.apk,68553,139835,5185,11988,63368,127847
a92d9b1dacfdecb428ef5492a79caaf2553355f4051e10b94a210f24e1c7a43f.apk,90019,202263,17962,50877,72057,151386
9f6a804b0be812f53c402bd108b69beef198746e13cf347911bbecc09252b84a.apk,47990,98614,6005,15015,41985,83599
c68774ab4d8181dc3260005423dd028bc551cf237ae33a9762e55130d66a1502.apk,46209,101033,3689,8709,42520,92324
c3578a25b23194194f24aa994278d612676540bf757d4480f2fd9e906d88b9f8.apk,50529,109835,4291,10219,46238,99616
a5286e429c59eca460f47133456e318530b793b32cd42910ecf99d0c9486637e.apk,82296,186712,13989,49043,68307,137669
c420796d4487a0145dbf5b2dada86a1f3894b87de4d8ff159cbbee8c0246ec66.apk,70587,157424,13053,34997,57534,122427
b7319e446bff6837f01a56d2defc719e195f3cfa273e38a43ba93394e145c3d6.apk,67990,137355,4108,9495,63882,127860
9c5f10d367743f37a22f1ff408bdb026e3b5f2abf1a6870e869e175cb50cc7d7.apk,31698,56109,3824,8561,27874,47548
b20c32686d4c2d574394a33e50393976b634ba7ea17bbb47c2ddd900bfa8fe0d.apk,61527,113481,7438,16662,54089,96819
9ca84f18586304c89f700b50336b650a6301b7502db5a08b9387a1175f9d1ac5.apk,38114,73615,2845,5894,35269,67721
b0025eb319745513025c065e88095e2d163ecb4a191408599afb4950535ede31.apk,76446,155845,7025,17520,69421,138325
c035bac230bf79d3f31a270cf1aeea29bd607cbacd6e5d4432a03c86750ed2eb.apk,60151,124764,8386,19379,51765,105385
c877d94784a9111d58560ff2e24b75ec9bbceb42896929eb98e41ef7f9976ef9.apk,42477,85282,3832,9170,38645,76112
a53e7134134c40a7842fcec2c4453069c098fed327f2e406e95bed8700971f02.apk,62724,122160,4208,9279,58516,112881
a8ff4cb6bcb774c4aa336f3878668cb380e25ee91dc8335d43117007aeaac22b.apk,73980,161398,8660,21508,65320,139890
b60cd76821c51e1469fac1e4750be4ced2885f078cfbe78c70b473360e827bf3.apk,57196,114647,6693,16610,50503,98037
a3f1f40dfdc5ed7a5f833f7a4f500ba6389bbcb81371522155ad98df3ece4301.apk,65246,129764,7007,15254,58239,114510
be52fb604636fdc5f6c03280b28c8a4e1b89eeb46f7ee338e79a7fc829219094.apk,82893,185052,15591,44582,67302,140470
9a37a3613fbf9be13248f4d400ed80a09cd32cdf64c773bf52b564f1e76f8dd9.apk,24274,51546,2920,6516,21354,45030
b7a9830182974520d7cd4208c36be1c06ca5f31ff356bbeb087afc6bb8fbb207.apk,50963,104763,4082,10026,46881,94737
bd5c482a1a7f40bfe592bac0330ef13c5efc85030cba6e23e6ceea8625de6892.apk,31255,49394,4022,9793,27233,39601
a2be6bca4d8df2ad503892a7e149deac0e7f45119462964d3bcf4b1e4df3a4bd.apk,36425,66565,2305,4618,34120,61947
a1930c2b7327058d73f055b6d04166a2f7237106956204d60369493c478ac7e7.apk,64634,123233,4012,8636,60622,114597
bb114526f1448d4494a1e9be81ae402f630978053944834832fac2d4d4637142.apk,64850,130738,7409,18849,57441,111889
b656a2c3da8ab3bc3b49c4f43aae35118bb87614816dadafae55ce0f36d2429c.apk,1792,3415,779,1489,1013,1926
9df0ce90efcfa28216391ac8f3c559b2baf91261263ec47a6ca2b484a96665d5.apk,104068,218978,13797,34968,90271,184010
c8aa3087ae9c2ccb972bfa5f1c54110dbbe8d934c943fc06b31b94cb04a98b64.apk,75199,179862,12311,35222,62888,144640
a199a44f0b9e01f53f9199aecb70348aee581c4ddb947e9b01fa44c906cdd142.apk,36255,72939,7734,20510,28521,52429
9dd7ce03938364af6e13e1b87f2ba0b5749ad28b97103503809597559ac64752.apk,93093,203084,11836,32662,81257,170422
c2027c12bfe6daf37f3c722cdfb9fcea5ea7c2afdfa95b9cc128fc68cd2f3d94.apk,37269,66591,3816,8483,33453,58108
a69d5661268b02e66c3355078489b909385c1da9f1c50f25c383f15a9af21081.apk,26666,45465,2107,3978,24559,41487
ca29e11eae807f1cd5f5616ace891e1c2310d3b294b3abc0005033209a806f6e.apk,73153,139236,4632,10740,68521,128496
a21870a6cb82d7c7237dca09b3f5f5f84e4d6ed3ccf09760f803015e77289ab0.apk,57461,111523,3777,7715,53684,103808
bbd41ac952f4113904f47ebe70502ad314d8ecb99e8d3878a8a7b6abe5453c95.apk,55380,111794,3659,8450,51721,103344
c7b2702fb46930072d6aff5b896a8d8e9c66427936620a0781c9ca194e1d3603.apk,51404,106153,7739,18636,43665,87517
c66b9493c295b5c1beb391557e2102314630ab60dbbb0b1f39229a692703ac64.apk,97716,203289,12939,33138,84777,170151
b4dd59d54cfc923453ae80992f677dbfa59411814feeef1164d11a7ace4ddb91.apk,110044,230016,9946,25188,100098,204828
b286f250bd519d8d67a27d0e253aa3eca0941b26d71df3e9d5abd3eb304218ef.apk,7312,12155,217,295,7095,11860
b30c1c15bbce79dc62dcde3b3adf03114110fb1c39224ec6845ff4e64975fd2a.apk,97852,198418,6850,17291,91002,181127
b47f3cce723144e16602b9fccf3a38508a4a6f8876153b428b28f7b3c5f0e1fd.apk,57535,139361,8638,25650,48897,113711
c6e95bc5d01f3948cfc1cdc7ad659fd44e4948081cc333e1c98a9b6095e2d44d.apk,1941,5698,918,2816,1023,2882
ae67744bcb5b2a49f609ec44908a84ce958e3de143d619d94739c4bc59e4149b.apk,41297,80752,2770,6675,38527,74077
bdf1a93d07bfaf467b44bebd71b5298d45e46a341897d0289b79cd40b31d34fb.apk,36688,67231,1603,3048,35085,64183
bc2954664498baac11345d23eec36c95cb2cd3c0f6053f6267aba9d3cc27975c.apk,3570,4366,36,37,3534,4329
a8598e721e132eaf39125be2850d4fe139d95553fea407e42e074641bb1e9ed8.apk,88806,197842,9571,26893,79235,170949
c3425c70c23dcc12a38e209f5b70e4205f2b0ef5a67939e6b34956082280ad10.apk,39322,75605,3307,7009,36015,68596
9b8fc78525b6849e789949fe7a9fcb5685bdba23f42d2e518b3583c2e75949ba.apk,31203,77164,6135,17037,25068,60127
a11592c9c841e69853952ae588b669c2b96b9f2b5744d770182bfeed202f4e27.apk,34098,62968,1806,3503,32292,59465
b89a98e1808a8bd84adf8dc004a49b65f0cd0151cf35c61ddc1f7d0782fb7cb2.apk,9990,17446,1440,3408,8550,14038
ba09c4b44995f6d0d775265830951c9366b635fa2124ffdf04547e58c054aa4c.apk,41528,80888,3780,9016,37748,71872
b8ea1b2fcdf27661ad820e7fbf1cbcea1c8d91e3573ddcdeb9840d665ff2e635.apk,40264,96354,8160,24043,32104,72311
b7397039b436d6352343d74bd2fdd86530b7f3066bfe171a2530af7efd1a1104.apk,85787,183964,12892,34266,72895,149698
bbc43d95bc89e685a9b27760e86abe882a16ded234c1fa98f3d87350c5d72acf.apk,25899,49451,2503,5530,23396,43921
ab1eef53723abedb9435fcc7a35c67d900a250a953d630d1bef06dfac847f527.apk,55750,123063,9189,27314,46561,95749
9bccac45833e7dda686a2057ed50f3e58e275b8b9794e3b9ad9fc7c5816a00eb.apk,55289,104871,1907,3808,53382,101063
b12cfc61f3033b9ed0c8270a679b323bb496580bf0c2d105b5e4efc65ed2e0a0.apk,53085,105046,3524,7589,49561,97457
acf4239c62bb6b268dd819144f262a980b0027535708be621e0d68face3902d4.apk,25161,55203,3971,12393,21190,42810
9e6969d0f9c5f1b7805cf3d6de24e2a1fbc3de09eae1061cc2de0a8690e39bd9.apk,57846,122640,7311,18307,50535,104333
9ec229456d3ab7382cf44ee1a015a5a8ec84dc67982f28d2358dfda8f56b7812.apk,28421,58932,3384,7465,25037,51467
ad698dcc59b1a46e603c68d573959e45c8cb83e4ba734811c3794cf6ff02d047.apk,15854,28832,2892,6652,12962,22180
b4ebb5616da6598ce152c470c9797d97c7e906e564be58c9ff3a74d1ab95c428.apk,14965,27036,317,430,14648,26606
ababb246fa7fe33356bd6776dee54cb456152179f77f8f8c17e139d455842194.apk,48950,133436,17949,63126,31001,70310
bc4a7cd14661e8d02f1a9c74c5c3bb27e2713ffc5bd5210b5c8bc2ca8239b9c4.apk,78476,169910,10733,26254,67743,143656
a09cc5ce5892b12ae0f31736f919e1d66e107a45c806d9e5f747cc6b44dfd6e1.apk,108589,239269,12524,33439,96065,205830
bbb6cb44666b3b0a6054a919cdec5cd36d30cb41897632b508630ea7fb15198f.apk,40788,82011,6852,19826,33936,62185
bdba2ace6d041f3c030461af92f64614a7c38fc3a0b551106a702d5c8731bdcc.apk,56147,119231,7885,20785,48262,98446
c5f86a63841d85cc25143e87b0c9907e4e628ae18b856ee4fac8188d363db186.apk,19710,39433,2025,4290,17685,35143
b4d264f407791a03b2d40c7877027e66f80f4da3e5672c82bee6b198c31fda89.apk,52127,104300,7526,18288,44601,86012
a60844789379b7a79c3b62eb20b2d0877cbac98444ebfaa9ed5626b84ce7fae5.apk,60964,119499,3782,8190,57182,111309
c6d2c3886bc26552a56a63363ff2b5ed0ffd93f7d5b0b381ebacdaff08c1cc3b.apk,17342,35390,2464,4932,14878,30458
c9f3e54b5d6b2a537e55ce40add668faf8d63a179e68c96e482810f4a06b819d.apk,24897,52709,3602,8338,21295,44371
a5c33c62584d9d729f0877209b7e2fdbb951d40a26deaba517c9197c8cb26748.apk,56737,114854,10310,25689,46427,89165
9e73c4dded47c38bd32d29e368a7d90147f389aaeb329135446511631a1c913f.apk,53907,120143,7304,21874,46603,98269
c7a4fa0fab6886e61e2a2cbd704c742168e94962e55d3345811d2c3dda33a243.apk,19264,38685,3341,7183,15923,31502
a210d357783d5109555787fa426bd7afe1145dfaa1db47df2c81f830b5258e6c.apk,33816,78841,5029,12587,28787,66254
b22a493181e8433906a2337149b6551b630e2011f9a12558f47f591104cd6199.apk,48419,94944,3395,7197,45024,87747
ab5584470acc16baba8b90a7a1363c0779877369af41eb3aafe9739df09fc3f7.apk,32295,63060,2295,4896,30000,58164
ac6467c1587caf2e1f02f280510f85c4beddd110343f5e3440a4b6398142d95e.apk,52938,105325,2998,6382,49940,98943
a051e50483e165ba901ee6850beffc1a451cac0e2a6a5ab829b4b7b449bde434.apk,53614,124264,6850,19529,46764,104735
a2eb7c14aeb6742e15cc2ec57af5b751cdaaec4de863bed1c6c32ffb153c1a5c.apk,50994,107435,8791,21760,42203,85675
9fba80270cf417c99cfdfc28e8575c0bce55f93407a32cc8a191072115b49dab.apk,57528,116958,5131,11944,52397,105014
c95f9d48294cb21c81d49f04e9b44aa9a196cf7586debd085a3c7d762b24abbb.apk,42778,94634,7775,20107,35003,74527
bb11916a69178f2731c0147b27e1c726bc28a42996b80a992597a2e68f280707.apk,62072,127096,4496,9940,57576,117156
9f35f764dc263fd0855a08732d1471e49e1fee0ff110b146b22869e8c840d505.apk,39145,88963,8120,22277,31025,66686
b690f92672f5f92457ecc8915e63e825fd5097df271dfe9a946e17bc08e3268d.apk,105379,252948,21696,63430,83683,189518
be63cf9a5bbdfa4c7d4215404157db07f59735e5b629f1b1b05f0b5bcf0862d2.apk,60006,116729,8649,20154,51357,96575
c6994c67d7719ea50270cad009f0e75e0abd729d6aa7f00b57c0d997e9cb9787.apk,72700,181964,24712,75848,47988,106116
b3151e8505959d63ee8dd857d2546ae2a4a36a4bb35b461683f2bb12849f7845.apk,8257,15726,567,898,7690,14828
c83245e72598346fd8b614abbb5f2b97cfb8c02b108b156de34211561791490f.apk,50359,102918,5612,13654,44747,89264
a0dcdf8f6f11798f5cf8e4a1809a7e2344a50b0665f1fe423001ecfe285a5c4d.apk,65058,133426,6809,18016,58249,115410
b4d55df1b0420bc4d406216e328aab8c385ed9251bcb6918b526f3cdae943a3b.apk,14817,27352,1238,2084,13579,25268
aaa2285a0f3ded6cd4e5953930a7eb3f654962ac94b3d3d361face91c25ea4b9.apk,4562,6138,118,136,4444,6002
c16b0e40c556bfd0dddfa9e3b3fa3f5692db55aa005c272557b12b0b3bd30ee6.apk,38462,78146,4085,10799,34377,67347
c478587b9d8b173244bcbc708dc1bee1f62734f99c12940c73347ecffcf64671.apk,59829,127135,5932,13597,53897,113538
9b7915f80755f018dc4c0fbb126da13735722d12d6fa99d5a61e926de5f9ac4d.apk,36287,88511,9618,31001,26669,57510
af3fc311255d56b0b11fd8b5507b8c159319701fb56d74bd5f8f1dc5d6271e7f.apk,29442,57109,3019,6828,26423,50281
a76c4e80f33447b50e9a0621ea763110283f8c68bb22a5ee6bb61f30355f986d.apk,43272,87650,4487,10411,38785,77239
9a4425e4187cf831397f20c86a8ee868189b97d854b0ee5e1bab1bc375894242.apk,3075,3911,267,417,2808,3494
9b04de06af314bf3fcaf9fedde321d523693ac778118f6294a00983e95d125d6.apk,48917,100342,5238,12392,43679,87950
aa332709b26a17b84be9f271d8fd4639126a1292769e46bb18d957c68b3776e3.apk,12418,22658,234,306,12184,22352
c5a7e5e12ba9a55ed56b43c2bda2720029571b8ccc1de56db0d9f62985c58c83.apk,38087,70286,2428,4990,35659,65296
c24ebf226f086394324b0772f9a316b4d2556318e5b4296adeb5e8f5eec993b9.apk,24192,55167,3929,11967,20263,43200
be4ef0e65a504c2afe5c6ee876fcbe46e71cfddf4763323a75df73df4246cc07.apk,38063,71791,5707,12622,32356,59169
a0e811493991a68baf354224c597aae0bac25c82792df657732a23d33f59f02e.apk,31264,64934,6513,16264,24751,48670
a24edbeec1385250c10ba9984a4c8dd87122acee6f88160b8c7794cdb923142b.apk,44872,97564,3990,9847,40882,87717
a6f03e979281eba000fa229a4590e3054fd839f7ad0833ecb823d74d7d7efba7.apk,21125,41893,2295,4639,18830,37254
caccdd84f8e8b5c3cd4055495d2731ae881d578a37a0f5538688368c2ef3a706.apk,2131,4377,527,1140,1604,3237
9a96ac7306743a11346918270dd7ed81d88d6e994e0ae9b20fb47ddeda2bf0a6.apk,29997,62681,5874,13410,24123,49271
b096a844c8c015038c78ca913fbac7f307e13e4980a7e507b0e14d7f1ce49607.apk,15297,22128,314,484,14983,21644
b13dcb8d05c67928e3c7df9436c99440e9640ebb7dde37f22213eaafbae9a9cb.apk,51306,97697,2212,4517,49094,93180
c688ecbd025ff471acea61794fd2e548f30d39934899a1487b20af9d8eae9ea8.apk,59243,113685,3918,8312,55325,105373
c5fe8bca7c3f974677586670a6a3450842d9532ce1d35904324969e48f184adb.apk,51014,97176,2258,4553,48756,92623
ad047c622773bbccd9ca80e1a9be9d17633549dd854470e74689ab18b1c24a9b.apk,75664,148677,5942,16854,69722,131823
ba6f373fd4be9fc9ba92c881b2d2b79cdf0f326a8e3e06c928e539372e129ade.apk,54715,104497,2879,5944,51836,98553
b331959485c16f479e54fb9b4a8feef3f27b01d2d126f8892ddfe2ad1b262f4a.apk,34339,72084,2882,6569,31457,65515
ca52ea4e777441426d7d43ef3895f85db1aceda65466459a76bea85305be42d7.apk,58088,122688,8265,21067,49823,101621
c25df7c077814a48bcc47f0530481b6b0df7c84257c40fb1e6b7490924d61d5f.apk,72411,146187,5522,13768,66889,132419
a8ea3b7a9904eeccae4b67c8ab8da563654833ff2dbf8c9189b2958bca178d14.apk,50916,98472,4130,9033,46786,89439
9dddf7fe33db82640fac5e15d8d65b71ef1158066e326e54b9a4291add9a35b3.apk,62261,122228,4866,11142,57395,111086
a268dd468c3be66109a42a1f8ba7a1dae40710787d421972aad19822ac3c2f72.apk,65375,134637,9104,22588,56271,112049
a1d852162b0058539911c13abc2432e76700252db50c6d0bc18478aea22af82b.apk,74518,155412,5359,12572,69159,142840
b5d9c2915a74ea6b1f6c268b8f6b44450d22fa53a707d1100e5a0f711cf18ae6.apk,71381,140776,10262,29835,61119,110941
ab51162e123f6d27cb1ef86b1c9f5e6d5ee48f409d0441327f456f79ac8663e8.apk,53774,123751,6603,30572,47171,93179
9d69509eb7da18f0cbe172b03cd990025c83304f3624c3443701d1e716c719ed.apk,71689,162719,14005,42232,57684,120487
a3d1bb9db04f9e4696ce17b72003d50e881d20a7ceae7ec4b1a8241d8d91caaa.apk,76349,156220,6298,15969,70051,140251
b24b23dbbf449e0d7299dd757846661b42ad28d605689c89136c96a39ebcd7bf.apk,39663,86460,6401,16650,33262,69810
9ba9897f3defa056b22207fba6a58dbc7eeddaea1554261ab2f57e885451eadd.apk,13557,25650,1996,4581,11561,21069
998056d6406af276c0fa80ca2f504abeb420a1787d2a20df55c62d0b14492a24.apk,121290,278302,28282,83465,93008,194837
abc731204d873742625e4084800473c4e128b4d00da8deaa4dd7bb05f5672404.apk,33545,62844,2999,6513,30546,56331
c7362044a08debcb3f85c257cca84277019845e170e719cec1a0837fcecb558a.apk,64809,137790,8237,19241,56572,118549
afb5973323a924964d8933f4d0b753db16cb463b329586d25469720704a7a659.apk,18997,32100,1621,3341,17376,28759
a3e2209dd3c161f64d678a30bda14434cecb581e770dd191594b575bba081281.apk,72029,144192,6132,15947,65897,128245
b05fd53e249b1a54e8ab4abaffbf97134d9a08be66b9295d17f8bcec42794225.apk,53419,102232,3449,7772,49970,94460
b64970560191fe77b9d9ac1522618824a32a7121280843d651746da9e78c553f.apk,60861,145603,9049,23717,51812,121886
c1ac481baeefa0cbf16d8e2616f497dc1689c26786cc3a047acbd8b8fe5aaa3f.apk,40565,76107,2156,4514,38409,71593
a7aa957e1cdfebb1f3e7b72d5ea7d528299b78be4d47aa9181b6da5c7e9e4238.apk,12987,27126,2247,4550,10740,22576
b81eaab3b8a0c5496ae28ef85d6bb9c85c7f98561ba7c195b74a55fef37a1884.apk,54576,119150,8474,21706,46102,97444
afc0e8db986fa7410932edf17639b73a385f2eaea94cd6f5d9f019a8e414322e.apk,56709,112334,5803,14481,50906,97853
a2fd5197624f4b9e1f5f36e8538308dfab1c9a9ee56b8bd4cfbe53d6baaf3870.apk,24236,49123,2635,5412,21601,43711
a478b8782ed59339ab6e0aa00fcd8fd0a858e773c2e11a3fc7ba43fb6b0b005c.apk,64585,134802,9307,22736,55278,112066
a2c163e457589e4c3774bbbe7fcb5ccd9592cc37055e7b5e19345477883521e1.apk,33900,81701,7442,20189,26458,61512
bb9a1f1cb3972483685e0390129a779cdf39097f3448e1f13002251bf85fec67.apk,29839,51197,983,1876,28856,49321
9dc4673e21f52c19a094d3fbb561925d41b69c88653b50dad99b46807ee7223c.apk,41599,103635,6800,17116,34799,86519
aab9194b1781873129361c0613263a9db26a770653226f8428bef5ac3faa8f83.apk,62053,122032,4593,10442,57460,111590
bb4645c22f743ed62b386d3057ae08e3c033bbdefbed5a754c184fcca38d0870.apk,85291,201848,16370,46256,68921,155592
a0618356c730d521727e430a928c2e51fe9d45ad91d61e4fc2c5ef5d70180dd1.apk,50048,101050,7898,19575,42150,81475
c3ed090fc5b8b96112b87630d79136602e12377508cc58d4b59db2736b87ff23.apk,55106,122001,6158,16567,48948,105434
b07f00e26a3c3e95c72f4ddb261cfd7251f242a6b4c90652403b3e8dfb0f9ce6.apk,57403,111927,2752,5630,54651,106297
bbd1c78a03c1afb6d18f8112e31f1e72771a1772b29326198601a62da8365c2e.apk,40354,82246,3432,9160,36922,73086
c188cf7316c79711ef255d73ce3b8cf327ae59df58fce74ab0c6d3811ee5777c.apk,63145,142214,8941,24167,54204,118047
a0195d238354fa2a488d0244c4c74989674afc314aee728e16758bf0cbc6098d.apk,14347,22720,554,854,13793,21866
a68d09e55d457f7c6ade806e24958c9c8fb92a97ab0539468f5cc01d9c377c00.apk,76821,163081,9125,22755,67696,140326
ad14b8d77568b8b4e88f141dda80efa8120534b13f08ffd8f66a68cbc8b1f8fb.apk,44150,88323,2235,4553,41915,83770
c885e7ba3ba5afa61a181c24dda1c19dd4d70e348d1081231372a699efbc9d94.apk,23399,43242,4335,9412,19064,33830
bca7e9aa6aecad5f9db6c25df14179d8621798516c51e1d7899347dc0dc0aac4.apk,47794,112646,9735,26079,38059,86567
ca598d52f3455246adaf23363b37f43ae81d36d5e1080dbef973f74d3f4b3fb6.apk,56159,120786,7914,23477,48245,97309
bb12b543ad57080515a24f3ad36a4d0a3c418386b2fb0092ffe54ae99fd0a912.apk,82495,171579,9752,25524,72743,146055
be04e61abe2e846c22a6a2947d4625b4a32c5d1522f53c7e33c38d21663ac380.apk,3505,4353,36,37,3469,4316
c14cc765784f0277a9d92faab98b76ac96c923c5c80eb02c7323276ef3ab3089.apk,10558,23522,1032,2022,9526,21500
c8398f38a30af32145f2dd40d3cee9e67b7255a51e315ef1422a031c57ad52c1.apk,59314,128324,8376,23890,50938,104434
c471e01c1dd2d02116ff51f85a5b246a84a60c42c6629d4a7e74d2c888df263e.apk,42524,98387,8713,23608,33811,74779
a9eaed0eca4042a84d8fb3a6cd5dbffab00890541d43e6ab7d40b47b130f03d4.apk,69303,144937,11913,31069,57390,113868
a3775307c17ef36a71a9d212fda339c5c5ba7316b6a4a820613f7cc9c2cf20b6.apk,10398,17369,150,185,10248,17184
b4613698b88f99a3a44d7a0fdeca5592e3643e6a6ed014370b5017cb81465cef.apk,41579,84688,3274,7648,38305,77040
b9f78a2a5aaa108d85f1f0ace7c42a8afb897d0fa5b37f7090d1d24213d0221e.apk,35182,74535,5655,12851,29527,61684
c5622afa8e2cf7673786f3015a1c7b3eb3b0483df04a71c159df64ba22820773.apk,89754,193317,18594,49771,71160,143546
ab7faa40697892a8941bd1edbd8f9ae7f76a0cc2b318c78ddbe77dd30f9e7595.apk,37282,79573,5841,13833,31441,65740
a107856731592e0bb0ab17c2853b9caa663e94ffdc3c3e133326cf73376ec8ad.apk,83822,175972,12375,35497,71447,140475
b9464c24de9e51760994c942c722dcaf035bc184c221266e4e57cfe1e15a4587.apk,46457,110317,13676,41007,32781,69310
c473ef002f56ea4a8b31e607bfca9f8b434384c722966cb595cf721e14e5e211.apk,56200,108849,6830,17101,49370,91748
9e75c3ba84b3d4e3d09788a117bbb6edabc5114f99102ced3253261c0732999e.apk,81780,175202,8123,18603,73657,156599
9f0dc69e0bb54bce2a5d41b07e75cabe1305f7a5d459f560862eed75f3343394.apk,74479,147781,3340,7558,71139,140223
a1fc6e15824e71bbd58bc2b456c304007a1ffcaef788b30b0425b43a18765357.apk,57866,115629,2938,6609,54928,109020
b307544af4ab144e5c249935ffd52b7eda4ce60bb6af696289bd4b2cd3a59781.apk,1282,3026,643,1409,639,1617
a885932f8876e2c032a2526f70bb2df83434843304f5009c2006ad2b2014172d.apk,4566,7720,942,1739,3624,5981
b65650766b190901d6a9a179de8cba81968e20f1f3688fb6dfafe4c130f3c5de.apk,19215,29403,353,502,18862,28901
b0c2363bc6bddbff9fe10dc0a91960e730cd7c9f1be25f3a42900009578d0b3e.apk,67267,138920,8220,20095,59047,118825
a51ef05c49a928b5cd0cb49e6ea1218f4896d6b3b60caa3fea29222d99986774.apk,59934,125588,4764,12398,55170,113190
aae5c2deaf63a77bd706d5a0537d1c2f091102ccca19b36208fc1aa7fe638536.apk,32685,70896,5265,13837,27420,57059
b9e231ec86914b6a9e996c0164bfd006a58b8fcab0eef9c27b85524adf3a1ca6.apk,23707,40649,1671,3357,22036,37292
a07b5ed9d472df28ab84306c37c51e6c0ebcef84f100dac244d1abd6672d3ac8.apk,30301,62759,2932,6560,27369,56199
9e7f62244cdbc7f32bb0bb8625cb3224b676255be3f3deb8f8457aaad0ccc531.apk,31383,53314,940,1752,30443,51562
c31d2c65a53e453f206807d17ae5e2cb97579732b083ce8637c1f95b3eb817a8.apk,53215,104733,5240,12552,47975,92181
b1fa282247bd9c8b96eeb6858322ecc4e35835d5961c65cbf8f534327780f9bd.apk,38703,76381,5039,12397,33664,63984
b097328059fd9dde81e1cf088f06edbb39fe4311cade5cdbcb234fcd99e4ca1a.apk,110415,252079,18831,56553,91584,195526
c2ffe07c99341ab01ace149fae7d212ec46e0dfbcfdb3b291c7e6865e064b11c.apk,37044,72147,1613,3537,35431,68610
a7e47b9bb1b064bf86aab298b7a7bf86a0b9598191ea402a25bd0d3e9db2b5e1.apk,47963,101131,2453,6228,45510,94903
c49eccd11a690bdb664bdf13d987206da5f6347e769c1dd13d44300c9c62bd46.apk,40555,80675,4543,11039,36012,69636
ad9c7bcfd9f81b3f293d3394e8c4ffacf59e27fb75c9fd116bb5bb1d2a52fff6.apk,69570,138168,7540,19393,62030,118775
bd47d8a431a30ea5d491a6d2799ef45e32a60600880dc82ec06849bf48c82a2e.apk,34153,62101,2946,6159,31207,55942
9ff62c4cfc1a5b0b3e8ccd669bcd40becaa322b27ea679b1abe1fa03526068a7.apk,47177,86926,4183,9413,42994,77513
a90638d0d65cedbbb22e974312377257ae7b994a3d630ea23e112b88f0d0de4a.apk,117936,267268,18462,50605,99474,216663
a23a8d5942f3299576f9d7dc3cc15e75d0f845a1104ffd2e3e2898ec9c7c9e67.apk,57647,114142,3630,8826,54017,105316
ca3c92c56341090caa5ba085815240236f23f91a02abbb858efd5395cd39b292.apk,56244,116538,8397,25123,47847,91415
a49eaf3d20c48cebfb04c2f9ebca1fb8438b9ebdc83f5ea2552fe1ae2679eefa.apk,21364,41642,2740,5637,18624,36005
c5385e11be4dcf42b19bd41eeff342f0fb63411f05eab7e5d58429228f1873c1.apk,101231,212464,11392,30303,89839,182161
ca18b05443ee9eace78327b67011662c7fcf91951910184b396e6caf74b3c886.apk,50638,100533,6936,16659,43702,83874
ac1dcf0dfb40b213802f06deb53c59aa508f0d010c3efaccd13c0a75597dc6ac.apk,78103,159796,5927,13877,72176,145919
a8952d2bc87703d722b1217ee6e0871ea7c54610290e1281f411cf0bc7844d9a.apk,35033,65307,3498,7888,31535,57419
b6159609d6522f1fd7ac03ccd344dc7b8455059a2cf3dca5f5b192c369f0aac5.apk,9431,17372,564,1013,8867,16359
b464bf38ae74497786170daecb3737445496063ba9af240e29e3947269be7dea.apk,65995,138064,4300,9822,61695,128242
ac7c9f7f6e24b4d19ee869b30e199c8cd30288803ee99ccaa12776f86c81b0b1.apk,47135,93687,2443,5031,44692,88656
b2c10cc1446c9994745a8c0b4119b4b4a23cc36d35ecf8d09bf13b51a693a5c8.apk,58375,114144,4439,10556,53936,103588
c40212ad828dfd7614e44c1ddc46924205889d2ef3817606a090da9491cae6f6.apk,38291,83164,5414,13887,32877,69277
abbf73c47fce853ac9c851a720660f6fc91880044da3a8b52c103a7c37879c64.apk,1479,2583,213,390,1266,2193
b824a961dd24933db6dd856f1d3fa1016a64611f99a0e6976991bca406b5ebb6.apk,63308,124698,3284,6984,60024,117714
a8d30e1db8ac1581c4433cf390efc8fb94d84f291fdf4b86cfb4d5f61901753b.apk,55640,112277,4401,10202,51239,102075
9cb36a4ef9b63f64a338a81617f68eb80839248c1eaa94d03a006972870e7efa.apk,28545,56771,2971,6917,25574,49854
b3d20c8604ef4f32e8b086513f7d1013d1d8565500cf43e28af821ac5d5cb2eb.apk,49521,105489,8152,22578,41369,82911
a05dd7dd156158a78af91c2b15a40d88cd2d42a7acbc9fd85afdc9cc5b4ceede.apk,38835,77064,4359,9876,34476,67188
b1eaa6e8eb57613a4f3c5aba221a59c75ee6d8d417c64ace6c2fa339849dec63.apk,57230,129623,12209,41564,45021,88059
abe1ab348862e271b7fd742c9420ac440f4bc0198db683a1b32e624fb9af9e49.apk,57059,125842,10314,26992,46745,98850
c5178aae44788e531e735863f8c49040d3f523c80689d556190d81de55ce249e.apk,32198,57811,2549,5030,29649,52781
be670423048d2cef188207eb332ca2ac2feb11fb45611dfb526a517f096810da.apk,26663,51779,4946,12312,21717,39467
c6fe11ecf18b5b8543037b107be7aa65de5f23dc0a6f8e9a1b731f0cdf61d67a.apk,41664,96701,7933,25602,33731,71099
9ce9ac35281536800d4dcae9269498e43a03149cc3c22c3581e55f75f3f877a3.apk,25580,42842,1026,1682,24554,41160
abd19bc5e160063acde83b130c8666c0594d746869e2f5f1f0abd825b6913122.apk,34715,63452,1899,3889,32816,59563
b896e393cc1737ee2a8a7a90f955bda7b3012d0351a32eba3733827895cce64e.apk,1723,2873,322,533,1401,2340
9f4e7035b5f7e0413fdadb18af2f3e6ce566685fa6adeeda66350a370b24372b.apk,25526,62703,6407,18169,19119,44534
abc20e8fa03ff7481f863ae4445354bc0f9a8a080f44e6839418f519ef416693.apk,43795,97217,6125,16460,37670,80757
bfeba302c61714b94da24397f5c7547b3ced8775cb26f3c164ddfae0a84b91ee.apk,57710,123343,10343,24465,47367,98878
9e4eded63a373691a1295cdb521841e0a39445a9c467594599e16ab05c21fe74.apk,48630,105233,5031,11976,43599,93257
b9efe7f2f651fea34abc050d8c8c278181bea710a422b9ac73241bcb1332cf22.apk,57256,112283,2630,5319,54626,106964
c3771c838026845621c2d581ce216c9dfa78eac49e98f03f347feb21076205d5.apk,22276,41922,1557,2910,20719,39012
b1cd6b5dbd6aaa613b7dcfd3d689ef52772a3814d624f526af7b834dc43f6a57.apk,42543,84848,4744,10554,37799,74294
9b3a2be4d39a133954643a392285999bfd34fd53ecf462aa9377f1f3e770e721.apk,101583,213293,16338,42239,85245,171054
bc60e4eec317f27c4cd06c2651f481782b143d7ef59512696c6d7268e9587ebc.apk,64589,144364,7534,19710,57055,124654
a5c173e77f30f773ec8ecc4c1571bde65e09ae29ebb71fc0e9f483da7ae836e1.apk,104978,227972,7553,18585,97425,209387
acb08e6277509c2aeecbfa14ba435c4082be599326473b5d66b9bc7cef00413a.apk,36017,79722,9385,25435,26632,54287
ada12688b81227d5ab9f470fffa6dced8aca4750017e76408dff4059fa141abf.apk,69509,138124,5002,11732,64507,126392
9fbc59bc3d1a9b1f4ddfb220a9ef42bf880ddd3ac25e35a9c4e501e4d1583961.apk,37065,72202,1611,3485,35454,68717
a494c932c2d471358843989ef2bcd81bed47f85bd669d309dec7b9bbd0b67a73.apk,64101,134975,11126,28800,52975,106175
ba3856200fa20d73b523409115189f9c3dbd3142472bab7f5a9d9d26cd340584.apk,39348,79176,6359,16628,32989,62548
b67cf8137eb6219aef8108057068a85afdf3b3d232a5666720b4decb5d1d2978.apk,64339,129076,7334,17791,57005,111285
bd0c6958615b86f301a50275c0bc29de6ccaf3ab1e4cb1d3750d723eb4649282.apk,46500,95188,6173,14449,40327,80739
a98025f0fffb1792da8c0c6d07d1902020872d7777e1bf4d950d4d701b96b035.apk,45131,101894,7761,19836,37370,82058
a8712d438f77ce4a0c4cecc9c4a330763852ca3ccb77a496b34a65e39176ca8b.apk,113,102,15,14,98,88
b947c111f67382c06d7cc5f61d10f4d5edc745d357ed96ad57f3ca6f19f80476.apk,55653,105389,1372,2356,54281,103033
b7a153c43007385c4f0643b4565cff81138e0a521247107981b61af2313a23d1.apk,25872,52346,4428,12131,21444,40215
a16c7452327cd9dfdf4c29f4b17c17aa3800a73604f7c8eabbe364f95d75b9e7.apk,55452,111449,3830,8831,51622,102618
c665bf545540181fa872fdc8da8458f219cd76b86a3ade3ffecfdb3f3f70f076.apk,48353,93221,5794,13974,42559,79247
b5ca9d96adbb41a33f4c81287ce071f9970a9b0ddd1cbd8b8c563984698ab80b.apk,82935,175925,13380,34162,69555,141763
be7c1fe864ddd26e825637da3ef80f26cab446ed85bfac2f0aa8ba68d491a647.apk,46176,91598,4224,9723,41952,81875
b30f50ffa02d40f1c1c31ef3d58e6859f7064c2b0d7091074bc0ced55c1c581a.apk,57196,114647,6693,16610,50503,98037
b530df9364fbbefb221cf716c7c13835b8b69c82778993aa3440df0f9a6c1259.apk,37294,75981,3555,8859,33739,67122
c9b96dc6e3765aa5b6def5e6cb26218841459e31f4724b79d73f2b52876b7ff5.apk,89908,195833,13637,35535,76271,160298
a2c6112e08a51d755f1dea8252e54426487a71b25d8329dfb292b2755191679c.apk,61429,119675,5932,14143,55497,105532
9fe9ff612a8daa5aea3f6018500e827aa031c52473e8a1afd7410e158ae5c17f.apk,43431,86828,4605,11780,38826,75048
bb970b92fee74a916697a99ea00b9d155e4cf5971b7850864d174c6b32365956.apk,77707,158246,6454,14925,71253,143321
9baf293eb0e616c56aae283dc65a71cbdabb163c949298bb1e86ac10c57f1f9a.apk,66334,129714,2253,4370,64081,125344
b7615f2ba8870d8f31915fb5f2ebd10414e472f710ad8442a8622317ad71288e.apk,54793,109147,3398,7256,51395,101891
c49da34b41b7dac3e6500ac0060385ac2cccd782119fbfc2aa28bd75e196df38.apk,45672,94037,6683,16846,38989,77191
c9e09f1e24389a54e417655638dc11864c978f3aed7f38b7e4e7bb1e48a07779.apk,63799,127770,6152,15233,57647,112537
b1cbc95caad0e154f556426b6cde392e3fe28ec34365724a2f457906994bce7a.apk,119122,237807,8794,21418,110328,216389
b764f6c5e391b3a7f4d7629f47629edb40536df7ef802732090d86afef0b7f66.apk,52230,115301,9394,23252,42836,92049
b969b254efa73ae2ae78e1b6af212e45cd22983a6cf3c4e4be1839df5074ce6f.apk,52430,103031,4621,10046,47809,92985
c4fe0e8e978f8b25edc6ffbe5bd39cf99c1b195205ca8758c84b8b7affda62b5.apk,54229,110448,9262,22996,44967,87452
c4cb5aef1da27746b5f3c95c60ae1a622b782e2ffeb5729a8606b86bc161e499.apk,242501,654688,53185,171288,189316,483400
9f2aaa2b3b6a16ea52c431e68aee487cd531f580f539477cb7a18fd6ac516df8.apk,33521,74859,3238,7573,30283,67286
b0d2541b1ae5bbb88f6843ce063517525a163262d6b3686fa0b2eacfe3249a3f.apk,72893,163799,15044,39919,57849,123880
a6a03e4cacda089f366b82be90c15da78a09f17efa8de9b2cb0011872e194261.apk,19665,38002,2625,5356,17040,32646
b7c9ae7066c8aaf779c10955bb463f4a5585b42076ea95041dc3e39d25d89d70.apk,78166,162411,10143,25053,68023,137358
b90a92e6870e93f719234c0966f620905f18bd9c3b4cf9b6305f96b657392d9d.apk,88258,189932,11789,29479,76469,160453
a574dfbf73aaba37083a7bc2cf45429fa63b41bc1cd82419b83a5e9a5e7dd0b6.apk,27253,48459,3068,6197,24185,42262
ac61d749f59a376eedcbf20ddf74278bbf2ad57ea3d56cc3d03da8734fa19b6c.apk,83640,191975,13056,33325,70584,158650
a4b3b5c23cf3d8c02ee5a3e023bba1ff68f0aebeea072faeb1d8b5155e288d52.apk,27915,53746,2798,6378,25117,47368
9c876a282159ccd93a339560cda773cb0770428ba9e05ec8cf3c200d210a698d.apk,65071,135389,9670,24309,55401,111080
a73f2f8ac620454952fc30886b492293c980cf8970f9fdc86503b92d9ef212da.apk,58343,139150,3862,10215,54481,128935
c67c51c6ed24416549128abb1f80494675ea73fc8c9d8b4ec0afc5315e429035.apk,85948,176431,9975,24065,75973,152366
a0843f13bfffe6607a4f672ec18b0310b8711b2bd1b92ab4af0414cefecc0506.apk,31703,59414,3053,6876,28650,52538
99ed25894c6c7d866fbcb02579db59f33b28d3efd579549578fec91dca96fd47.apk,10679,14435,171,255,10508,14180
a5e18cc7d1c60560d201f93c0029cc44e809e5b46ae67ad1581449b4b76fed74.apk,20615,41820,2117,4526,18498,37294
b594b995637f1a8eddeeffbc7d6ced03dae2efb122091fb1798f99eaf3973d1f.apk,101357,218599,7772,19144,93585,199455
a42e9f7fff7e2456f1e33a5fd0d752cbb7a62578857a25842eddd67a7b91ea7f.apk,33063,62628,2418,5081,30645,57547
b462caa6646d538d61d6a45bf8f85f830b6366bc33400e2080697836c7fe5806.apk,80302,170459,14437,40743,65865,129716
9dd7c705b40771ca8cab2e194d4e0f861e82678cbe9bdc2daec1ee6c3922928e.apk,41098,80574,5145,12672,35953,67902
a3e35aecfcb79aee5225e03fd243254f9554bc24278e0c2f102ce31cea80f5fc.apk,24466,42875,1656,3644,22810,39231
caa42a76ce6a1ca9d0f0c42bef537633af7843574b8a535dffd04630d8bec0c3.apk,55908,108072,3076,6753,52832,101319
af23818fce2133a15b208db890b4f3c376ead47320a244466cc10ea5dfd402a0.apk,64309,136509,10505,28344,53804,108165
a7240e2921634782a01a4e85f22293eddd38ad1653c7e78147bf415cd5b0c90a.apk,15803,32839,3801,9570,12002,23269
a729d3e2f2ac3fa0c7c4615413ba61c854b893b99b09cb2d6fbb20f81d51fcbe.apk,54713,109445,8418,20242,46295,89203
aeef3a34588a38aeb785d1536d29f87e5b719569475ca85477b2684de96fe070.apk,25941,52146,1116,1924,24825,50222
cae2fd1e1da695e02524bbe3ce1156dc4ad076e4be81b67ca010e1a8d8647453.apk,53135,116499,3859,8164,49276,108335
c33e3edf82a99454131257c4cccaf7832cdf6092e279c52b7a7aff24c2ea627c.apk,42816,86755,7563,19712,35253,67043
c663a8d4f422f77168e4d79cf0b88faf1ff2539586b22aab1f830b24e87ea425.apk,42720,88608,7748,18781,34972,69827
a9d58ec49fc6b88cab62fdfb667c698a732571a6ea1920b6fc4c9a63fd26cb50.apk,40584,91594,5908,15112,34676,76482
a136eb7f3d6be5bd2fe730ea2d3096179c68157dacdb65d04ed93c7cf668a00c.apk,44921,89407,1665,3150,43256,86257
b8e4f6b12840c6c4f093fa6debc6e434d46e2a498333653b9f4a089945897862.apk,65237,129740,6979,15196,58258,114544
c84afd538a20d63898bc0dd0a5aabf031ef1c127f8a59f1782e27d4b05567e8a.apk,21338,43664,1844,3975,19494,39689
a3c287efd3ac0e4b8a58858ccd71237fd1ec2ec1aeef60a9ff2f7a919f0e6ce8.apk,30822,63135,4092,8917,26730,54218
a6c3e1917cea72f2e034e423afc4d5bc927d75257809d51ae9cff65cf0fb45f6.apk,80016,161200,5750,13138,74266,148062
bd07b9df1645e9200e3b5fb40c3ab902c6df430bba6b43cd5eb5bbef92166da6.apk,16352,25402,1755,3486,14597,21916
a55b23704b4d48834e2fcf00601e5dba89df4f3f842952370588770b6833fa83.apk,48743,75329,645,1006,48098,74323
c0a414c47f866c4538350108847b1d9af8299be3eb19521cf688c12141025bf4.apk,50351,115583,13919,39177,36432,76406
b529a39219968df7c51a4f4f298e8953acc9d4eee5738e3238ee2124bc3b7386.apk,63437,132407,3652,8347,59785,124060
b449a83a332d090cff4614c1af34eb505c5ac89dbea74a6b18a411daa71aa449.apk,72881,160575,7106,17699,65775,142876
9ada1c946a6f71482ad38e48f4195321c8b7090b9f001f945ed12f28bbd81245.apk,70657,149960,5320,12679,65337,137281
c6a8ff6c02f353e1602883ffb3c3e3457f962a7347562608c61a48911eedb4ad.apk,21962,38436,1209,2496,20753,35940
c81623adb5846fd16ec1c7e59b13bc16081c51c8f3782a2e9ea22515d197601f.apk,3675,6884,1057,1879,2618,5005
af022ed2ff36c7d067991d95cb24f4cf8ef769a68e484ae9d5b3d419003ca34b.apk,78137,156741,5028,11535,73109,145206
c542a465f85a422749a770b4767773b7f0c6f3f87a382d7c7c08a899ff8f718e.apk,33183,62702,4533,10373,28650,52329
b35744373680d7c9f38e459ed0ec6dcc5a95aa2cd2babb61160a6bfc512dd9bb.apk,29418,57026,2959,6708,26459,50318
9bd41210c0b01d1d23845f9de7ac20ee72b7836f7c6f1318c52cef1d954f35fa.apk,71205,153519,5050,12833,66155,140686
a9529bf0cb7d7e1068927974d06aa20027057fd8065ad851a263a07ae112a08e.apk,49054,96835,3933,9069,45121,87766
a6c58421366da74933075642b74ee57bb59f52f1bf202ca5eb6825d92048bec6.apk,117965,252201,16334,44694,101631,207507
9cdc3d151b477f06c75560d7dfaed47b8b6fa7ba92f21a491239e2794c6ba3c6.apk,53749,106658,5992,14451,47757,92207
b23f749ce702054dc18f755c3019f078fc8f27bd90f1e8e6e97a49fa1ce1fa89.apk,55407,105695,2569,5225,52838,100470
a9c383c6bf470eed9d22ae54872398050d3481283079bc5c28ddcf2c6147f7ba.apk,42541,92150,7858,20104,34683,72046
a2a571ffcbe74d081cb4b0deb82c62ccfb97f22a576725c56313fffbcd160e17.apk,45070,91086,4205,9453,40865,81633
c16218768c01b20f3f0ee622e7b0dc63663f7c9d606d21d121c20ec8a8aeef85.apk,68141,147263,10395,25569,57746,121694
c5c4175c67366fde97d613b6909ce10a49facedda6937cb8dd686dcff8a84eb4.apk,69465,146466,4075,9333,65390,137133
bf50db4fab0bf8ce8227c35d912a5f78d33d3eafa0ebb5991fe67f7dc2a7e53f.apk,11414,19376,268,430,11146,18946
a61e881f6d27fa2b2ae3fc42a71a22912f86f46c9731eb3dd6006ceddaaa0b53.apk,68440,143904,4443,10554,63997,133350
b820a272c70c627dc94a2bb13825e8bc16fa428bd2e26265f60441fa408ee510.apk,57422,112894,4951,11355,52471,101539
b9c223e49550e4f9c0db7674484478cb9ba034e787a0235676a65f8dd08ee5c6.apk,48945,94326,3878,8589,45067,85737
9c340e97b6ac3c920c9f9414721caf1c18eecb52a153f46b26e7bcfde0725114.apk,40594,73615,1414,2405,39180,71210
ace89abe5d96beb03afd6c995c4bfceeddbf630edd638adb507694cb49e76f30.apk,35015,66407,2647,5539,32368,60868
ca255a200f2439f7e959b8a82b8dcd85447991081ca8efe7c26a97f88e8a3e9c.apk,20752,39842,1440,2466,19312,37376
c5e68719fbaa89d1737ee486461c54c615bf36689ac4cab1fb477acbb7b04a99.apk,51626,105121,7960,19545,43666,85576
a7d891c1696e563864cc10aac2bec039e13d6420a3ffc34d21cd7b7d91752814.apk,3653,5664,534,808,3119,4856
bc3fa9348b98a7e088b01b318900ec12520da7ed1fc61822bb341deb7bc45ef2.apk,46249,92996,3769,8009,42480,84987
aae107640ac16f6b7da4f0f7dadd7ab6507cd6a64f3979144c5f1eaa33c47ce2.apk,23119,47051,4738,11099,18381,35952
b1ecb75c4a18d8c9aae04f07589be602e69c1e80f64a11b026604c25da1ab114.apk,37689,68522,1029,1708,36660,66814
9e61e8e4063ca06868efa178b06fc16d3386423da14c9edf05aefbcef717702c.apk,29256,55479,1655,3319,27601,52160
adf4e0ba6c8946b75eb780f83331ce83618df3a9c69ec3092654c20592648d39.apk,3665,6590,694,1504,2971,5086
9d537539b8b9286b9ccc7e3860d551b972eaea88087e540c0381fec2f8c08683.apk,43619,86263,4386,9684,39233,76579
bd6dae3d03b991c48d07b6dd2ea160f211f29330eabb664f797148ccfd63cb41.apk,16238,34320,1959,5381,14279,28939
a06b5f385e3166f9a0ad079539327e8860d65bbb3bc11b55029c472cfe59c1c0.apk,53558,110912,3951,8822,49607,102090
ae14d091681af3ae28290ba79c4d044c6823ceb02f40bef6ed56bd60195464b9.apk,60746,118530,3945,8389,56801,110141
bb8ac989a4f82529bb595cc8906891bc842584b6df23e15a729ba94e8dc557de.apk,29205,50807,2025,3866,27180,46941
b0aa1c05c94ade13b566a6c4744389e95a291bb8775da951e4501d6700b99752.apk,54872,118544,8635,22025,46237,96519
a09e02efa3b39a85162406fe5db45c176eb4d12e3ca72ce77510dd3f3e68ce97.apk,24380,54375,2899,6274,21481,48101
c8bc5c5cb2cdd249e8d092eb7cc4d8b30b49abc6ff1786d6da7688f295fb4f51.apk,132156,295282,21924,60673,110232,234609
ca3ccc2a7c6ce9558a660ae239d21a0b46e1ff98dd5e9cd8293d7f29547cf300.apk,21386,31012,2571,5501,18815,25511
b6c79ffab3a23153196cd09732a9dc81399e02d851d89c0eeba83a04c12d0400.apk,83921,183200,12506,31470,71415,151730
af0ba08dc987e6a17955ab5ac3e4fdef034358c4791fcf69263b78de41f3d766.apk,126844,294830,16442,62244,110402,232586
b739a33327569f490aedfc4d01738d31ea306281ec542979b9ce8061d529a1d2.apk,762,1021,125,193,637,828
b32cf93816caf8f265621ca2cf2449e1f64c2a3b9e00ae8bce3ef1b8fc0bbe75.apk,59011,119475,5413,12120,53598,107355
a1df4deed8e446860918ea63f34ffb9dd04b7fb540d6e583a314b5a69fe4a1b6.apk,13358,23562,785,1440,12573,22122
c34c2d603effeee9163c5dc3462897242e6563d04aa029a9289e52b765588a57.apk,109601,235404,9572,23271,100029,212133
b202fd5ac27bc35a5d8478f0ad470f76b7114fa4eb30687602fbe4e0fd7da5f4.apk,13626,21174,2723,5944,10903,15230
af65ae67225e4bb9bed597c43c5b90d17803c9911dd2e2710b1e75a55a8f2140.apk,39826,77177,3098,6728,36728,70449
a4001d3563318de6089d719ecc8693e5c8c3657775c2dcadcb9df524cded00bf.apk,48908,91264,4546,10353,44362,80911
9b11422c94ea4b90b0c0397de971f6ebfb6c652baeade265133da77129b062ef.apk,56782,111258,5154,12948,51628,98310
a6a92a19f969c260c78f4f9ade056ed6debcc5921dbdee18e60e7eac7dcc59e8.apk,26578,73882,13238,44993,13340,28889
c1923942895e8954e85fa58a22bfb05939cbea4fb02f4389e69d7244063ae163.apk,38625,82262,4718,11762,33907,70500
a52afaae298271d62eba8caa7238d5b54d430fcb411f00cb32662fc60c090344.apk,21805,44560,2716,5575,19089,38985
a5bc4079ab6f74f41b6bc935107f3a056d6b801ac759355f5f8e7d2222dd4fe6.apk,59460,141002,12846,35818,46614,105184
a943abe030e2129bba09f4ef25b9076ae545c64d4815bec967656697d0109777.apk,46028,90729,2369,4857,43659,85872
abbe79c43e460456a3aaefc2b336139821a8f7937af0f91d673d49c0d2b97492.apk,45614,89732,2534,5364,43080,84368
9e1bd302e3e31275dddb2feafdaee1f5f9f31aaa9a110801dd8d37782c2f5444.apk,31881,63227,5739,15211,26142,48016
ade5ef1bab085b1d8bdcd36a096da97b0b64e6044bb7942dc6f359ddf665e3b3.apk,43454,86123,5028,12086,38426,74037
a3389e74396db6154c523186534a76d349b930203e2ebdc81c42315227c8f08a.apk,20406,38864,1352,2272,19054,36592
abce7cbcdbfbec1a20ae0ced477f1ea2e3d93ddc079a7329b0c46c4052a317d4.apk,40206,76798,3217,7733,36989,69065
c263f892f4f39219b3e18804979a9e92422a481753b54bde8a71d5352b1fd1e8.apk,20691,41010,1023,1711,19668,39299
b898301ddd7d24f97909b41f987a61c8ccbc103913ff01c30af677059227cde2.apk,42562,94554,4900,13974,37662,80580
9f961eaa96379b75f7f667353c0257ce836d3a854bc367cb8aaac1643328f3ae.apk,49132,107927,7841,25637,41291,82290
b9bd4d5cc713e33952cb573d42199410aedfd52181470be11527b9aad1f22012.apk,63395,142257,12800,35242,50595,107015
a8c64846198731cc65be7b901f99bfced575961dfdd04fa3dbae3fe9f71a7f5a.apk,43481,77085,2129,4680,41352,72405
c7ef7b1beb0e83153d215d49f5f59e2bc28569c38badcd47cabc9747db9c0c75.apk,55947,109139,7274,16443,48673,92696
ae93952d6954aead137e8740ae6bdcb54c45a63aa4bc12c0321f45d69e9ddaad.apk,46715,98110,11317,27073,35398,71037
bf2737152636a1ef5c18ed88eb1ba3b2b6e8269e7923098cfd107ef6fde2382a.apk,14817,27352,1238,2084,13579,25268
9fe3047da9eeb0d60f7e0cb667ca709b2a73e0de667b9d124f63c796732d69d7.apk,57793,128358,11198,33241,46595,95117
c9d662afb58f955d70bedd5a33fe9717e52c165e571e0b1216f8890b9b858586.apk,61312,131274,6720,15577,54592,115697
b57cff36436128cff00421a2793480a61226af2ecc9a8987b4d34fe2db2ecc24.apk,89004,183766,12813,33223,76191,150543
bd028c28a4aa6a064648b3e77fc0e78adbb7518fc44e276f56de8ed0e2668159.apk,73688,140315,8869,20910,64819,119405
afc512bddc33270fc87714e0b14d61465c2a88d8cb1cd25bb6565e43868b63d4.apk,91705,191345,8811,22227,82894,169118
a33a0fa8e41be1cb0f9ad11e402432322f6d817698cce3cbcbb91d5266d79662.apk,45882,84853,6620,14727,39262,70126
a2332351291c78268d332d1235776d314ff206f61a323beb58a7156c1b333247.apk,65265,130249,5542,13377,59723,116872
ae035d8472ced5a280eec18978093009d6d46c4db174121491ece1c04b591603.apk,5157,9322,1280,2584,3877,6738
b047317900e61fb6c4d0ef55f15ead375cbc5f7471a11d6656b2192899cd9178.apk,24778,62798,2696,8973,22082,53825
9bc80c32fa33b28f58b481a6cdbddbc894b1322edac70c8bbd2435b1273a2bc6.apk,26068,52690,3292,7434,22776,45256
c5ac438741f9dccc60175bd55ade3d2fcf08dffe6e960a4f92247692b2b381c9.apk,101589,218490,16371,44453,85218,174037
c556ef7fb00d9f6c1ace2a33ac071d06b5bfe4f75cde5ed82015b04dc11a789f.apk,52352,119615,8685,22659,43667,96956
be1c1a01cbcc0bc00fb907a09f78db7bdb2d99ece4516296e3105c2e944b7194.apk,45962,83939,1701,3943,44261,79996
a9c57363e51d56c2ce8e5380fe7ec5b3ba2f0063d4351845133310d7d61ce950.apk,27276,47762,3429,7541,23847,40221
c86d7580acfaed6a7a03a0de249b8862108b41a091ceb6634ec3c80bfe994065.apk,50600,120704,9297,24946,41303,95758
aab0fde63700f66bc5eb3d9d9053a44d5214d4f5e59347c322dadc24b5667a62.apk,54601,113713,6810,18089,47791,95624
bd629654edf822dbb4daa37ffef5cfd6448bb03f35a2846722c66775d9a12972.apk,17198,35140,1732,4526,15466,30614
9ad3528b79d42f6e912259024e90ab263a57935b13142bcac96a918448c14d0e.apk,26415,48841,2559,5760,23856,43081
9f384766369181092da791aac074503e9c598220cfa37e0ca08646ad40e1fc23.apk,63733,188109,27806,103708,35927,84401
a4a6fdb717cf70456160eeca824f2744b3377384eac76a3d98fffc0c01573a34.apk,13739,20635,1005,2102,12734,18533
c2a49ac39d844a854cec762d424dc2173adf82fcba3158b86092de374ebde32f.apk,4313,10564,1056,2359,3257,8205
c113d7aeed68c6db11cb0eea875bd4935c4bf3e63485ba0efdbedb1602b45d4f.apk,18076,35955,1859,3499,16217,32456
b8962634d7ab8582749a2c25c7180855a01ab1e736742aaf92a6dcedf4fa4e2f.apk,40958,78811,3519,7441,37439,71370
a63078dcf1000d758f79d623cc59e901b502f0978b84428737a81383848bfb13.apk,81800,178615,12500,31431,69300,147184
a4a4b7aa2749df9eff103e6ba7a141d5b8102e1d5bfd3efa8048fd5a07441f8d.apk,65409,128787,5602,13146,59807,115641
a13b5eebbee85e42e522f93923a59edfd72304fdc3a07c924c88d63a3c201f4e.apk,34190,71590,4860,11123,29330,60467
c5ef23d383060027d9cca6c0e7519f40e8894d7617e6147d631c739095096745.apk,33483,63454,1428,3119,32055,60335
c76812ebef57a8c65fc7d44d163ae01260b54f9163b7810c97830a9f4a4bf05c.apk,62782,126071,5903,13829,56879,112242
b6dcfc3e4ba6760ddf4772d10102a5730c90d4cd71fc3e596faa608101014895.apk,5862,9899,1290,3232,4572,6667
ae3bf0eef7316742f3edeef7c53ac220bbcc534e81ce26ff296cdee0c07fef67.apk,2233,3551,2233,3551,0,0
c5fd3d67f5e99ea4ff0efe3afb782d4376ca031e3d90fd7233ced6b6e0633c03.apk,49052,111623,7828,19186,41224,92437
b0cde16327abb5ff753168d5efe812081a592ccf5508f9708cfe57ba18bd6662.apk,129642,266250,10118,23995,119524,242255
c680d367ac43018f3911a84b25d72ec7bf8e1e0a0fc805ad6b9dc886d92adb91.apk,39174,80693,3341,7682,35833,73011
9a067fd46245f5375ddf5eb1810175a5ddf0670c0002c1869efe9d216c4bdbc1.apk,47213,97467,6843,17487,40370,79980
9dc1b4748d11a6377add6e77d152352e16d4379da07744d3952291329ebbf362.apk,34483,63987,3136,6944,31347,57043
99a98a68bf7cfeaff6749af7bc59b30352ff1cf7464e78c18fda46eba05bdc79.apk,61113,123965,8725,22258,52388,101707
c4a4b56482c7a1d26b562d395fce9a4365f3669219eb15a641468cec324b2d0f.apk,52022,109460,8741,24109,43281,85351
a6fa2a2a49330e4a8d184b29db67046be74fee91e1bbe6579e005eec6824dca8.apk,25657,42363,1785,3762,23872,38601
c3dfe01f2bb7821d5945d1542ff6046367dc3a74f60bfbe4321a268bfd0b07b7.apk,27296,48577,2030,4058,25266,44519
a1ff7a7b17c40ca570a1b7c6667a7c03ca71a18dac48a118ce70a2e6dcddeecb.apk,62560,154961,15636,51592,46924,103369
a9b97092b8c7504a4c753ea0d29e7b8c165658a5210bf4e7160acb50a7c9954b.apk,21156,41062,1583,2974,19573,38088
a42c62d717a0250abd9a1931c43a08b7e01af0ea9ab16c4ec886276b82ea010b.apk,33512,77304,11693,33415,21819,43889
9d3559761f427fd3d4fa323c0c7633f0712ad5166308586bb2fdb37b39b5e813.apk,56475,109698,2506,5476,53969,104222
c773c18cd4f9ad141445ed91d02a138e055e6915d2d940f058184078799c11f0.apk,50630,103875,6221,15766,44409,88109
af6b672f06f19a23ca3b3ff27fce4746bb7552b01393bc6af362ac83815cffa5.apk,16987,32319,2551,5055,14436,27264
ac7141acde40bbb3488fbcb26e6395edda9bb5e9891f2d529608576879d542ed.apk,3077,8405,1061,4638,2016,3767
b2ef601af08d27c566ef76fa48fb39b67e475c666667da78e9314fcd7c9a1a53.apk,12677,25163,3887,8137,8790,17026
be06e4087eeb2100da1f67d6c04391f189b8bc5d2ac13aca40d5b28c08ad5538.apk,52749,106941,6175,14831,46574,92110
bc58e57b68367dfc9cf7431ef33873f81fa44ddb4612ab4ee1f8a27c9130352a.apk,647,943,72,77,575,866
ba903026847e41a79b50579aff5f15c681f329d631eed144639cee66a74bceb6.apk,54018,96811,4979,11518,49039,85293
a4cfeea9db9a4f608c73ec46a120dea824a54382bf6b96165176afd355c87713.apk,94418,200279,13099,33488,81319,166791
b34ab7c836f5cad9614ed68286fe641c721a88579c767a13e2b67970384b8c20.apk,23052,38568,1077,1679,21975,36889
aea46a4c870cbd08409516090d32477a88bb5ec5ecea6289ab704250b6e85ca6.apk,56386,144147,9569,31422,46817,112725
f1af998c515d736022242b1a66ffee6145cfff1a55094fdd30c25ffd85b73f19.apk,64732,121350,2767,6264,61965,115086
e8f2e7abc7e555c9f9290aa8ad2e691aa0937bc17ebfd771a08dbac01c9add17.apk,23307,45241,2266,4235,21041,41006
f84d21a358aa3005ae6261829179d6274717709276f27a4870f7348ae4d23e78.apk,92355,203559,16238,44328,76117,159231
f3181588f36ff4e0b3420277f08c2dc12a0345a4492f0bb152790484f9671b68.apk,81287,172580,13115,36715,68172,135865
de1220ac0b339cb3b1a2e96f1a4028271d37143aa03a717a073a3de87a6bc971.apk,41584,87636,3573,7982,38011,79654
fa16ec4b80734c69585c11fb3b7e080363189595ee8350f132d662a04f36e78e.apk,78747,192933,14449,42424,64298,150509
e0ef7ed03aa5ed6336514ec05f5bfcf7d4b0d08aa57ef937b3ced4288b9ecd6f.apk,57557,124899,9488,25045,48069,99854
cf45e75b09e772db03557c9be78ef1bb634f4784f6c0886e88b1969364aae939.apk,4870,13819,970,2036,3900,11783
ea8c71fe01969abc650ffebc61e0ab6c42a2ea0e67e4afb2d27ec311b535a0cd.apk,93553,196405,14870,36243,78683,160162
ebb2eecf8d39c729110dce7b4355c5260fc6993936f4d2e0bede574ca9277e55.apk,33343,63038,5624,14073,27719,48965
ec45d893c9f8e10badf072c69bdb61bb2d8c8b715aa943620f93dae8e6155956.apk,34718,73645,3703,8260,31015,65385
de0bbabbe9fc076bdc03c8782bbde475b9f37923626b515fde27dc597b5564c9.apk,53464,128761,9359,25982,44105,102779
cb7126ba5d0b53acde57c3c6d1630413592e2e8208e549171db1b49dc82562d1.apk,109752,211394,6266,15315,103486,196079
d2d54e79189a488a5773d5f333052409bb76078937eb03f653f7501246006456.apk,29785,53418,2733,5729,27052,47689
fa53b485b083a7be62c1950f983eb560a02360c8083ff49c1b5a5f1f2cf03a48.apk,75337,169601,8692,23531,66645,146070
f7df62a788ce9a1b559b3e1c3d0ef7efd2b15898ba4c142805322ebd3397d16c.apk,38727,72759,3065,6586,35662,66173
e4208d237c72d0ce0a42fef17491b09e728fc0c6c509617388e0ee31818d6d99.apk,72580,158731,18150,48704,54430,110027
d1b1481ac3527457d79f375220720534da7e3e07eadfde234bdbe622bef54638.apk,41828,90598,4770,13076,37058,77522
f8a025636121c1e0f1fb9d42e566b51036511d0536d917e5a8d74f91ffa407d4.apk,37765,71281,4383,10994,33382,60287
d90be0c9e8fb6d772534280e488999a5661f513bcfefb7f2c9d84f11240f8a77.apk,74190,182291,20966,68679,53224,113612
cd6e99c58f1392cf34d56d2741a7de79ad02e3a9a64dc6afa1b96e5643ed9a90.apk,28181,67350,10174,29709,18007,37641
e0531a833e7808b213fc120fcf8b440039202a8265663ff8cbff86943cc861e3.apk,52228,105102,3725,8489,48503,96613
dc69bd634e727114f7ef9a9af450318d9b7435338636963a0c76d4d27c6531d2.apk,62460,132217,7817,21627,54643,110590
ebc0a16513f070456cd639d993465f5decafa653f89a23b82b2ead79ddd5b104.apk,32780,60747,2540,5484,30240,55263
e57321a2e75742a68a9e1aef92b8d445fcba5ad51a280cbbccd2765c994135a5.apk,24378,49166,1088,1822,23290,47344
fc2d5fec8e89a898472e87afb19fe2b6a9c49b5027663b03dfe276194d192326.apk,68575,162115,22963,65934,45612,96181
d7559a377e49910db54fefa07db3f02d5ee3d627441af8e2714b4c9cb7cc5d69.apk,53845,121342,8841,24352,45004,96990
e45e397bbdc288f91869979c0da9d67a51c201b46c1787fdc3bea1b815dc702e.apk,117095,257273,16350,42600,100745,214673
fed391b3eef10996fac280cc8d8594efad4fd1cb209bc87dde8abd9f585a245d.apk,114391,265900,17058,60972,97333,204928
e7d1722f92a6a179fba593340498cd8a600876ab6fb6c390be2b573ec42d8e25.apk,58650,130565,12696,33738,45954,96827
d6c93dafedd5aafa49d8f014901d60b244e7a41357aecd726dfb94695d2c8a41.apk,85604,184743,6721,16157,78883,168586
e79fe6f34c7ea8b7274d1e6369d075bdddb346e883da4eb7b9aedce94b063339.apk,51545,106652,7791,18793,43754,87859
cb60866dd222ce9ad479f9d5db37bb0768ebdab94e340b928ec0f83ca5109734.apk,32227,63441,1510,2687,30717,60754
f66a76841ff2b0c616b313fcb2972983e58106512aaa4d198557c986d83f2dbe.apk,32240,59319,2773,5720,29467,53599
f83ea8cacc564a4845f30cfdf687ec758ae0480a8efa1bd722ddf42a22209341.apk,61414,138903,10453,28396,50961,110507
da606ad455e74651665c17ec70de94784d82d7761983e5662b362415083d8e78.apk,52268,106080,5006,11096,47262,94984
df5698e4b1c91b750c4b6175bb283637c8915fbe9cc67d87216fad57c9a4bf38.apk,56706,108882,7333,17807,49373,91075
f4ca35b82d93252b74bb25c24ff636ffdf54d1c5147c9e8b8511c9d02abb86ba.apk,1863,3023,190,332,1673,2691
e3f4b90976ba50ac4c5d968fb58914e224409c9b3830a2b162568be6feda1d4b.apk,120165,331103,31965,127154,88200,203949
e092f18acce7cc7879651963f9a939c16adcd80d797032044aac7268f4cb6d03.apk,52706,104324,4710,10433,47996,93891
d5996c8917e92461c84018eb71c11797b78e7c49219fb932d7f75fa0f9065aa9.apk,65111,132893,6513,15764,58598,117129
d16f1a944e35b2ef6710bdaabf149788b8ae78f36a58bc426a40c6b9c54755b2.apk,30345,74925,6767,17949,23578,56976
ce6bc990663e061c548d6b58fa7f7e08e391f162344da91d2b60ae8eb8e12724.apk,32032,73604,6819,17682,25213,55922
ffecd2343d0d4fe17071180b355e7d30744f74915ede4f946f055d092469385b.apk,26310,46520,1980,4041,24330,42479
f357bf277d6d154dff25a5974ebf4156c88583fe952e9c67b8a9aafb17374920.apk,26262,48988,2677,5986,23585,43002
d4ce326006313dbfc0072ee1e303d39a24a40ae501b2be19ff326a8d8c104641.apk,22431,47956,2965,6320,19466,41636
e74fd6ff04f1e7b8102730f824dafca41a7d5fa73295e2b7519af47212eec019.apk,13004,18848,1338,2374,11666,16474
fa86ff7f4e74165d8fc9acfb134c5a5fc8a9d4725f1bad80a13ac6207a63b142.apk,620,1159,350,645,270,514
f4f4591c171a5d6a326ba6ea1fcb532bd7ad4632d45a8cd33061bc37c16aa57e.apk,85887,178943,11372,29480,74515,149463
db2d478532ceada54675530b055db3be9648a43242ea7948bd9e834bee17b906.apk,24721,39118,709,1223,24012,37895
de21f5b9fe10356cc31a6e24ee1cdbd9030ee9e5814777db5703b8d16a6fb958.apk,26625,45690,605,924,26020,44766
f3562c09cc20fffe17307a51c9d548bf290c343d7aabf45711b426b601f966e1.apk,48629,105232,5031,11976,43598,93256
e99e1bbc27ffaaa87dee55fcd1fd428afae3930caa7790b781fed19dfa66902d.apk,16320,34778,2180,6156,14140,28622
e4dd9c9c31192c38077c8cc495c8cf022cf6cf6e32cefca377347894a3948df8.apk,59315,128335,8376,23890,50939,104445
d4679caa68cbc54f700c31aa81c2a7e8ff9a1e6cdc72dc5725e052ca6fe0a775.apk,21962,51285,3712,12724,18250,38561
f13fe796517e95053e8e7ef6f4a5b36c72c1a60487c4af1fed61d3f1b26783df.apk,32783,62352,3053,6845,29730,55507
fda636edcabc3f3287c790b936f1174c7ad2925a3f51631071a09ff9415aa622.apk,61793,121478,4262,9508,57531,111970
e584c4607d194d38643c83c396232a21d14dc863d28d3cfbcca1d6e993b2aa44.apk,45178,90415,7012,17558,38166,72857
d8e5516e4fe9ef6ce7491209f1cbb2ef7cd25f3bd2a8e50036c999dbc9a09719.apk,64087,130021,6903,18259,57184,111762
d8aa70d3e77c93349c0766ff8518b2fe84f389c383ce93a2393d8d57d24bba52.apk,74162,144647,5827,12791,68335,131856
da6f5fb3637344032b02856b2c979ee49abd012e6aa57ad78e44a9750e30630b.apk,50193,108074,4987,11882,45206,96192
fe3814c84bd8acd9fb6555bc908e6a360211f6a85cfd9f3c74705c1a1b6b120b.apk,24406,40950,2085,4083,22321,36867
f5742ec3b209dc03d7e98236624bd03989c5298e57ddc531a942f73057aa09fc.apk,90889,191744,16085,41809,74804,149935
e0608f1418806f3a361de248ac211302ca58dddd6481abaef9f2e7021f643f22.apk,71042,143219,5130,11998,65912,131221
f843049776b68223632f68f847e67250dc8f2db99fcf3d3934d46bcc34bd2933.apk,15714,26285,1533,3716,14181,22569
d61c3b84b4f63aceecff64cd8ac2873a2c0b33a11b581aefa3d5933bf734bdba.apk,60902,122248,5204,12316,55698,109932
db90bb3d0198afff2e07039fda8e69abe7d566d294a2699cbee5d9bd5abaa14c.apk,94775,193282,11068,27765,83707,165517
fde069f52fb3d662828794ae14e6c474aa0415b676f5579817fb953e370401ba.apk,58551,125342,4972,13671,53579,111671
eff59161977c61f49ba91603f8e879aaeafee7daef25a23382954e338a930b99.apk,38149,70473,1529,3079,36620,67394
d34730578df7d08b7b89b48eb6fe58c358a289eec5a0564ee6ad60b9b0bbaf60.apk,60055,119597,4846,11218,55209,108379
d4d8da0277073e7359a8e61a5fe10005a7296c6d6b70ed8fe324063b0142d9df.apk,67836,150254,11000,29630,56836,120624
f513ddfd5d3de405609f863798985dd591686170711913f984161fd98c133ece.apk,123503,298797,21890,64625,101613,234172
f99f4dee0f14e9320aa0d50ea3c7cdf42b3daa1ce33ffb56bc2d9642c5d18505.apk,29196,60730,4568,10884,24628,49846
cb6670cf11f80ba5e46d0e661013618dbd6a0417de8f2463df91baf99df0cc21.apk,105494,220637,12554,32421,92940,188216
da66aee3f7c137a93c2f7dd74f436c5d8395d9cb90853e58786f52c032f7efd9.apk,33214,68729,4290,9073,28924,59656
e056872316ed28354e4ca6e064e86aca14d342814d07142d6fefcba9a655034f.apk,46041,98943,4397,10702,41644,88241
dbf412e0616e8bad44df970d4b010c040c46fbf2c8a26a72b87730a2a05f37b8.apk,14028,26059,1911,4020,12117,22039
dbc2c5f4f99b94c3430ee7da404f3ce95d972b8634a18c9b4914a01d001972d0.apk,73329,149891,8443,21244,64886,128647
ec3ec810c7501e7def19f5d206caa46f14d8221a3a66444c95867cd59a5590e7.apk,28133,61322,4234,10422,23899,50900
f55f7a8b319d6470d786b290e9d5bdd4de7a8291d880e99e4bc4f607c1770fd4.apk,55268,107306,7486,17229,47782,90077
d205ef64cc22212bddbb5eaf8fda375b0fd681959ca02aecd8b786b77a06473e.apk,34439,73725,4650,10964,29789,62761
d4b75217dff104ff05f346e688e76f557ac3f41e32afd6d0a680e004c58ee9a9.apk,101427,209053,10325,26843,91102,182210
f4a0343a532805c61cb5e4085ad7e213a92efd39cc37624514b0b94d93df4585.apk,6969,15437,1688,3757,5281,11680
e69f5d1256bbb647dfa6d291bf26b59dd299c98a3275af9606442c52c13bdc3b.apk,54206,108990,6477,16196,47729,92794
e323e5b7c76065ab30f77e9d23792cbfa536da21fcfb22f4a24d54808abcd7a7.apk,137444,299466,13393,35240,124051,264226
fa0fc9070a6b13c07d7a05148b621f05b2ea481f50d1f0dbec9e389b4b51cbcf.apk,75127,179910,21377,59984,53750,119926
fd77f524e4ac09f44a22cc030d585b2636b3f1faa08df1c9eee422e1e2adefa8.apk,79784,169332,10147,26709,69637,142623
cb20166dacf0389e5784cc84251a377fd9d57bea12030f6f45d8f9860944ebf9.apk,89976,190285,12183,32937,77793,157348
e8a1c2461a6014f9e61d440309580cfedc3728213e48ea0cd79133f811256d1e.apk,72948,144293,6894,15897,66054,128396
d4c751d3628a7726227931100055e87266c18a3124509a34e079b8730e221e46.apk,20195,44855,2779,6533,17416,38322
d662472bfd60779140750e136349262ed0366d236528010002221b499c1e3a97.apk,35245,68622,3122,7213,32123,61409
f54f92c1db47148ec09c3cc79a629b6b0e64b6705a08d436fcfc1d43197c3da2.apk,41747,82838,4776,11109,36971,71729
ff305c2bdd258567928fdf5743442b42c8a192deebe641237cd4376252f1c5c9.apk,24601,46300,2489,5893,22112,40407
ff4603e3fa11e0523cf64f66cab0edb9dff2159398c6a0f6a45e587466d54906.apk,3307,9101,1215,3349,2092,5752
caf2a2159f6244414b3e30b8894544e74d8ae1aa51ee0ce240c9139fabdba784.apk,50844,99688,4759,11066,46085,88622
eae4fa7ddfd8b76a10499cad82c80ddc5979065d2e3065adae3ef502b2901fe0.apk,47763,96644,7473,18665,40290,77979
dcbee4504a44e576cf4c3e81a569f90cfda4a4b4df2a7f0c9cd13bd9577035f3.apk,34123,79175,8456,22730,25667,56445
ed700935c8433ac680507f50c04acc08a7a526f8c3374fd1eb8f3b209bea7e9d.apk,42,39,42,39,0,0
e78d4cbffec8079f83194c49d870a37673bb1987780e2c661ed750e3947be18e.apk,20144,37231,827,1308,19317,35923
f1e9e576509f55a1e890fd8713f183635f13fb8095438040901e52e592cbea69.apk,45836,92387,7899,20875,37937,71512
feb44c4dbe95714b9eef50e630a8bd5a561f4f91ee389f767c8af2b42abfdb17.apk,19588,38426,2116,4201,17472,34225
e4b441fe9a062d99548eae218d367e3dbd0d6bf43d29e2e6944cb564bb00566c.apk,85623,174577,8872,23180,76751,151397
ce8f44113c5a2d386dd2bcccb9772843efe4e12985cfd20ca54846b75d30e932.apk,21753,45607,1893,3729,19860,41878
f26dd1668b287c45d511ec5ef6016cc967db7d52cb706b9951011ce94abd75e8.apk,50328,92537,3835,7587,46493,84950
cdf5b66f25c188481924ff491799a84a13c17ab8d6b35620a112ab4d57a79dc0.apk,5021,10170,1838,4319,3183,5851
f9a1ab88999ba1dc011853925fa14b1a90647885ad89ddc65f254e6d40dbcba2.apk,38497,74510,4848,11240,33649,63270
e099ccb4f5a3fd27db4a3c6787f38090c53ac598f0702460d629c49c83145650.apk,24601,46300,2489,5893,22112,40407
fa95cd55caf14e4cb9b45947035d0363698e283c2b5ea33cafc15339f50ee3eb.apk,41815,83273,6523,15081,35292,68192
cfa9264e5207ed70dfcc4f43caba57cec6ae6b7bd6ab25ec8b8b68209f6cd7cd.apk,44454,93700,6645,15620,37809,78080
d944dacd2bad02022df6e843311bd29a45ee8ee3b0d2b03dd90bc5fa0a661462.apk,52790,119604,8144,19588,44646,100016
d09e346a5ad94758278f068f22f6f746396241184347239b7eb43e72ffa7e88f.apk,34416,76413,5163,13518,29253,62895
cc93bb823480f1def5797291cf70a3ad8d47b1e3c578be5d58b8fcf86b9ebf07.apk,32259,57330,659,991,31600,56339
f8e3ae6edaa83675acbae981d36c1f6b3b46749d5d1d09799ed1bfbc93434322.apk,36435,67885,3679,8647,32756,59238
f618b99dd7d2e9be225b08f760d68729f80849a85e943ef45741546940fab3f9.apk,53578,100896,2757,5558,50821,95338
fcde9eb38ae8d9522278cba59bced8e91dcc3067576cb5a1e8fd6dc14515a00f.apk,20651,48744,1843,5835,18808,42909
cc69fbf186e916bc5a8f75d92ff3e84ea769e7bfcf342f11b92b2be6603c490c.apk,43326,92792,6105,14268,37221,78524
f83159dba26b8ff7291422e2baa96632610103ec9b27174cce85411218026f33.apk,38933,72220,3615,7812,35318,64408
f80848a350f03d3d7c2ca2d96112ce0fcef443275e8dbe0f8d1fe9e5db94005b.apk,19968,33082,803,1309,19165,31773
e22d4aa4ca5f108eb30912c540fbb6fcba896691513468da0e98d6b505a9462b.apk,46030,97015,5837,14762,40193,82253
d48c322e6058d150b28a12211656aea2a6daed0dbc4d3113ac49d8f0106a6b35.apk,27896,48266,2396,4788,25500,43478
f63699f6aec0d9b84a70b8b3338d056dd8c397e1542f45443c0fed9b9594238d.apk,118284,233930,6450,14267,111834,219663
dd746a31f6b9cf1620225db9cb5808979d3975437dae15a379fa805f9cc2d038.apk,40237,87168,5664,13695,34573,73473
d62c934e260cf93baf247e4187638f568d3c9a551f9913616ed6e07c63465ad5.apk,98317,207755,11234,28224,87083,179531
ee230e01c94591a83afee9b10897bdec809a5472c13dddb6651300ffaef72728.apk,24601,46300,2489,5893,22112,40407
f2585e6b55164cd1a3a39f7cf3155d142a80464f00d167b9a5e1ce9957b71b9d.apk,55301,114978,9277,22047,46024,92931
e96e326a9fa5b4f6013bb092de7dab79671d302bfec5b9cb9368118f67b5c5d6.apk,35688,65515,2691,5379,32997,60136
f7b5cc233d56cb6a643c5b80b383c54e911cae1ac21e1ca31adca98bb29574e8.apk,73443,155464,8704,20576,64739,134888
f15626778f2494cca55c33a61e19b5137c87cc428db5b84b0f84e1a556d4c67b.apk,65527,129136,5905,13383,59622,115753
ec3c19b0cdffef6f86bdeebdb394ad9354d459ec63a0b9274ba9f2918c1f25bf.apk,61887,127924,7295,16327,54592,111597
cc337910e86e5ad4f8e26ed50c043aeb6e4b604bc960452447df3e0580812fb2.apk,71113,141872,7282,17519,63831,124353
dd0b0cf226145dd7b06e895a8c79aaf563e08e8eb9d67210f5f7e3f8bb412b3a.apk,45016,90231,5293,12589,39723,77642
dd178ed36138458d993f2aafff71f7f48f97f456eb2d6cfc6954498af4c998d7.apk,28751,62820,4841,11788,23910,51032
e36b7b8823931513c93c881f5d5c117debd6127387ecf52bd1594ab196bc7bd0.apk,29794,61542,5367,12509,24427,49033
d92bba42d13731f64c631c045b7427b418defc9efd691fc9a88e5a2515c3b94b.apk,64281,152843,14932,46631,49349,106212
fe7c5ed961a64eee6778c429b795e893865a75accb0e809c2ce323b2245be942.apk,90790,180193,9018,20145,81772,160048
e56e860968fda94e88d9367f8619e4d1f760d8c300c212b21ddeaa6cd1698fe1.apk,32881,60295,3556,7802,29325,52493
dc500eb2d61c8cf760429df46d3fc13721c955443f500919d0eaa026972d922b.apk,71918,150898,9361,23194,62557,127704
dc2662ffb88bac5a858e46874f885281a8f608d72a34d4ec8ff38ccdbb819b93.apk,63190,135352,10148,26740,53042,108612
fdf79fc231886e24bc8aadfbeba792770686002dbf25454be8ef6e8aff34d62e.apk,52196,133159,11577,35769,40619,97390
fda004ce1180b05008684bccf6424b748aab5b59373744a43c29f99c351d04a2.apk,6775,11003,736,1956,6039,9047
df416aa5a4f46349851430e1ad50ee0bf98be51e5298d08ed34309cc6b621d4c.apk,26832,45916,2001,3893,24831,42023
ff8bc7b0beafd77800b575a8f31b5475c60a57d386d5b27e1754603499bace75.apk,20995,36114,1760,3329,19235,32785
f7e3ded28106afe8f35632db54d07b502fd9dcfa1203e62e8c0c471e2cc98da8.apk,34939,65539,3667,7916,31272,57623
eb83760576ab437b947f0106cb5749a645fdbd890d9b8d1773472f80f34a1c07.apk,33829,69563,4300,9611,29529,59952
df16c9749b12d205464ba3614c18334b3cdd14e8c50b2b095bc1d18d3ce3573a.apk,62401,123170,3926,8256,58475,114914
da201b7db3924944b80eddef482f8e7eafa5f6de0162e3a2d7c348fb0b79ce89.apk,46687,88646,3215,6806,43472,81840
f5bce0c392a95cf0804c593cc867289a037b6250df6f61ca66955464edfdffe1.apk,62984,129222,8295,21962,54689,107260
f6d9d0ed06155a79b5a5ba3d1d94099d60e8bfe2d3772f72e7c40641ec7baad2.apk,60667,120265,3614,7594,57053,112671
d4c3a66a0627f2e694745bb3d3a27a99cf77f5b7ff58812b580d7d61ea96b5b5.apk,68114,143324,3606,8173,64508,135151
cc0a862cb120e9a27c818da981e0dc2cfac10a49b85ecf4ac2b4d341596a87b8.apk,70357,146135,8026,19025,62331,127110
cf9943e5846ca9dee9cd3d75d2fb9ee7f2f293099742e10701f4371db5f5cdc0.apk,72088,154277,5477,13172,66611,141105
f9636b09b69277770b1180685bcc168151138c6d30c93dfa457da8484c85a562.apk,39314,87579,7771,19180,31543,68399
fb235cb0e981a8c7adeb5f63addde6214010127ab56fd7e4138edb2a775ec7d8.apk,27949,48260,2566,5844,25383,42416
dff38db88de6aad551a87479424b6561025facf049e30378e4f6b80926b73084.apk,29646,64014,5077,12007,24569,52007
d2a597ea6d2948fea497adc83c6a5a1cc078ca191671f43afdf60e7da6b9395b.apk,31080,62096,4029,8859,27051,53237
de7b96c9ce08639ddfafb5a5194b9712b335c49803df132f89b0733e9ce5f3ed.apk,25878,57220,1665,3163,24213,54057
dd3037292e6842161e2f952e24ae500f3ea63ebb19e879a1380707de7de85ab5.apk,18460,35968,1536,3059,16924,32909
df20d142a0d8e71da1db8f53ce755ac3c7cd2dd7b885fb3541043232fe35eb67.apk,85653,183291,13839,36949,71814,146342
e89085b3c57743ca21f81badf38c5e928128162b52acfe326d07cbae92bbe92d.apk,27185,48845,1979,3771,25206,45074
e5cbd7895e0d7b911227119f9a056e2cbf867f47f34d09a253f591fa97814b79.apk,15678,28730,2457,5132,13221,23598
cf5dd668c5e1276bfe06298e3472614b5535f5e40f1f0b78a20490b2bc19be1b.apk,18409,34933,1666,3301,16743,31632
d0d6c79355d880b7de92e526017422abb85e55aa3c9eb1b080c9f7e40960ca76.apk,55166,107082,3038,6416,52128,100666
eed7fb4576a2e4f921b11035230ec7b702d1080dfa7e4fcf45e03ed2e67db9d9.apk,58875,153071,25506,81171,33369,71900
f9d5c7c82c70c02ee07613dab852a6fa24859094060d2c5b4817cf242206b170.apk,57866,115629,2938,6609,54928,109020
d9092cf8c4b771aef897f2e711b3d82411fc18919d29a55d1e19454ac1469b4b.apk,37430,68197,2472,5001,34958,63196
ffea6bfe87774abff88d183e8f49dfe84a016b604ef9e4902a0e4b360bab98c0.apk,57406,115288,6672,17435,50734,97853
e5399d40546a8a898267ebdef7db63dd65b6680506157fb91bca61cddd09e269.apk,23922,47265,2537,5465,21385,41800
e51f6035e2869040534849c86eb318cfe8a2b4b2c2b334c0900a134302284344.apk,20492,34275,2392,4637,18100,29638
d8ba91e740c4254ab04f56d3280883ab0e1fee0c322a26b3ac79f2e0abc9915c.apk,37982,78020,3656,8299,34326,69721
f39f338994a38aba31033ef39f0ee665db9ea79a0e157266d47d46fe13061f34.apk,13242,29116,813,1805,12429,27311
f9167ff35cdffee90997410b21d6ad44e50699635253a3d5ce79eced8c7dbabe.apk,61768,167112,20715,73876,41053,93236
ec97e3c9fe29c72f36d4974a1456a01eff1efc031856e1a890693aeb6e4d375c.apk,87003,176885,6661,16034,80342,160851
f23b0a0c2e674d31890fd7223d5d9aa58ff8af21919ec48c0814e169550c0ee3.apk,3105,6572,1176,2794,1929,3778
f2ab610d830ef460d272e7bbadb0ca00faa55e9efb8fb5c10474551c6f809cc9.apk,40674,80154,5934,13903,34740,66251
e1970faec8fd3756f80085df4cbc42975d23f4e049da121a40de3cb3953006fe.apk,53290,110626,5972,14207,47318,96419
f86a227425192eafb18c2a5adc6a80b77bcdbdc7a662f3c5f3d2f05e66352bbf.apk,111228,244715,15821,42149,95407,202566
f467e85686b0657adafdb019aaa77263b9dc122ee3a434cd886e9febb2265611.apk,29294,49352,551,816,28743,48536
cfe7170b1e2974bd241843a6a8885bce76593cae66e1b4a4c767b107a9309100.apk,58846,123187,10557,28248,48289,94939
e7ac9cb460751585780d3faf61724b2479b9525b00655aa09f6ae79ea08b049f.apk,81686,168516,12373,31946,69313,136570
fe4080b2575f62d0ed23031b24ff961b9417c0e62d92c6487c7ef9b1283a14b3.apk,34063,79662,5109,12861,28954,66801
d05bde1d7b9800663f501820c73d9515f7ea6f6a9cad0cfa7ad71d72d5e9af6b.apk,104954,207410,27953,70101,77001,137309
d209d2205135f7b1188c5791c50833dea589bf2447799967d51f7d50e7fab677.apk,16861,32920,816,1373,16045,31547
fd03bc31fe3e33b96598a2c1a986501f4d7a1c1217779abe38fee800f447334a.apk,64271,129700,5933,14988,58338,114712
f68bc5d47f8fc06623c4f6b2c41056e3f61c82244cb81a880e09806f0d1a6893.apk,63453,147070,8640,21285,54813,125785
f8ae0971e876cfafea3e8be53ed7723957772a0174a71a4a7442deb9265549ab.apk,48080,106698,12824,36576,35256,70122
db06671a4f29510f6b117403139197616bcc2bf975d002e2fde0fd31771d4012.apk,32289,65664,3086,6627,29203,59037
ff36a847d606fb9d4868ef1c2356e8581e81f22f85087233604baaa2645d16a9.apk,19963,43733,2073,4893,17890,38840
d07a2d9b0dc08da88fb37b3d91fa08dc600099a0f0f086574cb9ce2ae8ec0866.apk,17723,44612,2642,6815,15081,37797
da8c0d2cc46ca0eafb58bc94fc5b5c97f7d118724989f947f8d90f8f3d984b96.apk,20711,36680,2105,4615,18606,32065
d0445f744023746305244c03e5ba2c80b48dff40e388265a3f206eb4f010c1a9.apk,89011,205863,22665,60691,66346,145172
f34b68fd60447fc8164d595093b380942dd3e536f1393ed7ad99ad29ef5be491.apk,32401,60036,3502,8233,28899,51803
f58d5a486d975ce2cc30ca6d23c333aa0912060a42b5453106495c2a33a053d1.apk,19744,37604,4183,11235,15561,26369
fd04568d31826ca86a75c27f05e9538a4f448fd09095144427d7f6b30e38a420.apk,49776,92407,2179,4681,47597,87726
d213ff9371d5af80495468611bde632f471877c06bf504d3aebb150636d48763.apk,80615,203302,26811,86209,53804,117093
e78369fde12ce2239fb057f494436751f0a0ba6ab563c1560139db4e6b2941ac.apk,30004,54435,1473,2736,28531,51699
d3329d0ddc23687f2aed40e9db3ae5e1982c751b0fed57db34256712b1b54754.apk,35494,68895,2925,6681,32569,62214
d22d5e126c4d2f1ece00b5f846ac9d128f4eab36befbbe109c50c66cdf6f0e63.apk,55558,106091,2571,5227,52987,100864
f304621af06b7a9165aac829c8fd14ce2ea0692e0d3ec75a5e51ba103607029d.apk,33140,64963,4552,10837,28588,54126
f686a3f35d81f2c459cbc029fc1be317bce207453e63db2059508484116e44a5.apk,32513,59473,2723,5691,29790,53782
d692ec75488d98dbf3219369b085d0c71e698efe32491bd5e64258e15fc83d25.apk,36335,69963,4136,9371,32199,60592
f894b20cba4f22086d32cde28b2fa68ac4ae89673f6837ef97c953f1228509dd.apk,67576,133097,6376,14754,61200,118343
f84c2f73cf3feef3a5147ebfbed90f3567bbea27e91a869fb041a2fdf6eeeadb.apk,82194,177116,8771,25216,73423,151900
fe6799d1c182deaed0dc7273b4f2140c9cfa7b2370bf2e8427cac4625ee28153.apk,79597,227400,24952,116857,54645,110543
fb993a976e18006366f564c86f6a1e4b001f31d69fcdae7dc0c6e150e53c2a68.apk,20138,35352,939,1855,19199,33497
d49654b957e6c559a6f6996a528b50628b1013bb42dbb513b4956ecbe595a9ec.apk,35798,76694,3880,8712,31918,67982
fb4be1ba64cb45b5789d911a982ac6d6f5fd651307dbef5b7660b42a072cf573.apk,24990,41567,3087,6743,21903,34824
cb970a04a03a0d212f31a4f066447fb6305d7f4db4207a806151c13e4747b1cd.apk,22011,39568,1400,2747,20611,36821
cf256f7c81cff50540263586ab842c07c2cf1e4d172a4c800f04115368132ebc.apk,38997,91177,7968,20663,31029,70514
fa8e0cae2dd1a2d7891dfbb4dce82affcebff779e25fcca1ebf257818fa00031.apk,50377,99004,6467,16222,43910,82782
da1d0979747d247718bd95442bdbef7017ed6e60ce38779eb30f1392bba8528b.apk,35012,66598,3473,7641,31539,58957
ef26ff897d54faf2a0f143277ddccdb38cda0cb0aaa14a4f45187828e48ada7e.apk,159451,311845,13161,34930,146290,276915
f7a9d1182e6ebe7e72ee35939cc7306c4d38aa8917c21188d59620c9c3b812c8.apk,59193,127201,9846,23915,49347,103286
cbcd91fe4391096e2a68167507a772e1360a11cd9e599e5c3208cbfb297a6cf2.apk,37647,62747,1892,4006,35755,58741
fe2acc6f7676ad6afa3c8a2529159ed33597288a53589b56988eeb2e7deb1671.apk,40455,80768,3816,8621,36639,72147
ecefe0f013beaf445bf110f92a1bcea5a89665243336634bebc349584242a09a.apk,8725,19546,2773,6844,5952,12702
e3babb41739fdd5411b9daa053f20f2f4611642cdfbdf4fe8c605e00ae3add72.apk,75956,163653,11478,29736,64478,133917
e9ee29e9a92316e515ef226f9dfc75bab96dc86c183b680bf45b2edaf95ce5d5.apk,54504,118147,9623,24496,44881,93651
e0cde9a4bd5e521eeef7b804dffd4321bd8be6550217ad2f595d52f11666e5c0.apk,57985,114858,2550,5359,55435,109499
eb03488732e70a429c4ca4fadcf6ddf223c693c5d9d6c3e335d3198e795f52ef.apk,24385,55870,5254,13203,19131,42667
e48448151715ee088b086cdd29041664ec68634e545fb61c0ed7f5c9b0406165.apk,67669,136148,6874,16679,60795,119469
d88826ea38d1465568dd625a7e78ffde9d7bb11ad3bf9aa31a786583d86a1970.apk,46318,104714,8371,23409,37947,81305
f39005dace8a31a1ab57a9dd327153c3253c670258cdd4304a5fca4b576d56e6.apk,37569,70541,4210,9933,33359,60608
d03686c9bf1495658f0a2e3f914fcf401d920892ae77aadd9ad7e90036e20da1.apk,51115,109739,4716,13007,46399,96732
f960ccab46c06dde79420320e8fe94305b087423145cc9a1ec8b44ca6d20d6e0.apk,59126,115358,4487,10290,54639,105068
f3b171edc1bb80d54fe04f25d237fca20e8d6e5fea0e9124212c3e5ae8b2d7c7.apk,55634,107187,3323,6986,52311,100201
d4fde37b91f416ed6eb0341ccfd758cf8b64d853cfd0e5bf96aea16fa5d305c4.apk,39722,86506,6692,17263,33030,69243
df6e656044dd8792a370245b1c199cd63e104cd29e1e72190e265b2fa56eb418.apk,40900,84546,3763,8105,37137,76441
e5fe1ed2bf8a724db85aad812e12d3de68cb0cf1e3fef30cbb26558f667372ce.apk,55602,106172,2571,5227,53031,100945
e18601add6f128b7a2b5476c5d0f889e250c92c44848e1d29834b31ff5a9d005.apk,38445,74431,4930,11289,33515,63142
dac7d5c00cb54a19e4c1f4887544742ca88aa98a3776b0e0224f259aa219188b.apk,50858,104767,5435,12766,45423,92001
ebbb5ae45277b6ad4e994869a6ea14176307b6ae6a686c49ddd253613f45df2e.apk,58132,117662,8808,21677,49324,95985
f89d1f42911b3c7bf142925fe0fcc1d9e03a432026e440f9c912567f23fc9d13.apk,21919,50145,2055,4854,19864,45291
d5a8b44b82d534bdc15b024fdb2d014e34598d6b6339e073eb3f81d89dd09d48.apk,21499,42036,2288,4757,19211,37279
dc457a5278c0f4fc8f5541542762f93517383211ca4fedafda4af075d0a30d91.apk,68121,136392,4072,9469,64049,126923
e51142adbb6eb40f4399edab8f4616da75eee5b72049e4e4a00546a6bfdc7c51.apk,33843,67752,5623,14896,28220,52856
ce34a199d4636a59411d30b795250be69d42dbbbcf966cfd35cff71fe49c56a8.apk,37516,69482,2695,5745,34821,63737
f16b7e8864eb222ddb81d9d544757d2f99e3628758121e40d041adbf8447711e.apk,47370,91883,3892,9161,43478,82722
cd02c3ceec75d17f913ae0d57a861f2bf8b00a6feba81b82ef17f1157096e97b.apk,32531,63757,3319,8210,29212,55547
cefd768c8d075359bdb86814cd893440ed671c387e048c94d3c0fddd4ddb640a.apk,88368,182293,6608,15835,81760,166458
eb22e057b9bdfae6b01bb547db43fa6ea5ded438ab6b7624f59cab4cd7e3aa37.apk,45714,107325,9972,27063,35742,80262
dfad52ca493abe942f76b296cbce343970916fb3457fd89169e469140816bcf8.apk,24838,42418,2054,4168,22784,38250
d00f35c6c7f7118c93b81dd80ddfede2b8535611af41546fc31d9a45aba8f4b9.apk,70125,148914,8322,20202,61803,128712
df77e35b816c6569d66b41006c045a3a4d8c46ef27df722ee0cfe0dd0fd13b2a.apk,39328,80322,2778,5754,36550,74568
f685421983678a53bf6cd2da2a0e97be44eb131ada00ade83eb0926361f82755.apk,84249,159652,5296,11778,78953,147874
d3f3ad6c30da102ab6ab9f198669a967d3e2202289e28462e47a96a6c798f4a1.apk,16085,24443,1055,2509,15030,21934
f89372c313f6ee4af49aca40c24e399330d75e9e56394ed9ee6bedd40b0f3a78.apk,36419,66566,2305,4618,34114,61948
da80f0f72e0086f358c068c713f44cd52e3e5a0647fe2486c35b1e8958164bb4.apk,30475,64144,4509,11261,25966,52883
eb6dfec4eac81056df0cf7847acccd93f07aa007a62625fda58ffa881dcb012b.apk,59978,120839,4365,9531,55613,111308
dc7189119ae3e79c4fec8032f868d42e6d3648adfd6d9df4afdf67212748c8ae.apk,92362,179877,11418,25915,80944,153962
ea9b9f84b9dcb6da922ea8488a54fc94c0145f1593c994e008eff3dda96a8308.apk,18373,31615,801,1469,17572,30146
d3c146f48b48bac2ef2985cbdbeb46fbb4b4433a808c36b4572d16d2f4e80bbb.apk,1809,3724,1809,3724,0,0
fd3ffcdd9f1603a1274207a924750789161c1e5c1aa75818938b0d190fd124ac.apk,41004,97172,4344,11295,36660,85877
f76dd92b3b9e52f1940d1fd700068759531dcc002761382401b6eedff0a12786.apk,34408,63267,2549,5310,31859,57957
fcf7d9f12b91c9a3f60f5c47225e5ffa1a226ee87d2266d9898b921c7e8e5f4b.apk,35899,69200,2145,4780,33754,64420
f885594e80d395d748e3a79a8fe4c77e0328357b1a65fd82f7817adeb51178f0.apk,58801,122684,13371,39858,45430,82826
d22c4ab7efe10ad5e73d734b09de584be791a9119f7a2360db8c6c20cefe685e.apk,71329,139604,4654,10157,66675,129447
f6e266fcee561798785a93ce36c45cd71aed245be276ac0f9b0c3c6769a66e84.apk,28084,44674,2731,5554,25353,39120
d1b3c87427495bfeec1b26537ad56763b47efca41c95bc13e74dacedc0b16c48.apk,64316,145534,9551,25421,54765,120113
d60d787972d644481e55ae5784edc69f550eb2c91ff9ffc455b707f9d3788c73.apk,29587,55070,2467,5050,27120,50020
d11440ff849413e223489f5ff1c4fec1efdd8212871e72e2733d9faa98bfbe19.apk,63395,142257,12800,35242,50595,107015
cb43a02f12bab3397dedd05952d23c647fb969defe67ea1e4fc5264850ea756e.apk,116411,245145,15268,39187,101143,205958
e7db1ba26da4352c19a497d0c1b43c2d9613d44ca83df9fc349ef10ad12297da.apk,53870,133293,10967,32198,42903,101095
d71f1bcb3a1a90e1a55f538f0ca76b13b2b996673f851106328a8e47b27e9e8b.apk,82726,173306,10121,26196,72605,147110
f5129fcb642e04542f3eab5fb7213c89ca3ac8214b4766c6b36707b33aa78008.apk,41930,82201,4850,11296,37080,70905
f800d0f7027fbd06b2e5362bb7259823383d2e3b21d3c913d0280c63d57644ae.apk,30469,61174,4115,12007,26354,49167
da21d2cfa976ccfce69ab03f3023dd42fac735987073a6ec4344e9a78d067db5.apk,3283,5478,266,398,3017,5080
f646a81c97b39dccad5ba7542823739daf408990ea84856922b044a1ded538b6.apk,30414,65332,3793,13907,26621,51425
f76b138fed915a2911e877fa78282c619009cd1c4c2805525e81ccc18a5eb30b.apk,20220,37479,1605,3027,18615,34452
ee8d38c54a9e20aa3824c71b3cde56115ac8bf133f7f33e548611920e85dc6df.apk,44500,85263,6545,14970,37955,70293
ef13a471a27bbf941d3e6fc13e3e49399edd438e9b5e43480b79c2475e031e91.apk,23352,35182,379,523,22973,34659
f0bb0774c15d3a11ec46983f8641d9c3a669b16bf5a693d1b9e71193c609a6ca.apk,458,773,167,267,291,506
f2ccc0a7605cd1c41232a0cede4a8596fa022e252545270a4770cc493679c4e4.apk,68082,143231,3599,8148,64483,135083
cb34594597e45fecc5d1e34eeecf79cdd0953cf3b7b33d8197fdf463bfcd129d.apk,8889,15602,1551,3350,7338,12252
f47e24126829ef9519b897fc05c00b104f767193e0ba4c0c11cb3d7ec27a2991.apk,57901,116180,7258,18110,50643,98070
ccb8d84716ff1981fe833471a885fd21d69c21445bf02cf79b16e066700729b5.apk,100421,219791,18978,49362,81443,170429
fc1bf3ea9f0c162b79d5db1d201ac4a521052020a878a28143fa12cf16a205a2.apk,6642,9277,350,458,6292,8819
d871834169b9518acb4da093475a1fcb24b1795d935dc356c79c039693757f05.apk,100242,211158,9068,24184,91174,186974
e1fe71205ab1c5f452ecce7f3e05a9412599c52251ddd586922f2d3e42320dcb.apk,45798,99698,5635,12736,40163,86962
fe136fc1736f982273163be91346b0c6eebb0985574ccaf03ff9cc10e856c381.apk,28369,57267,3194,6686,25175,50581
d7933505c208a04102864fa55d65111a1ab3a5dffc586fa3bd47845c17ddb49d.apk,98702,203243,7646,18699,91056,184544
d3eb3309029d2ca5870e5879ad7b6efb4c37ff6f00c06b501dc860896310d4ab.apk,91930,198046,12982,31174,78948,166872
e06d6fd368252134a8a4d6d369e0d6dd96fd2c4c0460e7c18af8fbc08f60bbd3.apk,46074,96474,4662,11431,41412,85043
e0a7e8fea632c01af39acff5a28698975d7b2829aceb177a4fa00ff46e68a497.apk,17920,29146,1032,2189,16888,26957
e8ed541a7fe6156924e17eca44170a3f13226b32f3eb8014d1cd4ed73374c4e2.apk,59204,121888,5357,12775,53847,109113
f3c9119b2737d6a9431ffa619f547a26f0a2f62a58d198eed884d68c172a46a4.apk,33768,69010,3163,7986,30605,61024
f967dc98b2f12be596e62f8655dd8b7f48542281c71238c007e4c071f5d5dcae.apk,57901,116180,7258,18110,50643,98070
d9c974ce2347b8b2ce2ec18814ac378ec5cc0e6025d3cbc1784731ed50e4a49e.apk,48021,88677,1838,3724,46183,84953
e0f1cd5e011d31d5f6d8c2580438934971202b72206b77473a00e384e8143cc2.apk,60580,140523,11161,31512,49419,109011
f22b90df48b28dc25425ea50e9e893290900956bc0f25b7b5a87e0fae3f0872f.apk,72017,159294,13599,34476,58418,124818
e56770b3d494ff7bda141d995ebb4910f86efb74309031d62442ad1575ab3d0a.apk,92117,199026,12938,33607,79179,165419
df801e94d017bae3155886e4e16b752bcc979a740335cadfa671393bb8bf4143.apk,46053,89753,1565,2734,44488,87019
e96b08a83cee137d36600dd1aaebfd95d0597dea96f3a60865b15c0766614069.apk,18333,30867,780,1486,17553,29381
ce61ea628505ecceb51ea4bd57cc919d4ad3b3bb9a5003698c2fc3410927b500.apk,24569,40859,735,1258,23834,39601
f7e676dfd4123f453331407731b9668530963554f0911b0005a6b3f431c0ec70.apk,20435,40612,2761,6551,17674,34061
ffe5825ec88d8909ec54730101b5ad03dbfdc8ff07d17b165e6ae54e14b91b87.apk,54479,107983,3323,6726,51156,101257
cc7105d74853da0c7e63d02b46036d3685920bea2902eb6fe42ee0bd4b43dd2b.apk,28326,50586,1927,4464,26399,46122
f005c683ee655733f5206f8de4cce6fb55a394e0d7b469cc72d88d34b2e35972.apk,39628,75639,4693,11184,34935,64455
e1483e9b7c3c761eda12f757aa22c65e2848f65ae0872fc1cdf607770b6088a3.apk,48073,96103,4314,9450,43759,86653
fd2dfbd8263a594d00ca0e78c5b921a175dcf05fb28f1cc316c7c92338480f6b.apk,62861,158245,15578,51993,47283,106252
fb28c525ec34b56171674a1756f897e8ea39b6f6aacc47d4108d1240d912a3ec.apk,50898,117653,11083,30981,39815,86672
d69993acb6905d9553f371859f1ee81d8d28bf03401224cef59dcc159119a903.apk,52399,101438,4007,9021,48392,92417
e89c09fe3c204f8fb5b4366c5a3455c341dc412e51ca186aa9c6f15a769fdd9a.apk,19349,42561,3175,7291,16174,35270
d58d3540b5a9309a48c450baa210bfefbf5ac43fa256a7351c581286b55fc8f1.apk,102197,204752,11586,27705,90611,177047
db9ec9726f5581a3e4bbaee32ea3c4a6f84688011c359a193a68f674f7311d29.apk,43973,87340,3652,8585,40321,78755
ef541e1b12ec1b24111bebff6041871894a7ce52609d3197925ab3b9e0d734cc.apk,64588,126457,5305,11971,59283,114486
eae10814167cc03e20cb09d0262a7b25d52097c492167435c8509ae0cc2c6d46.apk,16824,24523,367,519,16457,24004
e3e11f8028f4b84f11380a769d7767e873d70ac7af59b2ce71caf7a7c8ac74db.apk,20789,39485,3248,8070,17541,31415
d928bd67cdb66b71efceeea681cc2561eea13db0e5a1bc0e6c06758c2e7ed626.apk,46787,94907,6370,15871,40417,79036
cbe061497e131bbdd0fc9aee6621fd951228e1b153301d077d373fd56d9e7ba5.apk,59002,136015,8959,28661,50043,107354
fb947b918afd118c19f2e7d15a86d16411e62c924153a3e56f3f5df7b82f99f8.apk,14801,27326,1238,2084,13563,25242
f0c1f5cd7d9474847d0348f54890fd89e9fbc556436f2f5fb2c18feb19ca7057.apk,44907,85309,5045,11085,39862,74224
e18e22a095a76873589adfdd1da1a03de5a97950463009a55f701b4dd48c8b33.apk,35317,63997,1275,2281,34042,61716
cc0f85bade8adab5454b71cff75584a09f9d7492a0c4e76ea7f0f244f48a8731.apk,23851,46095,1591,3211,22260,42884
f44bb2b434ba75439db95eb478160d88e64accd3e04a320df7720bdb627ff27c.apk,19069,36106,1860,3535,17209,32571
eea8dea49f21b44ea475b6c4e8d9d3c02ba5d8eb818ea244c368033f70ddb5fe.apk,15248,29889,909,1456,14339,28433
cff6a9f8571212dc62988379590ddc7f754d0461261b00a99847a8283c95009c.apk,53337,107194,5385,13191,47952,94003
ea43854ef6833d322d32bf8ef462e3b061824e055c077bca6126f2c32d4cd214.apk,85788,195703,18456,45905,67332,149798
d90ae2e888ea6e4146a6a08fd2f43ba26e1d12c9efe0d1e25fe31415ae9250a0.apk,38252,70434,2064,3937,36188,66497
e64a3e64f41428788b3155684e81fe4f0db8623eee8f88ee720d17bae3f87992.apk,43753,83956,5997,13763,37756,70193
e2a379c9f04cf3942c3a75b5f4419db5c5e8b0d91affc4170bc1c11d37d3efc2.apk,61539,118949,3354,7265,58185,111684
d618515c147cdb2a0b740194301344d1bb620be295843a5fca5f0132d467cdc9.apk,40829,81043,5070,12487,35759,68556
f5ba4ff9be4408a0d4f2d0ec3a7560c7f3bd6a20b5b280e850dd3fa19bc1f30e.apk,25422,42189,893,1583,24529,40606
ec6bcf2070387bb91a205d0b12b8015514508a0836b3e289ea747d3a4f8624b1.apk,59317,134246,13166,35536,46151,98710
d28a6ad7487de8d3bc298e0fb40f4bab0c337915a2cbd27720701119bc7ef0c6.apk,45742,98772,5554,14927,40188,83845
f6a40eda2db4a34ea5499136a9d42cca2a712317b74bbb21f9903f641c34f5cb.apk,59633,128939,9183,23997,50450,104942
dd7324f3260c6b0b2aae61d23cc62d416f64eb3c889adde412b7d9ef6a610db5.apk,69859,137712,7785,18480,62074,119232
e19e2adc08176585d36d784a7ea2ec30f3851853c85445943cdcc2ee243ceb18.apk,27279,56151,1491,2766,25788,53385
d3dfec94cb0494f9620cafa80e9923db05a3057d87dc4df8d619fdb2220bfd9e.apk,56788,121421,11709,31920,45079,89501
feef1af62d4c16528075b9f454768dfa38652d071bf78269adc6b29c478d8c4c.apk,55211,147701,13600,45869,41611,101832
cd629c737825c4321f00fd858a450aca0b1dea5fd1029486d85364c77873d0a4.apk,20043,36894,1514,2772,18529,34122
f210093fe12db75c3d269461f8169e408c9e8e3ede6f8e6e81435ce413382bb5.apk,28503,52498,3546,7610,24957,44888
f434d2e104a4aaa7b1345aebdb941d8c194849fbfec54e8f9e59250c59641e0c.apk,47303,101987,6824,19410,40479,82577
e297e9947924a5d6fc0eaf85fdd42ffe0aa3a3bc9f5b4ebec7ee03a4731f3c03.apk,27093,51739,5257,12661,21836,39078
ffb971ecb018425f21cdd5226374d281f650b96dca53ae657d43356325fbffc7.apk,47627,118128,7301,19177,40326,98951
ee3480034e987fe458ae439693e3b2f08807205dea2a686af7e65da68c730ca3.apk,19986,42288,3209,7681,16777,34607
e019683971224ec84cceef3e7437482788426b4bd81aa2b65b0c8fc45805331e.apk,26761,51902,3460,7632,23301,44270
dd85ec5a3f69c3b86a13413b7d86de8651bc3fb6757fd132d9ab6b15a11dcd4f.apk,68322,139722,9658,24138,58664,115584
ed4394e895750d920cdbb9431f3665e1350aedd2e7a9901bd4daf6dbaa2918ad.apk,55579,106123,2571,5227,53008,100896
f0135476d6372f9d58f0341f82ee0d6c2b0a01a3b0474f4be9b9005c5fb64e91.apk,102956,229540,18848,50274,84108,179266
daec7896770851742997e171f097934e6d1e39eb3115f9d6aeaa26d80fe329a6.apk,24920,43393,932,1788,23988,41605
d2f67385e0c4dedfc1783106b37ffc5a63811ee2220437a857dcb3254d621d3e.apk,36573,75402,4455,10836,32118,64566
eca0588b9b9487b0e81ab853fca2626dd77d8f91087e5fdf857d2331fcc324d1.apk,28643,58363,4584,11485,24059,46878
f986d8098c2b0fb43c7b1ebe3daf11a6fbe18be03fc3ca886e8c95cbcbb1f217.apk,65870,158427,13193,36643,52677,121784
f6aba12d2068589e557ffe48bf300b077fbb1f4dd3ec3b74317bf7ba21fbf29c.apk,61988,120952,5916,14041,56072,106911
ee2a4f119358e5fcdbfa52be891678ac23c7bca888831a41e86758d05ba3430e.apk,36701,67718,4534,9785,32167,57933
e3d436ca7c715141dd7a2b7130e93f99fdd26395b6e01773db8189f41549ce08.apk,58568,127573,9421,24306,49147,103267
ceb4103059dfd43d703013de72e93418354924f7e3132a3403a293bfb38dcf5d.apk,16631,23694,353,502,16278,23192
e9b46e817912098a813f938029299d4d8d8b9e84f171685ba82b1e5c05b6998a.apk,63154,130064,6191,15424,56963,114640
f0612d5dce79ecdda53251689ec5eccdefb2518e7725334351343f9e27e482e2.apk,46417,91768,6655,15205,39762,76563
ee81ebda1138e47370e83ddd7174b49046dcc71a91159488fa3eb88c93f60e08.apk,1353,3074,1353,3074,0,0
e86eda8439638f6d4f58f8318d6e1d799cdfba5a72d99f2ad0c89a5fb46ce6b5.apk,38592,73523,1913,3956,36679,69567
e168f10ff8c82b073321d1f80ae2ac3f28a409f39f7415a34b58342322837ebb.apk,65005,129242,7692,18909,57313,110333
f196629586783060f6b7047f230caf00366e91f1a046f44759d60a193bbfa3e9.apk,50289,108459,6847,17227,43442,91232
e99797ad07dbb46cf11d4409b3b094f1f6d7403af97c73d8b4b577995b229e33.apk,78375,171666,14989,39108,63386,132558
d974716fda79b5f34a94ad519fa466285abec3f1e45a9f535bada18ae7747a54.apk,37999,81297,5809,14833,32190,66464
d39e4ace9af57a72312bd2cae26aca56864ccfd70d402a857f1c236a68ec8264.apk,44273,85656,4698,10232,39575,75424
d309f29a0cb8f16822199ca2d211b6ffd3a7aad4dadb5d03590e6cea4770bc9b.apk,21760,39345,2417,5431,19343,33914
e5302c7ddf74c14a74c906e61cf48f50630b8741d73bbd59de978dadd83a4983.apk,46658,98785,3518,7686,43140,91099
df9fa2240a73be0e0eeb1fd27225fd6334f127807c41e53eb59a98b9a4ab25ba.apk,57948,118517,5476,15980,52472,102537
e146ca9c7954c2879577f8c09f9a398b752007808e6e81681776b43f67bd1521.apk,105773,230620,15017,40590,90756,190030
d930cc2f340f0f7829e4620e2b81123ab59c1d5bde9736ba35c4c9686bbcf458.apk,41519,95753,7921,20824,33598,74929
f8b3c6d5b0ee98fdbfd6a17858e2555930ff316341f6e63d173170819a30f2af.apk,57901,116180,7258,18110,50643,98070
d4027a5551f5908ff878d90e74a197552f8f22c9993a980a7b2153f6ed2f1082.apk,5338,6919,48,50,5290,6869
d5e0d1be3d02b9c539d113bc9466d07b91cdf9a6bf5c6664efd25f4f3ec8f753.apk,60548,113917,3281,7309,57267,106608
ea35c3064daade21ecca579062ecd2299eb27cfbfa13e7d43334ff6953507a3e.apk,73457,162015,13857,38706,59600,123309
ed598e075fe8cf60825d688e8f7d850c03c5923827e4d3a91bd88da68fc1cf86.apk,114506,354639,51844,205729,62662,148910
e3dfd965157a3ed6b224a8ea5dad2ae176450ca0db17f38e4ac8a1b24bc4735c.apk,32539,70372,2904,6528,29635,63844
ec77a1132e53020d9c8eace88a3afbe6519ead8fbfab6993be695ce351045e95.apk,25678,48422,2252,4750,23426,43672
e55f2d22c7c745794df5a6da8762aa722e9d74b6053601e87ddf8df1bf62970e.apk,63693,116431,4960,10121,58733,106310
f152606913c851996acbde697ae0d7ea607fb1844d808d11bf2d28ba0a8d7146.apk,3988,6251,540,817,3448,5434
e885acd6b5e955c86ecb7bf2f5e554058f44eb6bc78231750c1eba86d7e04084.apk,80771,174909,9367,25996,71404,148913
f4a5075a36e217eda0a8c1e65300ce6cb2e3bea848fd2bfe40407f4d96f0f54b.apk,21544,33390,378,540,21166,32850
d36340936cb9d37c09540999e9409e46e983735737d7012c135311c22d8c0412.apk,57901,116180,7258,18110,50643,98070
d1ab8d531d66e19e581d80209abeaf8b0021870ebb46a4462e27c65c4e1593ec.apk,12373,26354,2631,5574,9742,20780
d3c955521705ab476e43f8c3e3ff732b7ec455eab41f50595bd10f622f575e82.apk,94907,202392,10383,25180,84524,177212
db8980d0a11c5daa991977540a184b906d35ac30cd27d7a63603fac22c7deb23.apk,17114,24869,389,549,16725,24320
f7ef3380a585e7f4271323c8d08f71d9e0544f1fff609f77877cc506149f7aa1.apk,18031,36945,1721,5597,16310,31348
ed5f0aa30abf00db2ceea96be0f88ff7b5e46bd8bc026419f1e5d8e13f5dcd62.apk,45343,95266,6757,16145,38586,79121
f561145e66f6f8ee0a308121738743804bbd684a29569a70e8ef1614b70b8333.apk,35197,68923,2374,5005,32823,63918
fa60efd0ebafb2cfa881fef75774422190f3d29499b9daaa3fcb8ab6274c2da4.apk,28833,54653,2366,4923,26467,49730
f5796f8e99391f352764f2fbb9764aa44f9b02ee09fefcc37b4c7cc7b07a3205.apk,51637,114610,5770,14716,45867,99894
cafbe70c34ded28b46173b9c614cdd2b27a65390df866b2fd9d93992ce59b3d0.apk,19126,36608,1932,4125,17194,32483
f099cb5b48555e23cb739c0c1ccaf5ed77e995f32aa02297bdba2011d7314c0b.apk,35452,69786,3498,9569,31954,60217
d5a6d8200b517bd7e798b1c15190c40e07b09371eb40d65c0be8fcd02e4619d4.apk,51042,104990,6323,14743,44719,90247
f412601fe09556fba7892f4826a6893cd64523da461d606a35a971faa7e1f91b.apk,76777,143568,2837,6335,73940,137233
f3507ad373504acb781de3eee64c6b2c4e888bb5ce2ec9f9adb86433a97b4ab9.apk,14097,32984,2601,5742,11496,27242
d340f22101d1f96df1b38b182126abe6a10953c5044a8b9b7eef0fa0760f0a62.apk,96636,198138,8751,21650,87885,176488
ffbb071e5af9be6a4c223d847cb663650bc0ca01e34ff352dde6cef881720be2.apk,64952,140724,11550,26602,53402,114122
cb203dc9e0b876a78718ddf96119f097d7460cc0dd72006d69edd2327b83092d.apk,52791,108163,7132,17471,45659,90692
fcd16d9e9ec17b80266549139bc2ada849dcb3a2708acc81ef61ef1a410142a5.apk,78641,153008,7006,16009,71635,136999
dfff3511c2343a582bc6a7670417b8e9a87848b6dedbc5179526be95e169119a.apk,46104,93786,3877,8749,42227,85037
dbac1a89cc7464982d24d910a4a1852c6698741bc89e9e93e570bc8a345ae89c.apk,18670,32208,2839,6636,15831,25572
f2842ba8d0e2732ef29a3524ff0834e2b8d446a5a594040fa87004f7024098e8.apk,31283,55860,2588,5421,28695,50439
f2cc683d2eba33e04124444cd3e6279ec569610f0ed97d7772d4a8986b7f95e7.apk,62391,122981,3868,8339,58523,114642
d22d253b282740fad40172beda9130635c2a0a0936ae086d224181a26f05d875.apk,50518,102680,2643,5507,47875,97173
dd47a41b67611eddef46b3c517918f18d3a2f0f7c2edfbbfa730811957aae914.apk,3825,6031,618,922,3207,5109
e0fa649b0fc25ee13114c316bf8722cc210f800910b95d32912193a737485a2c.apk,46015,88047,2264,4481,43751,83566
f611c149b29994e221ff21f814ea6818f0146096e342cf83064bca3dc1589a27.apk,46932,94061,5107,12153,41825,81908
e5a8a0d92c1c3ab25a014bfa4571a528962923ce1ba817a1abb261567ec8a955.apk,56673,114207,8131,20008,48542,94199
d8574537ac67c12845e6497a4218783e4d123ff204dc83185d461b54fc3bda37.apk,14801,27326,1238,2084,13563,25242
cc387e90911c9d0eb5e6f48ff36bb49148b3c66cbcdb32a09875321e1c036970.apk,387,463,387,463,0,0
e0cf4ebb1f0fbe1a208722663e0c03b8c8125d459e74efa5995ef21a43da9637.apk,102957,229541,18847,50269,84110,179272
fe1d67e4e4bb938ede829750cbefe36fb4596260f971ba667a3007e9e99a3bf8.apk,13471,26458,1156,2345,12315,24113
d9220a2533ef32c42a54677aced2f2a96e6e51230a18d5bc507261421fc8fb49.apk,52662,106752,5031,11886,47631,94866
f1e9cebb30c2e663992990f5d488ad14f6a639ff896d088a8524e1fa0ccff9f3.apk,75058,155690,13968,34259,61090,121431
ec7aa54463f8b19b75f651a3fb66bcb5179fb15cb1a719d233c6a992bdb01afe.apk,35957,69729,4101,9799,31856,59930
e0476380f5df47d3a76a89c40217824783dd320e44969296f40f52b4ec0ffd70.apk,63058,123144,3552,8465,59506,114679
dd093d5c53278819e38651c316587318f9b3cd013239523b70cc5dfc2d53b65b.apk,12280,22844,600,940,11680,21904
cc4b7969e026dfce47a7cd44b20ed4e2c4d0ed8143f9e7c32464f70861aa584e.apk,41035,90521,2603,5831,38432,84690
d881763df803d829fdcbc94b4d3f626537bb4afd7de1975d12dff28da4fc5c90.apk,86610,179834,15242,36260,71368,143574
fc28edc7b94540c6060392045a44e76b8382c6013de67b9c197374b54b8ed215.apk,58916,114947,3614,7849,55302,107098
de5bad4c0cce4ca82cbb3939c0146c9f5336aa84cbfef3a0d4dd50413475d503.apk,32772,71659,4795,11362,27977,60297
d539eb3f1b682425b9069d1e1cfce66c53029f42370520ba08cdc2e3211b63dd.apk,64722,150217,13108,40103,51614,110114
ce2e61c5196b02f8dae128c5ed4c40f07f2b3eb3d3b3cba6194621df9d760343.apk,18196,35254,1536,3059,16660,32195
cf5ac86c42893b5da76bb506a2c92bb37ce5fbb825690cf29f722ca841122d65.apk,64866,130740,6283,14284,58583,116456
f5e036be6b22dcde12a0aa2677861b15e69cdd8702b89a7fa947fb501e9d93f7.apk,43060,81838,2082,4179,40978,77659
ddd5b741467a890eb6bc5a353afdea8336761b0bb288032cb779924a28e72959.apk,37774,82465,4267,9184,33507,73281
edf602f32beea1d516bd8977156bc40572e48684836f634e4f3635846553c5d8.apk,3153,6032,1100,2166,2053,3866
dc8be4c42bb595c492a8d975f8d323f7ac4eb304008427709563697b447a11fa.apk,42424,92466,8161,19923,34263,72543
cde224dd555cf478eb03215d9c754c1069e8c5f06b7964618f75a214a2c65b8d.apk,39337,75434,2416,5260,36921,70174
d41ad4048cff6d68d8c1c88d5b209383dac9c7cf1721c308b1fc1a1105bac05a.apk,71479,145539,7983,22108,63496,123431
f421f2ec4c428167bbf6d4dce4a9f0ac0193b1677a6810d7b7699990578f77b7.apk,53938,108582,8331,22582,45607,86000
deabde220cad44261a8e814e1d53f5aa5134fafd94de01084081070d3c28d679.apk,51260,104836,5244,13185,46016,91651
f83a8b9dec29472d2cc4b295027d60636ad205829b69970da189a0106d3a4500.apk,36213,69264,2531,5220,33682,64044
fcc5300869bfff03dfa2efebb05af5d9a354cabe690ea481c4d28d758cb56f29.apk,29562,58239,4450,11294,25112,46945
e941556af245f7f59dfc30f2a7bcb8abe8fe5b3bdc5e1133972615a45bae7f8b.apk,20181,40861,2911,6352,17270,34509
fb0d744cd53946ae9ee2092ab3f11d8a9475f520057eb1c848bd1209a9bd16fb.apk,54756,126202,5242,12884,49514,113318
f0702a8522307edcda12c7489f80e3f6e5a9c6e11fd50b14a0f7b49b64aa11c1.apk,33200,58454,1471,2852,31729,55602
e3b9ee624e346b7eb953191cd98f166b3bf8c109595a0697612a6c43fbc4413d.apk,12280,22844,600,940,11680,21904
e105586a8f2ae4cfa063c7558577db93f7fb396c365cd4226500c8c11ea7935a.apk,71660,157822,13763,35313,57897,122509
fbcd85e139f1b5135df74ee22825083d1aed95a39c0f51aaa69d6b9ceccf5938.apk,16619,34100,4817,11568,11802,22532
da40a96663443d30f351f958deaec623773c32f9ebfc6e0dfb29cbee09f03f93.apk,123126,267330,19260,54282,103866,213048
cf61b3ae445cbc48a1702ae35fc665b18da42d3e33f782172180a9812d11b738.apk,40946,85815,5080,11575,35866,74240
f96f516d2c08ecfae71b7a49e00569bf65fc9f7ba99042953bfd5432b0daccc5.apk,35716,66688,4644,9652,31072,57036
f6b8e3bb3f2f2c1894b68227f28999cabe0bc831651a884a57aa2a0d3eb70a38.apk,39761,79686,5625,14158,34136,65528
f9e5028c29a59b78f59756323e253d615d119d005bca632f240e3f8e3c996654.apk,45348,100107,7129,17628,38219,82479
d1dd1b9d99c2bd01db5ca5b4c9acd87695e1c86704773eb5d5b03b669b417f72.apk,29850,53604,2126,4301,27724,49303
dc050f81336a7fa21296e42001e04fa88d099c0c3eb20460e87ece0ae4f3add9.apk,38524,82802,5625,15165,32899,67637
cb2fc46b87ce779dd7ea025b0e755fb82e1ede8721648a0c4854e79b6fa1aac0.apk,57405,115287,6672,17435,50733,97852
ea84d2edca4fabd32b822ee09c33b26a284508d316db54951d6e42fd08cfcdcf.apk,56737,114854,10310,25689,46427,89165
f600b4879e3fdf070607d413207d7d1ad9ede74e6bd6bb4378b0dbf520390d27.apk,56765,121441,8645,21739,48120,99702
eb61efd4efacc23a899b8a419f95d0452f6fc69efc3146dd63fc703790ae45cf.apk,19033,42385,2771,6468,16262,35917
e243441e79aadcac6f12c792e7c51c8a646b710354aa9d4cacfd7cbc53355740.apk,49714,95122,2985,6345,46729,88777
ce47ca3caffced522399dabb26e84586b46ca33991ce3cb26befc4633c8e44ac.apk,55233,130616,11803,33067,43430,97549
d20fe5c821903fab34926cc122f10e7720eaf12428316dfdd2de04c6d6d43b99.apk,111048,311374,10789,28189,100259,283185
e3461a5bfaf90c5478fa577497b876d45db2e349438238ac3b2b1600f5df3ca7.apk,8257,15726,567,898,7690,14828
d38c4983803c2bc3d01639a72eb0e31c43b8d617b96744cc3e439534971c0d8b.apk,25188,39049,437,616,24751,38433
e1b399e4507e5a84686de7972287de8cc21bb34f98329328b67be5c203b0f79f.apk,45465,87518,4244,9204,41221,78314
e58d29f038df577533993dc4b4268393a9fa46f4b7198921e6ed2761f3309bbf.apk,80653,154889,11295,28830,69358,126059
fc1a74a8384872980134386fed1ea474f1db81dcc7452088e2af79126279aabc.apk,36438,80777,6422,16462,30016,64315
e73722154da8482a7a046b80b2230558e720fb0586ce95088857580f1fd24741.apk,40241,77257,1859,3604,38382,73653
cce286aaf995e0df5aef8ef6913783d9ddc7e8b816b581c9f53636014a07f7a2.apk,87658,199678,14766,39971,72892,159707
f665fe56faac76eb0b7d02dae4a7eeda8ca1f7bec78422272e5a26195662e82f.apk,63743,151165,15116,47299,48627,103866
dca3a3b94b0ff373ce5b4969ba4a4bef24f110cfe84f17f7ee9a4981c50c6080.apk,39945,79230,5164,11839,34781,67391
f7bcabe284c294d3be1c8701cfb99a55e5071c4c952512dcab939864f85d3218.apk,116411,245145,15268,39187,101143,205958
d499b1d6da877f01f90480662e54efb803efe80ed477095bb37d8460bf8f1cda.apk,48460,98402,6532,15308,41928,83094
cf3ac0931e3e7a01f7acf01adca5a3153311e560176c13efcce6331456ea6d5f.apk,52864,131120,18450,55648,34414,75472
e844c3ad647f39621e673975ba5c408c5bb63049a10b0ab3235dcfb4c73ec468.apk,31211,57332,2545,5320,28666,52012
cf2db93fd8efef3a6b9af18c6a251e8211e472c6d086ece0455c085ac237da96.apk,35350,66109,2718,5745,32632,60364
fc38908a43824d83bd6cd2f759b106628f676a879765c63b909124a93f30ef5f.apk,79363,161825,10966,27399,68397,134426
e54081d85c85a02d10e11d1f0c87bab2aa95d0d7fa635ec8d0d34ed5e09c216b.apk,49804,106144,6432,16749,43372,89395
e736299db6cdf5354a0dd89f3f6447b835835e97fc016660cb0bbcdf7148a765.apk,44490,85359,3021,6498,41469,78861
dde4fdc1e131f373965c995051fc836f59e702c5daa903306dcc5c8a03caaa53.apk,66701,160259,10832,32555,55869,127704
cfcc07288d0e3ef0eeba7066cbda60a275662d0590d69f566a8611d826beead3.apk,21661,43798,3389,7713,18272,36085
f201cadb6c64a402f12457b74b4fd576448c7848a7187e6b7141ff41321bb57b.apk,64710,145908,12796,38027,51914,107881
ecff9450fe7206ac20f9e9878a32179be3de1b3b488ac80f7dd488f34ab620e1.apk,5536,11888,1495,3544,4041,8344
f7bf56e5789c8b5818ad97455ced4e24454e1fbb91a69bb32b0f1d3aae1dba07.apk,31504,57689,3548,8133,27956,49556
f929d607c762cb601b481dabe53a0009c97304680b56435e51478f16fed5dd41.apk,24507,42363,989,1729,23518,40634
df897028248e8a0dea1cee87b1e5c215d5a164a9fe3d632490149dd93cff8f60.apk,81881,178267,10330,27491,71551,150776
db2246d7012734ad069ccac52e1934a45c15e2a485ca8b1b6b9918b97bf5fb12.apk,60148,116204,3636,7623,56512,108581
de3d593c12bc0cfd5e920e3e78370be9ac8cbe031b42c30c0ccb51ec6bb800e1.apk,56390,113997,7295,18897,49095,95100
e648add4cecc0b42637b4746113ddd1352a0a92449e6d08bd805d3f307494aa0.apk,3098,6135,1154,2414,1944,3721
f64895ad0395616c43fb61dd9eeee4fcde8f57d776704e4768e4ea7af1e31c76.apk,19636,39648,3064,6323,16572,33325
ffe2ec65f5431819970d4a95a77e754b4eec7fcdcfe36f1df74d50a0da6c2b42.apk,24005,56817,3341,7837,20664,48980
d882b28604a8c5ee7283848975038d74a934deb275db79a03a373a984a397ae5.apk,50118,102533,3070,7499,47048,95034
d78688dddf1cc6fa508ce8daf3186e54edd2d6e9c248c850357d59c502362f1e.apk,94946,190634,6312,15051,88634,175583
d84d626f96c5c68139c3d88d692c81cb6f5912e781d6fbe2902e0392fe3fd348.apk,50557,105797,5770,16732,44787,89065
e40516cb24b7b722bcf62b747b898f15b44e35758fe517eb2ab4f8c6ee233f2f.apk,71726,151708,12597,29582,59129,122126
f7f7ad2fa7a7c9f7e328db9d804a2f7c41dd046e87f4f27b016349fdf7535f38.apk,78177,165692,6136,14764,72041,150928
e9103c919e71bd9e6333907f5242164ae4cea13561eab3e4b48aaf98eedfd6b3.apk,28326,48543,1955,3748,26371,44795
ffecc366e301184bb458e1375d99cd58b6d918d857a10872f3aa8dd8933aa47b.apk,36261,74848,2116,4220,34145,70628
fe8a20aa48e5e4134c63a43e3d7e7d5aa5a6e9ef9fbe00be5971a4a37212ab6d.apk,74674,175849,16319,45420,58355,130429
cb85dd288d0c54a05b9b7258502d4322c7f4dc65e6206fba5263adf434ca2d91.apk,39169,81975,2234,4524,36935,77451
d81ef6bcdb2eb947e3bee16772be5d020fe998002230407eb7e48e59905f25bf.apk,49112,119753,9554,28820,39558,90933
f4f3af07ebe153e55f8a0b50b8373834481e61bdc50b9a1f030c244c225e2e68.apk,15579,27295,2230,4789,13349,22506
f75a9bfcf372bf400a53277a867993964627dbcccb4a957f8319fcd1db8fb5c4.apk,70437,150053,6226,15534,64211,134519
db90f2b1925e39559ae10a3a41cf653cd32d7efdd7341aa395eb111256c2b990.apk,34153,62101,2946,6159,31207,55942
dd257202f818b49f6b1c99e06317088d16c8bb13e3ac0cbe6cc4dee1a4c059b8.apk,14999,28776,1173,3181,13826,25595
e2573058d2eabc45f57f0deb2a1e8778eacd255e29967b132f9331a352d13ef0.apk,44609,82774,4382,10122,40227,72652
e97409307e0aaf07cb0cb5aa707be7fbcab6741b488040b414e5d02b9d8b4c36.apk,111835,241876,14478,35789,97357,206087
cb121d91d55b4801147e4f8ff14a08fd5f1045def14ad8405784cb635f177021.apk,38977,73560,3612,8616,35365,64944
f4da5ff67d5d1ac71d7b248356029ccca3971c20b056365f9ebcca8cd39a4c93.apk,14692,27343,956,1849,13736,25494
e57d79ce0d4a0f42bfbb0e7c484a8a2573741e488f9f6c423774a20aca1be971.apk,66295,150961,12006,34554,54289,116407
e31c651b21efe3d1ca65ab072dfb9f47f7ff97c1dc82404d8ba76af843c3f6fd.apk,1712,3126,217,395,1495,2731
e179d4685c2d3f4bada4c8865953929bcaa14028120869c771ea773f80ca6cde.apk,25475,52017,1816,3690,23659,48327
e4763bce4346dfbe1ad61a36baf0aa1f9c3bc7c99921c7466db9364865db6598.apk,91484,200607,16732,39039,74752,161568
f9bef7b96a25f24143a19f2e566935431308e4e7eb087b039e28e76c4907989d.apk,1932,4014,675,1648,1257,2366
d27908c811cb3417d0c2f420a08082c2ac8e444d70282596e23c2f2d11e88927.apk,43996,84589,6093,13977,37903,70612
e4dd6d2c8c9865e8e9a4c133610d6fc63257943a601258fbd82ca0cc407ae876.apk,25884,59289,2517,6390,23367,52899
ebd2c54ce640a96cd6d51e07af8a49fa7c269bc4fb722649f4a935d839d00e70.apk,120153,242072,11553,28212,108600,213860
d5036d7aa0ec72601dbe5439ad8d6c3170267feeb17ee48c9190ea1c62e4ab65.apk,59980,119332,6320,15161,53660,104171
e9af5edfc37b20c1de871a49377e8808e66257a13f6e446b0836cb2c3191b347.apk,43087,90534,10167,27321,32920,63213
d106a2d135365f4e7f438b98fd55c2bf727ee72c6bf15b2bb8421c6f042a16a1.apk,22555,37267,838,1466,21717,35801
e9d9876c77f01fdd05154a4085adf4ab681d239a8abcbb3d06a43b8c2d69ad0e.apk,48816,84712,2292,5022,46524,79690
fcc7d37a05683f36fb5ad02546715d421090f0b042d35e9cff90ba6b01cfee70.apk,53842,110339,6982,16501,46860,93838
f2be406331d90c1f59af67cd996f1629e64bfccd0120fd78d52d069cc1dd189d.apk,53104,104440,5192,12434,47912,92006
f7b6824e87453b30aa2b9bbaadd2620a27a64d98679c9427f108ee1445a7a1b1.apk,38318,83394,5547,12422,32771,70972
d5fd265aab21da2ac572833e76ab7f0a865b5eecfb4d31474535edb3d7325cf3.apk,64742,130494,6280,14278,58462,116216
ea6473ca41990d8c747f6132086d9ad60ce0ef9bf88bd325ce3ad58bae7f113f.apk,69169,144592,8197,20276,60972,124316
ceb633ded1d6322a931afd88b6d18e9c072aaa07c771c2eba08a3ec5008e8ee5.apk,19077,36871,1817,5784,17260,31087
e3b756ea8a3db81edad39abcb03cd9462b29f11b2a38d253b9e5dc6adafafc3b.apk,46043,93057,6995,18253,39048,74804
fd64b66c5d91993fc2796d9caf1e7d6074ec35eb5db1a06d5694721a83ad13be.apk,66041,140152,10499,26727,55542,113425
e6d324a1f6e10366b7430ea52bd7dde668a5654fbd86c5e5796f1222bf14cd56.apk,1827,3454,312,632,1515,2822
df4f155a4d5e395433beba4bab376c977e23ab8c07050a49e2aa39113aac9afa.apk,38343,71207,1640,2982,36703,68225
fa75f3732e05d6c7119d090521b413a4b630dae3ba8db82e1a83e40f1e35920f.apk,41210,77722,3983,8338,37227,69384
f18fc2fee7ee4b68fbee11e31cccb39122c069d63b1aa55c0c3883c20c5d97c6.apk,23376,47521,1880,4134,21496,43387
faf194c5ec3e922ea805b97c8e3bce5ac591a04fbc32dae540110c5ccea02b05.apk,44174,77261,1615,3441,42559,73820
d76e113f3d0b659c07adeda6a6237a00da742f1342e7d434772fff72a72dcfd5.apk,3451,6246,628,1375,2823,4871
fc9011896694a23190c0d07881809c627fa8ac3b7a723e4e84a3b8b18b33d792.apk,84687,168498,7557,17749,77130,150749
e27e20c06deed5bfd40af84f6aaf543ba4014501c746a28c7838fc3137b2726b.apk,81440,153625,7045,16890,74395,136735
f2579f70f49d4a1bd2b9c0f30287c318e4524b456ab0fa202518983e80986709.apk,22492,40998,2487,5753,20005,35245
d568607cf23e453bd240123bdf26ac7148dc68d40f69b4b0322fc42b9daccb67.apk,13572,20486,1003,1869,12569,18617
d4500fb507afa51f1b889e45a80645c3f56bd7a04a10390d24cfe66561c373d3.apk,125892,286056,27523,78927,98369,207129
cfcb12e0439390cd899b9d12cf77b772768bba498c0f35b515faa4ec21ba3618.apk,22060,46806,4667,12785,17393,34021
ff4db461efe890f86f30400ca258cecff132d3dbc67498b3d88fafab7ae1fbd2.apk,20020,36868,1514,2772,18506,34096
ed032f0234e285c30f30b8c17e5d885b349eedf4dad38a90cd7303e25ae1249b.apk,25735,49763,2471,5314,23264,44449
e5c8dd7606ae96b7927f385fec8989dc31fc977a1b9404bfe8d248ff648ee2c0.apk,37995,75367,1962,3865,36033,71502
cc724986e00bb0e3c0c765e20e7161187860dae6f3c1a555193d015ab2585ff1.apk,95967,209067,13496,33023,82471,176044
f5f3116d91fe9d95cf0b9890e3fa2502b86857f6f3e98ec3f7e03ad61ac7d322.apk,47225,93904,3831,8997,43394,84907
eed3d734987faded7f30e05c0c4a6516decccdb3568bc3f661ee6e867bbb91c6.apk,53424,116954,8203,22110,45221,94844
db6e9201e922235fa3078750e756f50d095d08985a557dbc2c8c3dfc68f917d0.apk,55592,118134,6620,16667,48972,101467
ff7d8603bfdb1e7fb32043dbe17a48d6755a0cd3dd034aa888a49df472abdf1b.apk,42100,85565,4997,10960,37103,74605
edb73d382355b28f38492b617c653bfcd09782391e88301fcebbe55732085933.apk,58533,113885,4142,8376,54391,105509
d0240ec7cdd2167e2b6d3135b524d5d0d188cc2f087c302ec9894db3bff81d6a.apk,14166,25615,217,312,13949,25303
cc5c1be781f2cc9061c0f97fc5c18e704c399bac8e2838b6eec6d24e7dd079b7.apk,22309,45535,1542,3291,20767,42244
f401dd64e266b5c1576a56183b0c6223a9e01979fe4951b3b8a79df7e3f2b528.apk,43996,84589,6093,13977,37903,70612
ec62d89dcc4c78df1fe3f2943001fbe1a006bbc3c9b06fd702f683272a791042.apk,33019,60851,4067,8993,28952,51858
d7e88ed9f03c1c26b63ee86f5c63676f0777be3cd91d52501acdb03f4f309103.apk,54101,127992,6729,19253,47372,108739
efdf80e7afd31d70ff7488c19cbc59f0279c1a664f388e74976cd8b8de61ca65.apk,35922,66005,4456,8810,31466,57195
d50fd989b08c511bf5377aac916b3181a04a9206c5cf8cf85322b520bb80c9d5.apk,95245,185750,11508,27987,83737,157763
d8f37c35e56d366e1477a9951ae80d1bd32f4a18e0680c7fa433cf7b7fc5e3d6.apk,38703,81118,2415,4899,36288,76219
eb2564d7fea66c86fac46798be1444da234d224fedd02e93b7e8e70ada1b7ec4.apk,36830,95625,8677,28229,28153,67396
d43032e79c7c31cabb194b8c1c4b14fbf73dd2cfda958ba415879ddf2f38ace2.apk,28733,62540,6049,15722,22684,46818
e90de0e9a0fa6d34946bcc0ded73298328da776379eaf244e9532632cb90817b.apk,27133,49513,1419,2976,25714,46537
f5b1c8b2531629ab1a2fd487cbc5b9495d8e021d6f2b16e6394bac6126b37034.apk,33108,71906,4598,10594,28510,61312
dc213bd09466092ae865d2c48ef3d9842737e337c9d0c5a62ba98936eae54f5c.apk,29524,65968,4547,12692,24977,53276
f4f6d2060bc9b4fffccd180650c66455878b0ca0701b2d64ed11bea7ddf04a5b.apk,17186,25841,403,562,16783,25279
d77667636d7f2f3de18c507d6cb29ecaa035c59907ee67ec02ef9bc960636a5e.apk,26713,50167,1429,2567,25284,47600
ef9718abdd81aef89d0a59f97f72c4fc7f456bb4b99964c5e67abc571c8f3973.apk,34046,64931,3635,9960,30411,54971
e9c66534fe1e6b5e3367bddd8799f82dc4a04850d525b3ba616a3d3821680265.apk,28326,48543,1955,3748,26371,44795
eb61457c274da7eea08b0fbc03d2c16f5407fda8fa624f4a4180b61426f8e54e.apk,45888,92897,2417,4887,43471,88010
ffb12784ab4f5a756ebd1685f1bbeb1dba0343725b8703f36f05359947328e0f.apk,31472,71684,5241,13135,26231,58549
d9d561b93d585422e5a19e03d85f35c7d233141c1312f1231777a11527f85960.apk,77550,161121,7533,17533,70017,143588
d354e336349b7bb024dcd28c3c546f76051691bcadc3e7e518b4ef1f5492fe2d.apk,103520,202719,12342,30772,91178,171947
fa323aea310675920c5ebe7249788523959bf02f63186bad2cc2dac98a711ccc.apk,23926,48915,4767,10583,19159,38332
edc0cb4887a9204b6598b03df2f74bf4525490644a829e37332b02687e7d6946.apk,51859,108084,4919,10928,46940,97156
cd7d6f00b2af4229cc8a10f25769b2a1e7eff92ecf1ef062f4231e2c512af3ee.apk,44881,88990,8165,18710,36716,70280
eaf46a7042500ed21b583230c9a6b6689d6f5f9049f7a3eb0306ebfe9bf20119.apk,28017,48809,2182,4520,25835,44289
e0d83d89c0c0c3b3ad7aa2ccdc1f119c1e3beacfbdb60f0fcda5809cc8e14739.apk,30392,53733,4139,9911,26253,43822
d8d65bbe4942e719615d2c589602dd2a6cad0c4ad9ee19baa18409e4990afe94.apk,11019,18760,382,627,10637,18133
fb059838b5587037cf6392a9798614e0f447eddd0f33dc3bc02ba2c43609f16a.apk,58311,119126,6935,18102,51376,101024
e537ba61f744dfdcbc3407fdeda11581927325fea10f16687877a9d956e0f296.apk,65284,134219,6175,14407,59109,119812
ff8b9618db42ce406438866cf609da48e80f23048fa1be63de4f6a4d551af662.apk,40500,76259,1608,3433,38892,72826
d11ffd4b6066b4fde879793f63036294ec40358ae39e74b6fa85322699b80793.apk,52903,107003,7486,17469,45417,89534
e58f3d65d95962ed72d0ac4afda9c2382609c294ce354522a6d2b4f42689fea0.apk,29802,56874,4200,9668,25602,47206
f521235c9d7df6e87d35eded0dca909163787bb074d7e6d25bdc0e9849df4c4d.apk,57106,119905,8897,22629,48209,97276
df4f45eae7f58684dd62e107a2b8d45c0dfec0c44f1eafd27d22de08aab23f8b.apk,3997,5291,152,200,3845,5091
e100416ff477a7883fab5f586a4a1d4eed0695565b5d69a86af36ee7f23235f2.apk,35494,67835,3445,7811,32049,60024
ed09c74b35890425da405b6b02f5c78a4646a97211f758badc209649f1c1b688.apk,60927,128265,9106,19252,51821,109013
d67ec75067a91c563728c2113010f18c72350c2aea01cf410a4573e67d6072c6.apk,41465,80956,3733,7631,37732,73325
d2a50644ebf5a0a8dc044aa1c52f5a3d618d392a441f8b7f91e73185bcd6e007.apk,53827,110321,10974,26659,42853,83662
f041aa58f40275b49d3b48f064bfb35d5d3f25a0a0503d9e85d497f0ddb3cd4b.apk,41990,83052,4015,10072,37975,72980
de5153b1d7616f700869e497803da35e85789687472b598967d044746a475e60.apk,21324,39808,1486,3328,19838,36480
e448dfe77a8394e895c0e6f48dab00e09c9f73383aba9cab75a65c90230a498c.apk,52197,105894,3010,6577,49187,99317
fa973141cf67b3cf985a0499a3f71185d8f32a2b2e50f79f4ba10f16a2eaa0e1.apk,35936,63382,2568,5156,33368,58226
fd30a9960a3fcd5528377c4d66f59a07ce4e53bc358411f3772727f186457370.apk,69177,176045,17984,61462,51193,114583
e2de81a188567d1e572375c95cba652694a8a60f6ca018913b5d8d832851a96a.apk,22061,41338,1493,2954,20568,38384
ee293cf0e6648f56353ad7dd58680130dffb36902f56f6fadb8ee61f517f5692.apk,40291,80435,2016,4021,38275,76414
cd29237efa691ea88923709ecd244ae7671c3fb57f2557556eeb8c34f9d33de4.apk,5306,13181,2592,7514,2714,5667
fb0b6f7a97f6b4c58f698ef7e42fce731df35f33d22d73e948d966066e555723.apk,28421,58932,3384,7465,25037,51467
f6670b105c890dce9b3f973597f9e520b5a0d72bc4c3a32e4e8b594a7aee84b4.apk,40893,83888,1397,3061,39496,80827
ebbbafc81bb20ade2fe459210502045ba6dba5c73ddda6f10ae945ee86d79c65.apk,48182,89546,1973,3906,46209,85640
cf96af35d3ad8e874ff8735b59bbe01bbcbc0d07d41416447032d5e169e81b69.apk,61163,141410,11696,35823,49467,105587
dc2f666bcbe5b272b01356723e6f0d648d5cb50237db3be48d95edc426103e01.apk,14817,27352,1238,2084,13579,25268
fb525d81126f8da181bc33134954ec2ebe15bebab824e1cece2b7be97622d4a6.apk,34570,63975,3072,7123,31498,56852
d3900cf339a1e03bbfb54832a2f7cef86b62ee97bcfb32d30e96d3f99b1f5903.apk,72461,150745,12267,29583,60194,121162
d38db1c5ae969a7ec4e92ae911c273e0958a8ef6689176102e6efdf4b352c806.apk,54133,110805,5638,13797,48495,97008
f1c21ff4237e3ba36c25c3a57c5b3a7251d46131ff5196c4ffce6b130753e8da.apk,33950,72488,5644,12989,28306,59499
def51d83ab2e25fd44c8875ca263f5d2ae41a43541ac2fa8d4a04231a8a153bd.apk,33170,60858,1272,2435,31898,58423
f3bbd8864a70eae612b633cf1ec891a98cad69facdbae35ef5b1eccadb3d588f.apk,69347,137039,6627,15184,62720,121855
f1ed0e9bc81848fa747147db928a91b7d0ab92f7ab5a93687aca6433f00611ff.apk,38090,74257,2672,5872,35418,68385
f3f48463e1f0f14dde2a7d3b93d7ee747f6e550828b584065b82d03689f0460e.apk,49042,99812,5605,14287,43437,85525
d32dc6f5a86c91d42fe1ec25a55a25be827b50b2f9505bb9cd97d21d56e3de8a.apk,65886,146497,9142,26916,56744,119581
d05b80ae05b8b8b24107dce2ca4dd841d721c13913b65060bfd65af8b6530e03.apk,76659,161818,9234,24398,67425,137420
f06037505b77d520e5179e41d2c080b8d2e797e769483d1aafb36b820bcb8ad2.apk,74225,156611,12505,31673,61720,124938
f5d0af04b7d256988d8046a3b2074f267803b8fa9521146ece8b0a588bd13e62.apk,45957,107636,3576,9203,42381,98433
e2795b163750310d1ce06aa570d275abaf006ce103df4eb5055ec9569c6f18e7.apk,78574,165756,5711,12931,72863,152825
e4aaf8a371cf9b733267e8fdebab838f6bda4036047a7c1a92a15659c0826f14.apk,47570,114197,9790,27693,37780,86504
edafe95ae4fb186e20eb8431c52d34daa5deba773a65be7adb7215839c7e6e1c.apk,30518,60335,3605,8988,26913,51347
e6d3577227ba328293b71b30e315a61e3bf93670903b9b471ba8c294c1574f9b.apk,14817,27352,1238,2084,13579,25268
cbc40e1984f33a7ca4412f036e977231946ef43c4835b424a87249be13c0ea68.apk,39656,72889,2749,5925,36907,66964
ef33e7c9e8f3f2d3032a64f7c1de005738aaa8cef6d28b6d65b61457caa2affd.apk,64421,124758,3898,8702,60523,116056
e59165609e52e3dedc1ef6c5170f0a1f87c61446333bd471354146497f12b860.apk,57727,122497,8040,21234,49687,101263
ddce051eb3a45b88264487f8fa74eb3c9f285c829aa443375b84b726878c24be.apk,59429,121482,8605,21294,50824,100188
e8b15076709a2ec8159ac61269e55092482f6f58c60bda404f7e1a6e662615e8.apk,12605,19622,696,1395,11909,18227
e28666645d0f6d966dcb7971e0c2441c55e821fe80f8a83f9dbc0fa06f8427f1.apk,43494,86998,4621,11828,38873,75170
cb7a9a33502036c5d428f6ba5d3cabc1a272954ce64ea99d4902a4b0ec68daf7.apk,33937,65854,3751,8665,30186,57189
cc560157e7916b9d40b52c63d75746d984717dfb0c48dc70037e8b198c61a6c8.apk,89945,195021,13569,35442,76376,159579
d81b1bc4e07a5774f9ed68529022630da2e1a446434b23465d3bc19bae67cd50.apk,20614,31423,420,584,20194,30839
e9050e244a263bd878e1126aca1c249d9460d2c86f7b63d6808796b56308107a.apk,59314,128957,9445,24385,49869,104572
f73e61739531141fa4c2f44a04d88f6d8138a20de743191eefd5070fc697bafa.apk,4063,6531,641,993,3422,5538
f48ad06b104e1cbbf985af6451a69366e0ca36779b3f89de30dd0025cdf7f0d2.apk,59832,113720,3918,8743,55914,104977
cbe592d2514a96ffdceaef95e67d035e32094b3e713baee1d4876474954f9cae.apk,62960,128834,6132,16275,56828,112559
d7dc460c384504f2656c80118f7e710eaf721a8b7222002f6bd9d3f91be34a0f.apk,27781,64339,4129,10538,23652,53801
f933fb717a379ee40a692bb9acb27220bb63cde35c07c3b3e174c68583245359.apk,76907,178395,15450,41847,61457,136548
db33bfce82ae712dd2f0db5e0ab2b0ffd0299579fee9e648fe9640f3a4872f4c.apk,31325,54858,2097,4177,29228,50681
e267ad48bba6bc71b2c404ddfa089f4d1eb7d6b65ba71a568a417d37f70d13ce.apk,54318,118147,8415,21645,45903,96502
cfdbd578b6db1a7d7e5ed583f798a550ec7860acd3b50eeda602112e74d4463b.apk,20675,42311,4878,10354,15797,31957
d3bd5d1379ad292782d9d1771a37b6d57576d35fd96fe554a2085bb5a4942294.apk,49817,104445,6153,17724,43664,86721
d2c4416e7f03a56115ccd6ec0c2315568961bd1fd244cff3ba161134a8201cc6.apk,38824,77166,7583,20164,31241,57002
d4657187facacfefed22a0ee469bfae102e521b5bffee7574660552af2a6647a.apk,26713,50167,1429,2567,25284,47600
ef8201f25031c504b0b6880d3bc9b3eeef2fcb75018ac5588dd601b5bcad6ee6.apk,61436,120060,4774,10961,56662,109099
ddc4ce2273bb18e5e1fe5bdfc234c3b8308519c119b946f8eeeb60aa800a3325.apk,43085,105286,4666,10841,38419,94445
d80c5bb5afb1e6645de1f8b3d6408bf981dd4d99f99d27696593f23771b975d8.apk,18174,41041,1719,3612,16455,37429
e34ccdf0dfef096272dc8d368895a813d7090e1a36d423b868712f2c3df0909c.apk,29608,61883,6463,16898,23145,44985
fcd9c879fb6db2eae35cf5672d4050c0cf75887159ccc8323b0ea413c76dcb0b.apk,78744,174342,15079,39398,63665,134944
dd11226a11cf6d69b591ca8787de9815f65b2a762bcb0eba0b26b20b16bcf81c.apk,38455,79284,7765,18366,30690,60918
ffeb97d2f85d1e30f10562c003e695f323a10f905f87c0a0f3b9488bd1071e6d.apk,46119,91180,4420,10597,41699,80583
fbf9ac56a9994900be92389928c062e2dbe1ab98bda80783f5be9f72cc290110.apk,103064,205651,9788,26235,93276,179416
d0293598c8345f233201932533e4d9d73c30a8b23d17caf3c15ec7e60346d1b0.apk,12410,23290,1939,4166,10471,19124
dd44fe98843cae576cff63987f92e8a609be08c2f940108595fec311a6bb95d3.apk,39801,76923,3176,7219,36625,69704
ecdf2ebbec327f907bf5e90712f6c51c300ed3fbb46461b49bf34574382ef2a1.apk,11916,16794,234,332,11682,16462
ebdcfb8f294d6047336146fb6e9514cd1562a7ab32a3f7696a24aa8c266f237a.apk,24707,45473,1042,2326,23665,43147
e8449a1943ce048e896da2b071a7698f2843a69272ab70f62f86ea27c674dfc2.apk,56828,109763,3280,6925,53548,102838
d1e82a0502ecd7b6bcdea9b13ce1f1a153d874377dd560b8cfe4a5bae098cd50.apk,55205,114759,7308,16702,47897,98057
f38a706efe04bebdf93eec42eae0128e512b0f7b87ec4cd096301b34df52714e.apk,83618,172441,9077,23291,74541,149150
de02939c82f86f3058dc8b5093f624667878d434fda00cf698f4dc8c3eb1bab8.apk,80107,162554,6762,15633,73345,146921
d6c5d9ff8865070b0213e6f0d3e19f5ef8dfbf2cfb628c67cfd8d2bb8c4df779.apk,40708,93496,9222,26480,31486,67016
d49bf3994afc356a7b4bbc9b1bface8fe8b5db0e00aecdbbece972ce56774244.apk,52122,105688,3733,9229,48389,96459
da6528e364cc5eeb3280f083db8f6ccec67495175e2b78c149fe2ddf6d9cba32.apk,71635,156447,14936,37856,56699,118591
d551f5ec28f7ecac30f61569d049590841f14d20af5d70634c8e70bffd0c9485.apk,57527,112227,3341,6975,54186,105252
ea196d41fc2d78c58c44eb3b19b5fad7aacf018a76240171d67057a7ac923471.apk,30354,58376,3530,7848,26824,50528
e8acb1a46080a35ae8884b9b1b6bf9be282b6e614569f4ea0b0af0881b1bcf97.apk,16484,33385,1319,4030,15165,29355
efa2cf097671b7e980cff8d987e50c3dc1adeee05adafa0725adc0b8e0164edf.apk,77777,161712,7000,16092,70777,145620
d771e0fbe7b5f43905a3133c357791c9a1717dab57b8747e1fa3732c74c7b09b.apk,122586,318521,21607,66513,100979,252008
ffd39156ca0bbce555758b7cd83e88cc89187e78fbcff464b1236dab2c16b49a.apk,105618,227676,14232,35821,91386,191855
e6ae8fa5b84a915793c232af69b25215d344caab7590efe24a131cb5ca7532ac.apk,12233,22087,1744,3505,10489,18582
faa01a56054e55cec44f15caa27b4d54668e03393f0c80b04eb279ea98720ca9.apk,48805,103383,3673,7037,45132,96346
f24dd23571086df570ada1bf7315c3a46a2d152472ecb6df5b853a02e4b950aa.apk,39350,79992,7018,18876,32332,61116
f8d03abbd6a192cf29b09685f00614721625928f756a6dcb40a421a20231fbec.apk,74555,159137,12649,29513,61906,129624
d976c3a590066d3b69e43534156482c4938f3d07af3bab63c6db0148884dd14c.apk,35757,72505,2200,4354,33557,68151
d5f5b8a073d6c99c965eb518c9453e67fc616c45bf7ca6dc18398702eb839613.apk,7418,15866,587,912,6831,14954
fb0906175c76c62c0560c67df3c13a6050e842a46da182f2065ba34d6a624a7a.apk,34790,82233,10132,31878,24658,50355
d194a1df8645bae7e56869627992af8ec012c20899885a394471fa54b81bc2c0.apk,50275,99922,2985,6362,47290,93560
ed855a9aaec63af2723d6b91c6480aee83327e4040cce2934899abd5dae719be.apk,44273,85656,4698,10232,39575,75424
f346a28dcc8fc179cda2a9b05b62796ddbb2045cee4496db638d0de87b02e9be.apk,21044,46241,2457,5120,18587,41121
ec54dae8a07e81fe61db6e972faf4d3351ef3c307621f584219ee2b6198ed78a.apk,71914,147578,5475,13072,66439,134506
fac50ca2f93f3d765dfc353d547caf3cdee6008903902c83818cdbd204f67f04.apk,74502,155153,4588,11019,69914,144134
f3183a5b30c71aaec474bfb43e3e2aa7688b5a1373b8f0ec90109aaddd08f5a3.apk,8310,12368,923,1807,7387,10561
e00ab0ce5fd29ffa1b1785bfbbc9f12ffbbcd77c3f5892c4dbaae76d7fd247d1.apk,73473,159589,13882,41164,59591,118425
fbaa10e7f7f4b7d2d290dcdefadb058951f2d38cf80d749f3d47c1f0d035a078.apk,40798,85332,9366,22554,31432,62778
e4742cba93a3238acda84d3408d1e13df1d4e5ecbec12ce078b5a984f760dc50.apk,79557,177550,13724,40296,65833,137254
f34a241a375516e3b80c374b7cfaeede86208db02e08afc74c17b34f948b3531.apk,67530,134998,5064,12054,62466,122944
fe9c164694ede469d51d7fc499e86511f300abd9d459bbda5af32a923545cf89.apk,62301,129751,3473,7849,58828,121902
fa450692945b0555c9c1e9c73d5ea3c2e9af930f71c555851397057842b110e8.apk,5152,7777,881,1675,4271,6102
f6363f4e7092d7a5a5ef2820a9a0815dcae14b6e5409288039a789590464cfd5.apk,62266,134951,5492,15644,56774,119307
cd3494b789e0ac677b1f1b2f28c359746d03786d00f3a6d8430c0f81d1a68d39.apk,27832,58659,2477,5407,25355,53252
e6753c281e11e93246f389e7bdc0ba11eae8f99e76cc6b0d3cd40e2117026a17.apk,62775,128513,8626,21581,54149,106932
ed8c839278b2428c4c062414587d7ab7d65757f9797ec672ec0cb5911660ca54.apk,78678,172275,14812,44284,63866,127991
f8afdb305d277b83bc7c227d4cca7ff135b7ed08b8aeacd821e582d3e688e8a0.apk,24936,54648,2657,6023,22279,48625
d975733e5851d86cffc66e1a40e70a3af65bbf5cc4ad2509ded20f8ede4c080f.apk,59955,121094,4513,10626,55442,110468
ee77f87ba6dffcd0b44cf935c8acbc79384f9029768c7e5edef00c957508b7fa.apk,60571,131535,9420,23217,51151,108318
e7ef448d992ec1724994a2f5a6e48b14c0e65f1d0ff9b4cd63dc2454a1b93a02.apk,18387,43906,2063,4484,16324,39422
cb8eb53d300eb7f55484c73fa4b5dbb189e4b8c1d68219a8d8772fc10ccdc160.apk,23408,44469,3184,7403,20224,37066
db0a49fcb763a34263da3c5d32a086dae290bb86f70abfb6c9a7e3aced164085.apk,21792,37863,1959,3941,19833,33922
fa8ccdc8254c9a86b0110b3e196bcd4a5ece637896ccbeb3262dadf6d356ff44.apk,70274,149119,3884,8896,66390,140223
e0c89f608079cbec753667ecd64fa091d9980e99d63be1ce3fdd4e4ac87a3210.apk,81800,164845,3564,7965,78236,156880
dfa14e2e455a4212aa680d1d1f95ec5d2d07e54695a97c9ea0c67ba491fd63cc.apk,50569,99641,4779,10917,45790,88724
ed44462452ad0da621e2754d9a376ed2c2a1eccc039f5f878691df5859e9cbd8.apk,57865,115224,5837,13915,52028,101309
fff709464994dcfa4cce814adb871eb4b690e1d447bcc3d91d69066dc53ea40d.apk,77816,164151,8281,21653,69535,142498
e1c93424e0890ce96d57f0894da557c4f1f72f74e10e20ff69430222aab7893d.apk,56605,118909,9078,22589,47527,96320
dcbe490a86bc9db6f5bb31c4060703b064d11ba5b610c3425a2389c251a66246.apk,28987,51058,2157,4262,26830,46796
f22dcba1301b70093d0a325d2d5fca8d626e58b65b093c8318e5361930046ef1.apk,31519,56640,2461,4855,29058,51785
cbc2278fe9c9c24bafee6da569fe6169fefd0a0bd2cd88d8eda14f352eeefa9b.apk,56727,113708,6507,16278,50220,97430
fa446a551af9d020100184b979d9fff1fda3970da699967e402495b262a13195.apk,63762,151897,9941,25729,53821,126168
e64bf5d6e2f581e5ae950de8d101ed9a2bd78a2ba4bacaa31d766b98cbd78f15.apk,55410,89565,6738,18325,48672,71240
cf53d583e9cfd36480bc04df9f1a96eb5f605dfb3eaacc8f96e33ca63f4306b7.apk,35837,69818,1166,2051,34671,67767
e7c8f289c83eebf38a1201343ec3aed2a90198bffd07bffbf7f5fa1b7e1c2ece.apk,19323,32621,508,937,18815,31684
efa50db0b9035846b2fe302262b6266a67f53939a9b232547741001b8e797baf.apk,65322,135282,5887,14018,59435,121264
cf47271d91e1a61a565de3edf24852dead3e2a62e7733ea2bbadf20852ccd264.apk,76677,160990,14463,38955,62214,122035
fe5a18c4ce30764bd17caf2fa0b362d32896ded044efb96c3caff6caf290c9b9.apk,108668,232929,14606,39104,94062,193825
ffd18e98d44eae611d5655159e577859cd8eecf0d049252ff4e448d0076a0b7d.apk,64742,130494,6280,14278,58462,116216
cc15aaad51d8a8b056776c85c27b94b1bb842309f0399812e7435bda5bf77366.apk,32959,61569,1480,2879,31479,58690
d3001ab0943a4bfbf287e4b888a43f171d8c396647d18d12cdd9b1729e9ed222.apk,49399,100488,6757,16516,42642,83972
d13ee6d9364dd147eb6de93c74fca06ac01e468d14b001f701b0d6ebd7dbfe3c.apk,26050,58443,4866,13404,21184,45039
f356c479047112be6bb4515220e914e09655781312312fe3d2a60c7b5f43ab84.apk,55373,105648,2571,5227,52802,100421
e85e63a57c64939957b34aedfb25f1c8eacf578a2c68790dbf98a60e807f69f5.apk,29941,59037,2557,6853,27384,52184
d50d1fc062ec7ba4067aabfaf14587801446b0cfedc09a0981436c91048e0ae3.apk,35990,74206,7734,19212,28256,54994
ced8314e445caac52b34c415a681188df46fc659be1ea5befff0db1dd17ca86a.apk,12384,23372,201,255,12183,23117
df05737fe7a3948b7bb27544fa2936ea36717454eeee3a54f8fc8aca21c2366d.apk,39808,79944,5083,12727,34725,67217
fe46d9f93f7a94f165c953753e299b9194e367039857d799773b031d2d591a9d.apk,27475,60015,4671,13954,22804,46061
ea3c7afe246c633ca83aeb2cc0fbf2389d74c3b0aa447486ed124c7b946a5fd8.apk,115518,237940,10136,26550,105382,211390
e674c9600344b908f849de51b7baa882e2696ee1b301e9018cd3e5363fda9e2d.apk,93722,212509,11554,30157,82168,182352
e70577ce181f5d01d23b964647b433a6655562f74d3f44540ed0a2fb99477be3.apk,55212,123609,8460,21507,46752,102102
e23e8d9acd6bbab52a556c0eda1a9dd7e4dc22059c8c80d6d23a1cc5adfe0c15.apk,25751,47451,1502,2888,24249,44563
f888f0e3b4f87df826ac633e4a4b1789470f971defb17220a93d0309ca3fca4c.apk,14817,27352,1238,2084,13579,25268
e6447a8893d02fa868ce6c67bbd16e5e3489379df0c5005c39e6333dd2fc232d.apk,26038,53773,2462,5319,23576,48454
e9f2ca0d2bb882102efa78ef3abf813731ef0a0ab013a9216841e17470f6ddf9.apk,106161,217337,11931,30547,94230,186790
d8b2c3ff77b6b9c31df48885785250f0fc8d00a13264553a8e0e45072237498b.apk,56515,119073,4701,11439,51814,107634
dddf6cc080d7123ee98faf95451c5deaf7b88be2b94cb296a2ac122b9d610ac8.apk,57618,107802,4627,10697,52991,97105
f04802a2cd3c5c6fcb689162b27808c919f6b3de8fd2daa9319672191838df56.apk,55199,124306,8474,23548,46725,100758
ea48167e9a05b694a5eea035c02d88c294f26498abb6324eecc2d17d75429173.apk,59836,115890,2573,5202,57263,110688
e7261fec6865bff330c25b54f2616f17a080a52fa1256f141416261b8ecaa393.apk,25816,47343,3299,6381,22517,40962
d140fc06c3636a415c4bb2fd82576106e5dbbd3fdbd1dd8772e4f41db7b3bbab.apk,36091,68849,2531,5220,33560,63629
f4d989e4b6d837446ba0b3851352269ce9b753ed809d05ab8bd9656c6ae01248.apk,79454,175085,12188,31352,67266,143733
dc9fd4e61339a255d968772bdd66aa4da57ae5c9ad1f727275e945ff8e098600.apk,274,287,274,287,0,0
f83b350e507cb89f0af6b985ae66d4c3086fbd78faa97af1c6ced95e13ff4da0.apk,42522,84067,5959,15148,36563,68919
cd849acb847bb444ad3be3aadf1fdf5560e4682f6d0de1b9a6cf8ed005cf1913.apk,63925,137866,11230,28222,52695,109644
f9146fed1efbcfc9c300900449233b0dd0c591e7ecff084c544fb97c1fc81574.apk,105280,212370,8228,18964,97052,193406
dab070416eb3597be7cd513a536507e42ce3265f44a798126fb5dd2b23402bab.apk,34361,65859,4029,9137,30332,56722
d10a68a65ddb4afd7f3d448ae6cb285f950eacf57f27ed774538dd2ca25c2961.apk,67576,133097,6376,14754,61200,118343
ee8c2f8180ff39779daa4a25499b87593256c3466deffbb426ef717869acf4f5.apk,11801,31297,5448,16841,6353,14456
dd9757df56af16e1842e08f70cada7038a695fe496cf275473a3856c409e27cd.apk,20415,37146,2864,7289,17551,29857
ed7948434fe54a8187156100a818fab56a7020a1af164bf93308a2c63abcd838.apk,65633,134131,6892,15532,58741,118599
d8f5f1cc19beecbfc0edd433571766e18061c287db6042e00c0271ca9a2252ce.apk,74551,160542,12339,29701,62212,130841
cffb7a2e4c09d66d25b634b788b0b29ff2085bb850e5901931c415b2818a256b.apk,19972,36808,1605,3027,18367,33781
d5294dbafd996179379b05d142f7fe17e815a6cdcfd406f56c862a1657011ce5.apk,46428,108028,7410,19794,39018,88234
eb3173a4f81b9cf7ab36c3a06eebb862a00a039bcab76c6344fafc946c7a2011.apk,25994,54198,2929,6287,23065,47911
e8d21dcc73ad4bf0b80798b5a72aae7fd8f72b63b499d5b3ea989259f13f0efd.apk,27379,55726,3575,7818,23804,47908
f33158599470857838b14d4e6ea9ee1a3a05326341d1f991ac590bbf365fac6d.apk,56737,114854,10310,25689,46427,89165
cdca96e2fe1e596fe2989832c605d85908433fca2f85aa22c5d3feb9f35f1d2d.apk,15062,23838,1064,2224,13998,21614
f786646a6a7a0c57082b787fdf91ab882ffbb90313a4be2a32334431c6f395de.apk,103141,211714,7127,16834,96014,194880
fc9198c469c402957136744f91740a787ce49dbf2ceca6ef16379f37eef0653e.apk,47013,97506,6072,15507,40941,81999
f6742282e982ade4fd641bb0abefc1a9d835c3ecde55d994a9cbc27e4a4418bd.apk,73034,151045,10778,28069,62256,122976
e6c00c89765f5db4330c264d0e31776863bebc20a1622bbcedaf22db432c6820.apk,120290,257334,20569,57703,99721,199631
d3c8945440186d75e16b66e0024c3447b70e6917014f89824ae02f440e2a9855.apk,52097,102525,3505,7896,48592,94629
ccce4dabe6488f917f09d1149fdd6025147f786997c453bd3914b137bd9d37ab.apk,31310,64497,2039,4144,29271,60353
d030c229c09d3053e42dfc92ecf7cfe270411ccd473c0d3acf239d7abcaeaa07.apk,15348,37528,5220,14020,10128,23508
f2780a9ca032415d7e481366f0a95e7e54bcfa344e9d0a63ef19b1cdd6bf6572.apk,65523,137125,4012,8886,61511,128239
e57570d7ce752743e8c7dd1af2dd9a69cbe6aa734361b6edaa42235a3993f74e.apk,59142,121510,8451,22374,50691,99136
fe06d5077138cf3bdc70a8a5b46afa772c4538c15c34568ad9bd8417ea5c3451.apk,35295,67948,4588,10649,30707,57299
ed69f298eec60f582c2767b003dc4ddc0dabf38ba065fba8a87d2897acadc536.apk,55263,111565,4744,12164,50519,99401
e2e72643183f0dfb4b7ed9149fdc0d2a6c65b4d0801fb8336280687c45609379.apk,1892,3862,347,740,1545,3122
d844f92c0ae36672f5a2b9d803502b86a1c589b36d92dcf5a916db43a4cede11.apk,44262,88232,2795,5797,41467,82435
e7c2efae387d94694f40e0e796f21e18e5a8eb9e7c4343fa01d0f36e82d906a2.apk,40064,80444,4907,11609,35157,68835
fce785124472f99e12fb561b71a5f9c55ee3f1bee76690b21662b59989035ed9.apk,61842,123969,5491,11449,56351,112520
dc47c2ed5d736e61363164a9aa5ca002b65fa722f0e002e57e89f4387604a94b.apk,73880,147349,7689,19400,66191,127949
f7dc36ea0bff44b828aa80882e156ca66018c649fa0d971917bbbee3cfbd5db8.apk,45591,94942,4672,10279,40919,84663
d276387d9f44d883c2238341125721b1e1a96cd035fb8b1c3086c42f02a4064b.apk,51426,105742,3660,9253,47766,96489
d2b04952c7c056fbd1d00a641ada53f2aac41253e433ab00311fcbb55083c757.apk,116820,261487,13230,35116,103590,226371
ff7ac4a5443d27d62bff77c3718b986beface07c980be29da1a77aaf340c6ee5.apk,81523,171157,9733,24958,71790,146199
fbc471dc858ab8a229e2950702337bccc3389f96b34a7243995f787ffeca608d.apk,56219,127211,11011,31920,45208,95291
e1c2897f2d5fb64830c84fd688f443c995f5947caae251018003ad3c98268cc3.apk,49557,95300,3481,7675,46076,87625
fb1eae910151dce9169a86765bb0cb70a19e4ab2b0f8bb10c7295a506f4cb732.apk,46021,95071,7647,19160,38374,75911
f31937eaaefb941dd6f9d9dd89ebd6377b81262a995c01142675b7075c6c4019.apk,38321,71783,2807,6208,35514,65575
ee1bff9bdcbb563e2eae7f54a081e0087fe05ae441685541bc80c8c610eaad60.apk,58169,116825,3551,8004,54618,108821
e81b1de4d7dca39a5e578314ebf83548676cdeb491f943838fcdab633c1df757.apk,43721,84855,3981,8831,39740,76024
fdf874d04dcf007b21bcd55af33d1d4f65f59e310db1e7aa9ba291c49d287076.apk,37287,81498,6670,16321,30617,65177
cf2927d797405599a982c9e68f4ea4e8291a5ef5f4268ad81cf97282f5b163cf.apk,35089,64028,3764,8382,31325,55646
fdd906706d1dddf15d54d12886654c58bc75b1101ad6b26c4ffa76e74eaef284.apk,957,1259,350,476,607,783
ce4b8309a9cf2e8f77933a7745029032a9a9069854374059af74cac5d33501ed.apk,57338,117725,6064,15125,51274,102600
f9f6e65bd1813adae778f5d3496bb85099efca563e5a43f66b9a61aabae7c4a1.apk,47846,88599,4587,10341,43259,78258
eb4d9bf425a500b5c6058e97ac154961b76f93f62da288bcdee0f2bfbdc55dff.apk,3759,5759,542,816,3217,4943
ceab1416df9857f65df094721f1ac7539c8bf16281dbf9831020c3e8540b6444.apk,18008,33987,1890,3447,16118,30540
e20b5c3af464e4bd016a9e434bed602374f9d228a76d1aa1359e97724658e012.apk,64458,128292,7418,17508,57040,110784
f667715cbf9d4f91810a7793052ec47779a888b37ab9dd2debc3b29a1ba597a2.apk,49788,102223,5357,12234,44431,89989
f367262d413a56c79e9da7b6e827737259e7b3b86f62d0de539dd66ebc8efad4.apk,29138,59767,4998,12464,24140,47303
d8d529a80a8bb771255e067c468238fd69d8106cde1c60920568e53b11047b87.apk,29862,55194,2417,5351,27445,49843
cbd713ce10ec3ddbda41f14ca625878e36759b071f3917b5c8037a570bd8c561.apk,7056,15653,1239,3138,5817,12515
f26fa6f455a9a9f7c4ef880b6f24acdd5cef0c221ab7a5e77fc3a24de1ed7c45.apk,20621,37367,1152,1927,19469,35440
ebfe80f874405c12165d00139010951ed7207240e4dff81ee124477b346c3294.apk,42379,79939,3027,6693,39352,73246
e093c21d878024346de4da9d7f25d30d8f88e47bf569bf9fff1c88651f55c7e7.apk,56737,114854,10310,25689,46427,89165
ce32781d5d1fafabb2c8b225caa114afa39be69503626e44acb03ef9250bd2af.apk,15803,32839,3801,9570,12002,23269
e85ab66af1073e64b247e9c115d0abd0d44c2a2e5b27f2ec1dbc7fe4524e2698.apk,91744,179432,11317,29774,80427,149658
f17376bd84e45c7582d301f4fdfc705880177aab8620c087dbb3f87fd6206696.apk,25520,54059,3515,9765,22005,44294
d32e42f40acb943e5f4f2ffc9ed1131385e6648ccb2b178c191f286ddc9eca1c.apk,47460,95945,5474,13305,41986,82640
f8a290879629378d0cd77074d19102098eb681f93b182ed80653124c2f0a4e79.apk,26202,58102,6682,19524,19520,38578
f8e467f464f18ad3d105ed7a8ce424f44f756121130144ad6f99de3ed2a2c5ac.apk,41741,81883,3443,8044,38298,73839
f356e36284b037be3c80b28dcea625d828e76b44da28ac4e0b957d6f1c583e95.apk,56845,112171,3133,6946,53712,105225
f99212c0b65e63dbcd630d6dac94ceb3cdd3b4e2b1165ffce1bed0de16d54c66.apk,5931,8032,48,50,5883,7982
cb3a617bc3d81f74a9eabc0527fe6fdb1b4602eaf2bd6601e410d7ade201a07d.apk,62102,126042,2831,6628,59271,119414
f7e6ef742a102adde202acab33b8639bd96769c0d449bbaa44c8a9b0ab7e5814.apk,56785,122385,11760,32584,45025,89801
d188d1dba5870cda86055cb32528c9b720bf36719374d424e8b44dc705e529f9.apk,4412,10128,771,1460,3641,8668
e85c8262d1aa385012cbfbc0f329a9ce5df5d5e0229b9f67743392dc25518fdc.apk,111316,271500,26320,76964,84996,194536
e8f40b0cc740199c899568362eb3100bcce21b7c99deb810d9c5887790b34aa0.apk,120790,290947,32385,106699,88405,184248
d2d86c4db0cf567b6ae2aae1987908dcd34f171be218fb95169d932f03c6e522.apk,64562,139628,9520,24329,55042,115299
ebb74b249a0d2de429ce3f62dedbc153ac86982d346c9dbd5dd66a5b31e2d81f.apk,73657,144670,8366,19988,65291,124682
efee468431bd22c5b6a18035215b03c5b6e50ac87ab20b121c8117b9902a2411.apk,36354,90027,6588,20379,29766,69648
d70cee5b82a37f4b5edaea819e1d743acdfdf7a14d2d4296177d6c7881573a58.apk,52957,109162,7054,16255,45903,92907
e11d9e32ed82123acd876068cbf0727e021587005086ff89b7c691d5cff1229c.apk,42034,80109,3450,7586,38584,72523
f31cb71ff51e990cbb1c0f41903aa5c0a17783bf8cea344d6a39b8625564559a.apk,23317,41393,1953,4108,21364,37285
e25db485eeae6688f1423791f97220de2f3369c355c412a7404241f03cc1a2e4.apk,29561,53434,1324,2396,28237,51038
ec4024a888b964f2d0372d3d4d69aa822ff2ee5bce1e788557ff7efe7d17841d.apk,51426,105744,3660,9253,47766,96491
db2de33fd2281e5535d9c7c95488510be7d26dd6e526d0e03140dfb686646309.apk,35537,70455,4791,11541,30746,58914
d2351e0b21a8d08d3027f4706e323a4b74b9a2cd964452ee0ce529a654b6c2f4.apk,64866,130740,6283,14284,58583,116456
d0f9ffa689a49b681bfa34b8b5949af83a43b1bddc54283f27f09701c21bfe7f.apk,58406,122936,7056,17554,51350,105382
e2404bbb51ecfc8c9f9d107ceabcdc308808c65c356c66bcb6d56e41bfab6387.apk,84469,172682,5434,12053,79035,160629
d9643254a3a33658d74b84041164d0aabaa68066d455a7652c83a3c86aabf2b5.apk,59915,122006,7067,17055,52848,104951
efb1e23972bf1bdbf62d4a9980f359cbad3078caef2f5c8f15f77e4c2333d5e4.apk,49534,98925,6715,17590,42819,81335
eeaf9e3e6615da2b4993c75b96ac36f4257e30fd103257ac5894545bd6846b29.apk,57758,129009,9926,27818,47832,101191
fb3fa628de1860855cedf1cc4e654c1533a57ed9b080af18a139bdd79673afa4.apk,45792,85300,5609,13277,40183,72023
dd2eb6ed9e355ed8057bb1896fd4760c982e5e5150d49569f422c63269bc77dd.apk,35495,85911,5915,20454,29580,65457
ea3d3e7ab688106c110828aef3301128de04d8da67e066a3280dbe9049025eab.apk,81472,176810,8877,22927,72595,153883
d0dd8f6aeab255c7189acccca381659f62efbb878d61da565980cba2a37ab7cf.apk,13264,19386,951,1986,12313,17400
eb70886093ea94c71cf2fc8d20b65bca6aae24a64d6f795c530ec78c38815121.apk,58605,112024,4658,12088,53947,99936
d6d04ba35418b917fafa064211b0e4172e0cf987083e8505b52d4af1b3b6c271.apk,22317,40672,1746,3667,20571,37005
f61b58e234c5c3ad0563accba006e7db9b96d5cf7fceb93af1b9801650443c4c.apk,54263,111331,9367,23782,44896,87549
e256061b05a45250cad8daa9c9c515e3ad68689d84f44eb51b5b6f3783fa08fc.apk,25804,46476,2609,5320,23195,41156
f604f302e2fda18507a906c159f4f9790e00c632ba5289c49c877389d918c118.apk,33460,61440,2600,5393,30860,56047
fcd092d07f2c005f0c19a74f5e7c3354c951849399a0cf2b3a7d1841251933fe.apk,42248,84279,2479,5348,39769,78931
ecf10ab2efb381bff34188dd00303d1d3225646b2d9532ea773aa8cfb369e717.apk,37590,83419,3585,8905,34005,74514
f934f7229000cdaecc0efe2f4dfe14846876157c75d4f3244c5868807adbc46a.apk,19057,38484,1914,3798,17143,34686
eb211bcb52031d35bd31a9b0a239e24e7493e3c235c770cabef8317af7a0b9ee.apk,23078,44409,3063,6720,20015,37689
d4316d53b35fa9205a92f56f4dad2ce389f337557b111a4b519845a4ee28c21b.apk,55784,122784,13763,34342,42021,88442
f0a13e2e1a1999a77e84a4392a4a8cb889c1bc3b76c1186ff8e74d20c07e1ef5.apk,36747,67305,2187,4428,34560,62877
e8104de38006e9a7ffb50735b4377f0cb71f775ec33c2dadda9b358f1af4fec6.apk,34359,63054,1335,2396,33024,60658
ee5235bc4ae89de8855a790bd601a6e3f0969b92f71db5442715e2b4cdcd6073.apk,31229,57887,1825,3616,29404,54271
d7b0ed09e9881b4ed98d9ecd0f43bb843541adab74b1e285b06a513145a4956e.apk,79991,171583,11212,30335,68779,141248
e6f02eac144cdfb7662d64eb3078e69d33369c93fe13db386b019886521cb674.apk,39402,74951,4735,9983,34667,64968
f21253ec9d2f8895717af3ab9d9bad363064af6b6c214780e3f3a40298218557.apk,62764,135364,8414,23912,54350,111452
e4889a78c2f7ffd3568a6c198210a92b9ab667c8aade60702f2ed353074f516d.apk,60394,128340,8415,22516,51979,105824
f0d53f4a2d24141218f34fe65f1ee9560ce5d0e4ab56fa61a983c9a4c54e1e73.apk,22858,39980,2018,3895,20840,36085
e05523c6c17b0a0289da23203c9bbac5f990ca190e7ed1e1eba8476236d1fc07.apk,3832,7087,1158,2506,2674,4581
ed0df2f46bfa5107ca64cd4bca7a61e8d75c438828aa6b8b0f1eeace143a9c3a.apk,20743,41000,857,1364,19886,39636
d67e0be6b20e991a16eb7f3cdd79db74b756f9c163f39feabbef4462aa093466.apk,43637,88773,2372,4885,41265,83888
ff06464d67d8365030caa36977634f678f23b66fe3b68cc8634dd905501008e6.apk,66795,120510,4807,10856,61988,109654
e30092199ffe8b3acfef1cb9d9bba849a1d6495fb6be032c5b16c0b96f037956.apk,40393,78562,3217,6956,37176,71606
df713daa0a32cf80be4eddcdcc850e3761af22add1ed1776612b3f383ad39259.apk,57381,121347,5845,14566,51536,106781
ccb0dcb9bdda8c765ba30e8736183d439962a474ed6e4d901298f83f43d120f0.apk,37365,70382,3095,6667,34270,63715
fd17eaa97ce8caa3b71d2b533d9078e5d06f460d5c55e25a7aabbb8fdb73bf7e.apk,34396,70614,3487,7522,30909,63092
efd25daf46a9fb94f63e7ab5b1eb46f60b177a24a30ea4d76902c4115e948a05.apk,23946,48593,1443,2621,22503,45972
def096404dbe5bb9bf75e9296e58297863c07a9a66e377f4c9ea424628651433.apk,36495,77630,2276,4994,34219,72636
fe482239e8e198d541b6f072df1844133d143f86b7f8dfb0dded596e07f7164c.apk,16536,24085,509,798,16027,23287
d1a72e69cfb422afff7a4351199fa2d711d05cf83ea437167fb8cbd4d583466a.apk,65442,132813,8938,21420,56504,111393
f69633bae6b856806092e77a659731e163d1ff9dca913459c4188958d365dbda.apk,71927,159410,13012,39668,58915,119742
ded12edcaf4a37b34b586676d9c886eb3ec2464e32585c81bef8684dd1e70296.apk,32439,61488,1624,3643,30815,57845
ec10af41bcf8bc2b3c7ee9c84e1ff375ae55775dbd5855b9b574c3aa0c890e31.apk,48741,100589,3420,7601,45321,92988
f593091b7aeab26b422f35939cfcaaa5e7d4344097d6864b2405f550d95f92cd.apk,1514,2590,215,342,1299,2248
f3641511d1d7b62e01703d02c2e21eb3af5c0b59514ce12b42321403fd374e85.apk,38765,73948,4030,8836,34735,65112
