File name,Original_node,Original_edge,Pruning_node,Pruning_edge,Reduction_node,Reduction_edge
5d063c9169fae4c9feb51e169e2d5aef.apk,12824,30538,4923,15546,7901,14992
5b4101d26b87f13278283a8ce07194cd.apk,60,73,60,73,0,0
6a5a1d7c6014cc18a9545900b32898db.apk,24281,55818,6367,21416,17914,34402
6dc3ddbbe6bf283b8fbbc830cf84ccbc.apk,60,73,60,73,0,0
5d6f344de65f547ff733d51b755169fc.apk,21755,41071,2935,7998,18820,33073
62d32e910724948817936b29907d6eab.apk,36091,65965,3779,8626,32312,57339
6fa417484adc9d6eeb9728b5dde050c7.apk,60,73,60,73,0,0
6cd481753bb4e94811e32389ac07572d.apk,24180,39012,2746,7256,21434,31756
6b6fc974a408b9c137fd4e0b3fb9b7f2.apk,60,73,60,73,0,0
6111f77789410e8f61815f43f54e5ff1.apk,45052,89259,5831,15874,39221,73385
6c6d19b6a5f0fac7d32ef3944ebe1f19.apk,60,73,60,73,0,0
60fb1f56b05458d0c3d097769bcee21f.apk,7567,11521,749,1379,6818,10142
5c573b44041dc7b878a325f3641a5f51.apk,82,70,82,70,0,0
6c022af923560aa6893d988e5fa840a6.apk,60,73,60,73,0,0
60ccab650e69c6d6270e44d35fb3f986.apk,8784,23509,4082,13701,4702,9808
604136ece5a054e17631f557fa8f8340.apk,12909,32584,3842,12903,9067,19681
5d632cfd45c52d59ea9154ab6ec9795f.apk,1322,1880,371,625,951,1255
5a3212132ecad39a2fc56e62fcf23dc8.apk,3565,5644,76,132,3489,5512
5f5674ce9698856cff644f91e533cbef.apk,60,73,60,73,0,0
658b5a764a6e8c4306744e43f0d6bdec.apk,36091,65965,3779,8626,32312,57339
6ecb5842c6d1cdc26f412d73c30a65f3.apk,60,73,60,73,0,0
5f739382c6aee5841248da3f88a59def.apk,677,648,677,648,0,0
6eb38bd7aa283bb8100d58eeb4ad2e85.apk,60,73,60,73,0,0
6fa75602ff532131103126d0a9197b3c.apk,60,73,60,73,0,0
5e2430218492d85b61a0c1febfd91081.apk,2267,8848,1325,6145,942,2703
67ad0a764d4766eb90e4f203cedcd006.apk,1414,2874,873,1964,541,910
61ea9edf3c2e897536ed4c905af5d45b.apk,5076,8168,123,200,4953,7968
5e67f9a596a6395038e6d137f3dc7b0f.apk,21755,41071,2935,7998,18820,33073
61c3f2e058e6a6680a78e9d89dd4906c.apk,8241,18603,2369,5948,5872,12655
6d0ef633b9d4bf4ac5a4a645a2fa6061.apk,19490,42849,4660,15269,14830,27580
6d19325c7883b8b263c5fe4e92c8bbf2.apk,14444,20115,257,389,14187,19726
64c30c5c4aa0dcf2ac45e53be0ce3f2e.apk,60,73,60,73,0,0
5be95e7893fa88dea2e6941c317da3b2.apk,60,73,60,73,0,0
6cdd22365947e89d8f76ec204eb2a141.apk,60,73,60,73,0,0
6b12a03734346a482b5fe7a4d4aa0a6e.apk,7567,11521,749,1379,6818,10142
5e035697588b9e1d32476817c04fd0ef.apk,12016,22617,2185,4454,9831,18163
6515c851ac8a87b66e079229786c7f00.apk,60,73,60,73,0,0
68d5885607e19a250c7029f5afa1326e.apk,3945,8655,1564,4145,2381,4510
5c40c1ec7da975e3928eaa0b51c800d4.apk,60,73,60,73,0,0
60b0c037c29330b6afe642952b8e9d8d.apk,24430,49719,3822,11014,20608,38705
6d13833a522ea8e5ef72e8843e28a4fe.apk,60,73,60,73,0,0
5ef95745bcecf10c8b020d96637bdf9a.apk,60,73,60,73,0,0
6a7879f7ab3a03595a9bed4db10b2761.apk,60,73,60,73,0,0
635d3588042f5bcc796e1022ef7be3fd.apk,24430,49719,3822,11014,20608,38705
5d953bd4746da9a00c0f5a511a9f2f64.apk,60,73,60,73,0,0
6a5dfd9ec54cc0682f35f0c813908455.apk,3939,8650,1564,4145,2375,4505
661a21a2ec4df5d15b0a80ed00357c87.apk,7218,13636,1107,2225,6111,11411
6eb8a3090a0c74261d4b00423bf9275e.apk,3555,6487,74,98,3481,6389
60e494bf902bbda840f6847fba493d00.apk,3701,5977,83,144,3618,5833
5fe0cb1f445b272c9368e3d35967b2f9.apk,7939,22939,4184,14771,3755,8168
5d8537599641b7d7ce6401634ab80bdb.apk,60,73,60,73,0,0
6c5ed7b28665796366cdcc67b6252f9c.apk,60,73,60,73,0,0
5af1381ec55de82b39c03ad782ec39fc.apk,48692,103220,4195,10617,44497,92603
5a9f8a2841f1628b823def3652627100.apk,761,1415,428,890,333,525
5ac6eaf749070b8bd9e7c5bd3c259dca.apk,7083,13096,674,1350,6409,11746
6a56a1e76cdfaf8ec016be8537b0a20a.apk,343,548,200,302,143,246
61e4e6879af8a302227e2d7ec6113281.apk,60,73,60,73,0,0
663c5985cd209a8974611e63a81a61ca.apk,3500,6488,93,129,3407,6359
69d092708701bacba0f71f3fb4e54c8f.apk,17506,33006,2671,7158,14835,25848
63c20df04dd4ad661cc0ed3caf97df1f.apk,60,73,60,73,0,0
5de818b6b3f9d3548b905084e255c71b.apk,60,73,60,73,0,0
6c8c8d5c518630f3f5130ec6ef3c7c08.apk,699,1040,38,36,661,1004
5f1827b54af3f2af0e1ff87ff6ef9d5e.apk,82,70,82,70,0,0
6f2769b5452e79d49f8191bbdf6a6e24.apk,60,73,60,73,0,0
5e1a3f98d15fc4ee95a50813461631b9.apk,11927,19983,1926,4661,10001,15322
6ea11fb90aeaa9e51d155315ae562b33.apk,60,73,60,73,0,0
60140d2840d2a65896fda6e0ea89753d.apk,14989,33039,2760,7687,12229,25352
5f8b07e03562642d484b9491c0b0cf94.apk,60,73,60,73,0,0
5a67d05d77ebb0b7c80bc40f1510f523.apk,12,7,12,7,0,0
5fc888f20af23bf81d648f6aba7ff6de.apk,5886,11585,1675,3763,4211,7822
64fce0af2a42d2678805087ce93829e4.apk,357,501,168,209,189,292
6616422b2b76aa5de2277a0fe2a99291.apk,60,73,60,73,0,0
612a429e303d5f0945bc64544edea7b8.apk,3433,5497,76,132,3357,5365
5b75865ac5ec7046051844b2e3d92e48.apk,44127,121119,16508,55042,27619,66077
6bb6a2a43048b475eae7ffa97b74009e.apk,60,73,60,73,0,0
667fe8c858d817c762f89afafbcbc275.apk,13013,30956,4788,14798,8225,16158
6c3ccdc3d584b4de3b022cd38e3620c4.apk,60,73,60,73,0,0
6b47897720416b51ea25b16cea7240b7.apk,60,73,60,73,0,0
6add408d40caf5c96c00b13354fc88f2.apk,60,73,60,73,0,0
67ae99be76c1f881b85e876a6b67767d.apk,13,8,13,8,0,0
5f4053965b73a5c48cb2785729075458.apk,3333,5385,259,404,3074,4981
6269124e89f69101bf481885ec1c8899.apk,8214,21709,3735,12442,4479,9267
62ac6261497c970e3c62a69236cecbae.apk,7056,19535,3555,11661,3501,7874
6d9d24e1a2cda4a5c984243a1438fa88.apk,60,73,60,73,0,0
5adff7e9cf7b7d9ea434e9840d562c81.apk,60,73,60,73,0,0
61abdf29671620b16bdcc35b628f8692.apk,60,73,60,73,0,0
6f382eaa1b554aced5b3741feec38fe9.apk,60,73,60,73,0,0
603ad607f57864469e7d5f4e3c8371c7.apk,60,73,60,73,0,0
6b212d4d34536656e2dff9afe0918bab.apk,158,99,158,99,0,0
66baefac8616447536d09907cc85b813.apk,119,125,119,125,0,0
6db607e0151cbade1dfb6a69b6023843.apk,80,53,80,53,0,0
5fde7104786d23061547dbf82143f1de.apk,128,157,128,157,0,0
6f65c15a37c3bd08bd86be4ce20be999.apk,17754,45284,5868,20902,11886,24382
6f34e8c75647a42ecb52fd10389cc092.apk,60,73,60,73,0,0
5d744d7ae6a3816c3ecdd14ff412908e.apk,57521,125727,13720,37645,43801,88082
67200479b8329b9ae77186f564b9fbc0.apk,19385,50827,7946,26310,11439,24517
6ae75ae341f08d2070ba0d7db1463195.apk,3945,8655,1564,4145,2381,4510
5ca959a5e26ecece2344829d1fb2f0ba.apk,82,70,82,70,0,0
5e66b856c90cd07217297c389ab3726e.apk,60,73,60,73,0,0
60f4337b50ed8d1fa50e4d46c840a582.apk,3406,5415,76,132,3330,5283
5ed168c83b7cf05fe0d4c43f0aa9ba10.apk,60,73,60,73,0,0
5cbb11ae70f26c740cd8b2b547b2b10d.apk,60,73,60,73,0,0
6814eaa0b06f8da40b1e941a5ebfd4e9.apk,14968,32982,2743,7655,12225,25327
6b4148563604e0e573d401176ccd3c24.apk,60,73,60,73,0,0
60e624c64b5db87dd24ba30b016907ab.apk,13285,25856,1204,2198,12081,23658
61d012ae3017aa34b0cb1194d47c342f.apk,8214,21709,3735,12442,4479,9267
660f8d7fdaf5a1dbe6d7b424bd0946b2.apk,60,73,60,73,0,0
5b0343a090d234845ec91af749754e40.apk,3493,6448,87,124,3406,6324
62ac2aa43997d58227c93ed08ce6f146.apk,28690,78448,4796,15259,23894,63189
6d97d159f58de8ed90e2e2cf8ef923e8.apk,45052,89259,5831,15874,39221,73385
5ac03446e79eca9be538904ab4e34a66.apk,60,73,60,73,0,0
6a2dc81c600e7a65ea27ad6fedf3559e.apk,9501,15269,671,1398,8830,13871
5c15309b16f8a81d6fa024076793d46a.apk,60,73,60,73,0,0
5b99464ce9c1d5f95c0eca98e0922f29.apk,11611,18779,1515,3745,10096,15034
5a0c8a4e365789b8267fb2a759046c52.apk,36091,65965,3779,8626,32312,57339
6e30a21eebccc21f25920bd412aaed62.apk,60,73,60,73,0,0
5b0917181a5a5ea4d629376dece337d4.apk,60,73,60,73,0,0
5f050961873ca38196b4f592c271cbd5.apk,60,73,60,73,0,0
628e6cf7ba6d084c97378bdce00ba1b8.apk,18037,32680,1532,4375,16505,28305
6fc8fdb6ac7f86e0e0af64be55448e8b.apk,11611,18779,1515,3745,10096,15034
6e33925e874cd5546e5c16aae5d43ff6.apk,60,73,60,73,0,0
6142665b36a9eb19bd5944e904335555.apk,2324,4741,977,2357,1347,2384
5a2e07e33f670a321ce5bbbfb26f9b4b.apk,60,73,60,73,0,0
6df34820ef01f0c1b763b34456ce68b8.apk,23274,53583,5743,19973,17531,33610
5fe687c148d324938321ce24f286914a.apk,5429,10506,693,1512,4736,8994
5ba0989a8b2830a7676870b16325d335.apk,60,73,60,73,0,0
5cad9b93a4077a05cd169a2e5b39f33a.apk,14444,20115,257,389,14187,19726
691e265f2f70ad17d672cfac8cd6c024.apk,20607,36001,1951,4656,18656,31345
5fbaa820bbf3d8646de1b078c51df169.apk,75610,191434,21572,71842,54038,119592
6c16d8a9598692d9a1b606f339fb9777.apk,7567,11521,749,1379,6818,10142
5db256aa9099ff054677530373eb1f0a.apk,60,73,60,73,0,0
60ae3e16c3fd51580be6541b1ce5dee4.apk,12016,22617,2185,4454,9831,18163
67cd00e5b7ace3d503b908704e19cede.apk,14938,32757,2736,7636,12202,25121
68db15ef756dfb81983f087929053829.apk,2127,89,2127,89,0,0
6c5ca605086bfb052949ebe5dd01569e.apk,7567,11521,749,1379,6818,10142
5d4f55a42b2b4b617f7e99cb98e5ae4a.apk,31426,73315,2784,11371,28642,61944
667db4e2b36519f8840d3dade44e9124.apk,14936,32755,2736,7636,12200,25119
6e4d68939326924467ee0f2010da7b14.apk,60,73,60,73,0,0
6da71bb5645d7bcb34e5f442840eaf39.apk,40,34,40,34,0,0
5b18de57ab2b3a98283b5df97949c9ec.apk,12438,23762,2394,6208,10044,17554
6a28b1b2f8c662bd2be794c94877a4cf.apk,3432,5498,76,132,3356,5366
604bd26216db6dd871efa1c738ad2b4a.apk,60,73,60,73,0,0
5fc2d585ed7aa0ab06c602dac7c9748a.apk,25410,49752,4810,15566,20600,34186
6e10deafd848f2cb8b8928088c2330e9.apk,60,73,60,73,0,0
64100f71c404be14bc7b94f4c4305211.apk,7436,20213,3543,11763,3893,8450
609cae8598a0d22a48112640911f9084.apk,21524,37266,2152,3879,19372,33387
5ccbba23ab3ca31d2df8292bad0590e8.apk,13475,32916,5162,16371,8313,16545
6cd04b31e10480579b471694c9ca39e9.apk,60,73,60,73,0,0
5ee7cce843cf0b32b371fa646807e341.apk,7436,20213,3543,11763,3893,8450
644dbecf8dbc38f410c214dee03b75b6.apk,13475,32916,5162,16371,8313,16545
5b5deccb1e56f06d596954abb7cb1a1f.apk,60,73,60,73,0,0
63c7c4159a20b8a4d49b81301dbfe1fb.apk,60,73,60,73,0,0
6325b4f69e4e05d5f01a5ede27a2317b.apk,60,73,60,73,0,0
5dd0fc2237ae17fb4ea0fe390639b169.apk,60,73,60,73,0,0
6f77705ddb2706c925dd70f902626b9a.apk,60,73,60,73,0,0
6db800a1bbdc29d19faaab726040a2b6.apk,142,146,96,107,46,39
62487512f014a32a06a9ee858121f79b.apk,60,73,60,73,0,0
6559deddfa4948496f1bc6e3c03466b7.apk,8875,23715,4065,13655,4810,10060
6f7dbf1620563475d1dafd66c286e21a.apk,60,73,60,73,0,0
6a7f84d49065e617d9b3eaa49a5684b3.apk,60,73,60,73,0,0
5ee4c60de26ddd489c30b90e427b57ca.apk,60,73,60,73,0,0
6ed50abdf2354a05a18da3d634827db7.apk,45495,90345,5960,16360,39535,73985
59dbe6c1a0c6c530221d33f9cc871a51.apk,40387,85131,6921,20022,33466,65109
6b5ff0c9a2c0e1d83bc53ec3c5081bdd.apk,60,73,60,73,0,0
6324e093b06dace329e52db03f3b440d.apk,24436,49727,3823,11016,20613,38711
6cc2486e4c729b948af47ab676615cbb.apk,72,37,72,37,0,0
5ad3c05d5677f4ebb346171ee7e78f47.apk,12824,30538,4923,15546,7901,14992
6a0845b525e788a63306f017f9c13189.apk,2267,8848,1325,6145,942,2703
6277a87d12936d066df91b5407dd52b0.apk,14938,32757,2736,7636,12202,25121
5b63338b8b9a9c3d243b54f9fb35733d.apk,3701,5977,83,144,3618,5833
5ea926016ad05ac5ecaf2a3b5414f1a3.apk,158,99,158,99,0,0
6d47894fe0b27c2436cd3722f26edcb6.apk,3332,6263,80,107,3252,6156
5cdcfc3362dde2bbf0f27b492cb44510.apk,13,8,13,8,0,0
6d6112d5f61e64a7c6f15c09b60b6fb1.apk,60,73,60,73,0,0
5c7b5cc3a4e800d328afb58b7d3f57b4.apk,3939,8650,1564,4145,2375,4505
5d2aa3b2b64beebc348eec2569adb622.apk,14938,32757,2736,7636,12202,25121
64d8e193963bb9a281371535c57c34dd.apk,3939,8650,1564,4145,2375,4505
5be35789430b2a4d9793a2a14e1e6ac1.apk,60,73,60,73,0,0
6bafa298e385fcdf9075256c0521deed.apk,5328,12783,2268,6252,3060,6531
6d0908965f894bb1e1acb54642e3ef3a.apk,19385,50827,7946,26310,11439,24517
6425aae52fd284a194596b1c028d33f1.apk,14444,20115,257,389,14187,19726
5bd63cec4167df887ad6ece4c631d20a.apk,3709,7406,1322,3262,2387,4144
67859f80008ddfac994df1a564066b71.apk,44755,88357,5739,15546,39016,72811
5c51766df13ee48bb3a7416b173f0abc.apk,17754,45284,5868,20902,11886,24382
5cba2a397535c3425b145f69817480b3.apk,19385,50827,7946,26310,11439,24517
5fac8ced9efd93bff92f628c74d965e0.apk,3939,8650,1564,4145,2375,4505
677778b2b0b984ba9b4668b668748237.apk,21755,41071,2935,7998,18820,33073
6f3bfc03a9948a50bd4e4d3f154760d9.apk,60,73,60,73,0,0
6315158562a04148e9432cae4eb03f0a.apk,60,73,60,73,0,0
6467bdf5a3db9212c5fa3a89fdab4f8e.apk,3770,9151,1658,4347,2112,4804
6e91d07db16eeed1324bbf562a932e5d.apk,60,73,60,73,0,0
6436c3556b891c7793b1d0203c9a6c98.apk,60,73,60,73,0,0
5bbe2463aecb16256c157440eba65641.apk,7608,17945,3197,9225,4411,8720
5ea3661f3729245c42d3f0de4afa3a31.apk,12016,22617,2185,4454,9831,18163
6fbea4aa9aefee0e202fef59799a181c.apk,60,73,60,73,0,0
6d67a65707e41ae40296f927f6e08d13.apk,9447,25357,3453,11549,5994,13808
6ac7cb4f3aa59e776599d924340e2a8b.apk,21755,41071,2935,7998,18820,33073
6fa6151dc4d65db373957e15bd9e813f.apk,60,73,60,73,0,0
61cf0a0df91cfb2acbf64b8ee4f38911.apk,3583,5764,261,407,3322,5357
6e19a787584bb14d3ba092e2611e1ae6.apk,60,73,60,73,0,0
5c143ce9bd48fefb661f6a5c319d9301.apk,42695,74214,4139,8946,38556,65268
6223b1ed87ec4160af61b79b739491d6.apk,60,73,60,73,0,0
61991ccf057d560aeebe21dd6faedfea.apk,72,71,72,71,0,0
6a0aea3c7121cbd60057ff6f60058dca.apk,60,73,60,73,0,0
6891687690f338486e6dd036e442b921.apk,8244,19125,2964,8038,5280,11087
6b8eccde6b76e07f5556877e6fb4c6b6.apk,154,197,154,197,0,0
69f6e12d39120cadb746b35c97b37cec.apk,60,73,60,73,0,0
6ad7faf3fd1a8724182e0fb4aa5de179.apk,45495,90345,5960,16360,39535,73985
5b73fae50ab0e0d2fd4f3e966b8fc05c.apk,21755,41071,2935,7998,18820,33073
5ad449a67271b9cfa782ce467b0ee145.apk,60,73,60,73,0,0
6e98433294dc5475670ea6bc693321fe.apk,60,73,60,73,0,0
5f358e19aeee1d163da88de2fbe59e82.apk,60,73,60,73,0,0
605ab583c54896193a2d262ab8ac6e7c.apk,158,99,158,99,0,0
6f3d54a556f6e6241d2b3672b86727d8.apk,60,73,60,73,0,0
5bc7d53c0583b68474d66f56ef5c8baa.apk,3804,165,3804,165,0,0
60ae9763f3c7d428724280bf98fb89ed.apk,6288,14238,268,356,6020,13882
5a1fd302d6e6dee2897fd614eae6a4be.apk,19385,50827,7946,26310,11439,24517
6b0b48e134f41ecbd9c36652a2536051.apk,60,73,60,73,0,0
6e911c2cccbc83d88edca00a89217c1c.apk,60,73,60,73,0,0
6c621baa59a0b83eb518100f38377310.apk,60,73,60,73,0,0
69a3602c6ffe283983c15678e43b5293.apk,14444,20115,257,389,14187,19726
6e40400ccb54e41695ba1244e399da27.apk,60,73,60,73,0,0
5ddd76bf0cfc8f306559682c1153162c.apk,60,73,60,73,0,0
61035848bb2dbb5d9b6af62ca40d036d.apk,119,125,119,125,0,0
60070fcf17c0254a6aa8b3310a9e1878.apk,60,73,60,73,0,0
67848b10829f6c110309a79e156e35a4.apk,13,8,13,8,0,0
6910ee3091af88763649ea5fa1c7fd57.apk,3926,6266,83,144,3843,6122
5a5b28f75d536ea4af50c7b2e9ec2582.apk,60,73,60,73,0,0
6f802e3dc75ba406b49f102875cee119.apk,60,73,60,73,0,0
6eac51845a72e70326c64a2a67145234.apk,60,73,60,73,0,0
6a978799b54014e15379285a92478f91.apk,74,42,74,42,0,0
630f3598b90e4366e4eee81516ee0835.apk,7147,14439,1914,4386,5233,10053
6af362bb6f79a1901152a5513e73294a.apk,60,73,60,73,0,0
6758c4fa43fe4f81dbd69802b31f9582.apk,2425,6396,1080,2834,1345,3562
6a8eb9759be552749192a108ee930305.apk,33719,69323,7105,18587,26614,50736
6a33732ea44179b1a5e7317f440f2298.apk,60,73,60,73,0,0
657aeb33cceecf231aace4993a722abd.apk,17509,44549,5774,20454,11735,24095
5f4d09d7bd4a3c8d2bdc1227d9dee4f4.apk,7387,19417,2948,8472,4439,10945
6c6e66a15008245e999f6fab82836963.apk,119,125,119,125,0,0
6e09f2908d27e3db630afa0c8bb48266.apk,60,73,60,73,0,0
6fa586cd2a1c4ed8fea34850ab77f8c4.apk,60,73,60,73,0,0
67c624e4d53223efc2e947e75499437a.apk,2575,4688,409,726,2166,3962
5cb90aec6d404ba639de8cf57df59cba.apk,60,73,60,73,0,0
5f0c79d2ed09538bf2ffdd9660ed4694.apk,30020,67116,2594,10297,27426,56819
6f28e22d329a72f295d5ba9b4ed6b506.apk,60,73,60,73,0,0
6a5fbfd74d28647738ed307229fcd3ca.apk,23265,46893,3590,10477,19675,36416
5a9b71a84290d6b03d994360284ea1cd.apk,33914,68348,4489,11411,29425,56937
61032af8bde5e830841a0a7654cd846e.apk,60,73,60,73,0,0
6cf79b73561d23b89cfad9e229d6c57f.apk,60,73,60,73,0,0
601a8d30beda62e0e6783960b11fb61f.apk,30020,67116,2594,10297,27426,56819
632f2150b20a2b4cd92c1341f92a62a8.apk,7567,11521,749,1379,6818,10142
5fce9a7ffadf5d3eef6f930ee466f2de.apk,60,73,60,73,0,0
6ccd6c609b4efa703a1c30ba95f2b2ca.apk,13,8,13,8,0,0
6a9e839ac69e93c2ac2b6ee56cabf66e.apk,188,301,113,179,75,122
5deaae39b258154edf708200c374da69.apk,60,73,60,73,0,0
629e4db7d3e6debab9c0c8d6818f4ab2.apk,15935,34205,4755,15182,11180,19023
60951b3841d0b398b323fbe631ce254f.apk,19168,34993,3218,9771,15950,25222
6bf3ae2a042105331806d19337b8f613.apk,60,73,60,73,0,0
6dd2a953e11e5409345ec0555e26c443.apk,138,180,138,180,0,0
694acb514cf078159ff992b71536476e.apk,16553,27178,2425,6237,14128,20941
67264876f9b127ab7cc0936040e6bd91.apk,9874,17714,216,325,9658,17389
6b32839d957bcb415a9a280c0b36b9b4.apk,60,73,60,73,0,0
643a4dd2152d3649920dcca06798706f.apk,1792,3479,703,1294,1089,2185
6da792ebf840c054e320ccfe985389e1.apk,20533,54486,8714,29849,11819,24637
6938db06d946fba41feeb347765633b7.apk,33168,74022,5005,14546,28163,59476
5c4ddf00eea02de9201f48a0e5c5318b.apk,60,73,60,73,0,0
6ba96a5639802c1581570f9c1f600c9b.apk,60,73,60,73,0,0
6c6d7e98bff95b853ecd0dcc4372b424.apk,60,73,60,73,0,0
6d462eee48cf87d3b191782ae2b94d98.apk,60,73,60,73,0,0
6cb1aa163f069ebb95146b78c46a2a00.apk,60,73,60,73,0,0
6d73d76b0afa006cd346c493dcdb2978.apk,3482,6424,86,115,3396,6309
61259812664072789aaa98c441877f01.apk,9725,27615,4563,16139,5162,11476
5fc7a214fa8c7815697bc3e642a0bd73.apk,13475,32916,5162,16371,8313,16545
5efe57de24f05e7a7f74916cbf53c62f.apk,60,73,60,73,0,0
6717d412b2ad59f17e9f0c84f6108009.apk,60,73,60,73,0,0
6a28d4ad1d76ff5a2a152d970aa24caa.apk,3939,8650,1564,4145,2375,4505
632f6b3c49bf6fc30a9268e79e046705.apk,13475,32916,5162,16371,8313,16545
69f9d1d88a58085fc205ca1a12c28bd8.apk,60,73,60,73,0,0
684cd2e48c9d14f05a4f9b712e77d46c.apk,60,73,60,73,0,0
5be63130d63139a15fb4852afead7ae7.apk,60,73,60,73,0,0
5ea5ce0f59e990c5af5bb32d452404bd.apk,154,99,154,99,0,0
665b2d2c8eaf157cdf5bf015576d50f1.apk,23501,40272,2389,5832,21112,34440
62f3ed5fb415fe705ee55f350316826d.apk,4092,5592,498,1014,3594,4578
5e5b7b33bbf5b2a35d5274d97df7eb78.apk,60,73,60,73,0,0
60fa0ce8f1fb4d265a7a46e84b60371f.apk,3352,6277,77,97,3275,6180
5e0a54734531ae7b2ce481fa9487ab70.apk,60,73,60,73,0,0
6f10a4fd8b810992208ca93d7b5aaf70.apk,60,73,60,73,0,0
5be28abdd435d4516fe94fb0aec7f9b3.apk,3332,6263,80,107,3252,6156
6cf1809e5fee449bb483cb5589e062a4.apk,10428,17977,1264,2943,9164,15034
6ecd1b393cd830104a1396feda545fb6.apk,60,73,60,73,0,0
69693d3f323be6a15ed0292941d990eb.apk,7436,20213,3543,11763,3893,8450
6a570e8b80d82326abbbac6e01792ed4.apk,60,73,60,73,0,0
6b85574003a506505d8a7b430225af89.apk,60,73,60,73,0,0
6ab59794b86502f3aba47dd0aebc0698.apk,60,73,60,73,0,0
6f6cd089b2ba5439256d24f385c070c1.apk,9765,21427,1038,2575,8727,18852
5ea61596e881f3222fb1484b4875d0a5.apk,60,73,60,73,0,0
6ef8df06c4e8f1654f2a6bc44a35bfed.apk,60,73,60,73,0,0
5b9e24766a514a77a452809b40fa0dce.apk,60,73,60,73,0,0
65d3db47ad4b18a3fe4dc1d9dc6421ad.apk,60,73,60,73,0,0
5c69d2865c0b979eab5e1a505b3c5fdd.apk,60,73,60,73,0,0
67835bee2fca1912e490cd9a282804d4.apk,13,8,13,8,0,0
5fef6526a92d0d7360984ba7612c8eb9.apk,60,73,60,73,0,0
5fc288e764f2ed32f32ae9d4b1a55dde.apk,343,548,200,302,143,246
621d10b8ce30563b2cfd7ca143ba4ea0.apk,3648,6561,73,96,3575,6465
5ad250a21db2168ff640dc07991d9555.apk,21755,41071,2935,7998,18820,33073
65b69125b3f7fd15b150ac8cf54622f1.apk,60,73,60,73,0,0
6a341be15de68e65d6931bbf7dcf69bd.apk,60,73,60,73,0,0
5ec62a371bfe16287fa62bc0d3aa5121.apk,9725,27615,4563,16139,5162,11476
61529fe609c9016019d99909eacf0ab6.apk,113,109,69,71,44,38
6d2cf55eb8c47d51181d473220fea038.apk,15602,31590,2443,6032,13159,25558
699cb6a93ec1e9f49d4b681447adb23b.apk,3343,6271,93,129,3250,6142
6b0e826a4a75e8e1ce45dacac28f46e1.apk,60,73,60,73,0,0
6f1a0149efdb615b54b38b57b952feee.apk,60,73,60,73,0,0
64ea5519b59e69197435ab5212644ed9.apk,31434,73319,2784,11371,28650,61948
66f4c63109376f38c12a31a02b68b623.apk,15602,31590,2443,6032,13159,25558
63c835056bf10f017b1eb6833a93f4d2.apk,3389,6326,88,119,3301,6207
6d0cf6674803e4a4e354580d2a780e2f.apk,60,73,60,73,0,0
63c8a497f8391c16ee09e0bb69ac0f7d.apk,3377,5419,76,132,3301,5287
6eb1fe8ba6d3b9d11517b4db5d5b567a.apk,10374,22699,1543,4021,8831,18678
696a776c2ba1c422b45936092aa4843f.apk,2267,8848,1325,6145,942,2703
6f2e877cde02b1913a392a8c4ce2dded.apk,60,73,60,73,0,0
5abcf4520aa46d5376924e8bd68a5b25.apk,56,28,56,28,0,0
622db64ec0dc6c70bf177863e4a9d7dc.apk,32444,68335,5514,19369,26930,48966
5ec5157feb2ad0a34db1488b14d05fcf.apk,60,73,60,73,0,0
6cdd603ad4dbf936be6eb25e833c85a0.apk,60,73,60,73,0,0
5bbbaeba1c61d7367af5771db35ec326.apk,1343,3149,760,1846,583,1303
69faf70110c9c344d1ed50171ccb8b0f.apk,60,73,60,73,0,0
5f4842992a442fb662001de9838581e6.apk,40,34,40,34,0,0
61247737c54b011e560d1f35e8b6a337.apk,18386,40508,5330,16330,13056,24178
69843572bb4f6b5bc704ed0d193d02ee.apk,7218,13636,1107,2225,6111,11411
5d0a2b2c235742c363e53e423df67fad.apk,21755,41071,2935,7998,18820,33073
60013f354ca9ddd0759f41ca6bfa50c0.apk,3435,5509,76,132,3359,5377
5ee415a3b1cda9ad11c2afdaf83583fb.apk,36091,65965,3779,8626,32312,57339
69abecfa501f0280f0030849b61d4d9a.apk,5310,11500,1628,3689,3682,7811
6c2ada2d81fae37a8318e7775b49302d.apk,60,73,60,73,0,0
6dd2f03b8ad26fd571ef016b6f98f61a.apk,60,73,60,73,0,0
61cb64f2f793532b38a5342b528dd892.apk,14444,20115,257,389,14187,19726
5be78fd4a0ee265f15e5d16665223bf1.apk,60,73,60,73,0,0
5aab80211d98749992f298e30c906011.apk,158,99,158,99,0,0
6e7f59aae25af8b72cb9cb0bc01c1763.apk,40,34,40,34,0,0
6dccab7952c71e53384198ee1bc1da82.apk,60,73,60,73,0,0
5e6a805e74d3707514ad874638a87deb.apk,9045,23743,3216,9762,5829,13981
6301348770065c13fd734183220f0270.apk,60,73,60,73,0,0
61bb1306ab0c9adab50a60d39534304d.apk,8875,23715,4065,13655,4810,10060
6da3b2baa13a73a79e91d5f984dd9d5c.apk,12438,23762,2394,6208,10044,17554
67ed370fac916bfba432e053a63ea03a.apk,8174,10327,225,338,7949,9989
6ccf415ed9e5d5fdbbd8552c04616294.apk,60,73,60,73,0,0
5dc61c9812800e707d61b907c6120c58.apk,60,73,60,73,0,0
68768a0bca77d5afc36455f2951c7f20.apk,11611,18779,1515,3745,10096,15034
5d4e8475d71e03e8bc474b287fa389a7.apk,60,73,60,73,0,0
6d44ae9fa61f7587b59ae41c020bb2b3.apk,60,73,60,73,0,0
65f046237bc8d54e8dd2558c6b97bb36.apk,147,99,147,99,0,0
614ab949651cdd2bf0f597727a50e3d0.apk,3406,6395,88,119,3318,6276
5b81ed25d9b76b5641384341842c9fbf.apk,60,73,60,73,0,0
5ba8b8fe1add8ea7c8b51a821705cf26.apk,60,73,60,73,0,0
6a2aadc47b99e8231703d21f1972ead3.apk,60,73,60,73,0,0
695711f8c8992fb89f534ae7d0180160.apk,60,73,60,73,0,0
6918fc56243a35401590a5e86f2e194a.apk,14989,33039,2760,7687,12229,25352
5fec03335a8ef007d479d57cabaec52a.apk,6535,13479,2120,5784,4415,7695
6a4bf27fb0fd23f4d4d3bbad042fb7d1.apk,66,30,66,30,0,0
6cc52430cb712544c8f6cdd2e058bf35.apk,60,73,60,73,0,0
6077dcfddc570394780a14c038a67549.apk,3939,8650,1564,4145,2375,4505
5ca8f0f1f9bdc4a36825ad88d18c886a.apk,60,73,60,73,0,0
6d0aa06e0406a9df769ba099731df1aa.apk,9482,26249,4446,15408,5036,10841
5c7c8ac1957e46f61b5cd305e3b05f25.apk,60,73,60,73,0,0
5b62a1ee067cc521cef40d352df27cc4.apk,2708,4972,497,819,2211,4153
680843a2683ef34db885871b5997763b.apk,57,97,57,97,0,0
6bab9bcac665d99780309c5be109346d.apk,60,73,60,73,0,0
6cf577287e3fc3c070bfb735c4cc91a4.apk,60,73,60,73,0,0
6628ffd94bc068543bb7251a7d7d60b8.apk,60,73,60,73,0,0
6a809a8e6c56986fb4dc02312a53a0a7.apk,3420,6355,88,119,3332,6236
5eb4643450b0a8173323a5bfdb8c699c.apk,60,73,60,73,0,0
5e73c35e74511723cacf2b1b433fb3f9.apk,60,73,60,73,0,0
5c27d8df5d1abf1da5d763f037ccb382.apk,14444,20115,257,389,14187,19726
5e44e6dfaf35123465b98a9d5c6d5acf.apk,60,73,60,73,0,0
616fe0a99ad300d3f191aa1c492a2a13.apk,7218,13636,1107,2225,6111,11411
5c8404d52747a4dfd138527fb2527e6e.apk,60,73,60,73,0,0
6d2945483322fa3bcb77d56d87f70e2d.apk,12,7,12,7,0,0
5febce1c0264ec5c47191e69e6d28c29.apk,32444,68335,5514,19369,26930,48966
5cfed8624afaa5d524fe2a782e566784.apk,62,75,62,75,0,0
6f50abf61852c7b51b5e8b4cf72681b2.apk,60,73,60,73,0,0
6582a12f0e6a00a2154c5e582732a370.apk,3945,8655,1564,4145,2381,4510
6d11d7b2c005238b8de7189229c356ea.apk,60,73,60,73,0,0
696065eeffe546963d95b878c4a7b464.apk,99821,232506,19380,59317,80441,173189
6520809f67f96efd55d66b6cd94cbc99.apk,55,87,55,87,0,0
5b08e037f7fd0db5fd6b111553a7ae4b.apk,142,146,96,107,46,39
59e782143debfd4693387e1d491ea377.apk,596,365,95,121,501,244
6530ade5d2a4444712858f6ff4cec579.apk,5180,13029,1636,4505,3544,8524
6f91e316eee91376e25281cd3a675048.apk,60,73,60,73,0,0
5d5d3bafc04a1bf048df6bfabbc28df1.apk,21755,41071,2935,7998,18820,33073
6199794adf419e91ca1680ecb8129486.apk,13026,31011,4792,14819,8234,16192
6c75584ba3fa575539bf7d45cd421991.apk,3939,8650,1564,4145,2375,4505
60d1294dbfc2c4f8d48d2d0b21ea92f6.apk,3945,8655,1564,4145,2381,4510
69bde1b727afd2241e8a7871df310458.apk,3246,6191,77,97,3169,6094
661a06a6b5fa7c951ac3b70ce0a3fa2f.apk,60,73,60,73,0,0
5a17ab23f1a27b73a698932e2f2f9056.apk,60,73,60,73,0,0
5de12af2f6e0ffe127199234d5170ecf.apk,60,73,60,73,0,0
677d6956ebff57f4c60209fb37c53dc5.apk,10561,26379,3681,11973,6880,14406
5d1499fdd0f2ed788bed4052816d2df9.apk,2386,6340,1079,2833,1307,3507
4fd50dd7c568bccfb27d7bafa05dfc04.apk,60,73,60,73,0,0
597300581cb57b394a88647bcf832525.apk,11611,18779,1515,3745,10096,15034
4c13e6b98e754e39f1d2a38d142aeded.apk,60,73,60,73,0,0
4f2f00ac2fad15592d0fddce9f8a960d.apk,40,34,40,34,0,0
58f222310e2aae3dcbb0bcb1bc01c7ba.apk,3432,5498,76,132,3356,5366
418a02d47099c271aac064cf96c323ac.apk,7147,14439,1914,4386,5233,10053
4e97c9f303920879fc7f5fb3315afd73.apk,14938,32759,2736,7638,12202,25121
41945f6d67fe8b1a9b11f7ca41a4cf06.apk,7149,20781,3799,13357,3350,7424
4c02687ac38e93c03c4ce890e65ee4db.apk,3487,6431,94,131,3393,6300
4ff1bd1f30cd95ee5b5c498e5fa923f9.apk,60,73,60,73,0,0
50a4c9257e1d4721531897d122488114.apk,3379,6320,91,125,3288,6195
4dcddc9cce12c5de842b36614668a39b.apk,60,73,60,73,0,0
4ee5760a353fce3dac3e8cc5a578f8b1.apk,6288,14238,268,356,6020,13882
47fd9d045ab18305cb0a5bb20a55bbce.apk,6042,16274,2436,7622,3606,8652
449d67877e67b82aa28e86b5c728cfa7.apk,8214,21709,3735,12442,4479,9267
43d113e31e63b02e744be5ae4e39ad68.apk,138,180,138,180,0,0
55491ad30ac035232facbd907238bf9a.apk,28850,56275,5122,13706,23728,42569
502a019022dc41a5326348271e198745.apk,3217,5199,76,132,3141,5067
4dc93c84c677afc9a9f19ea4f2743d67.apk,43020,75192,4140,9040,38880,66152
424e26a916e59f19643f9b87011b5504.apk,21755,41071,2935,7998,18820,33073
4d4bb973da1995a719d05a4c0d3a8039.apk,7218,13636,1107,2225,6111,11411
4a99923641b9f2d571c82030c3a5106d.apk,60,73,60,73,0,0
538859fc666707b8107dd4c9ef969f2e.apk,14989,33039,2760,7687,12229,25352
41db4be7156481107ffe5437639a6b48.apk,24436,49727,3823,11016,20613,38711
5506c94b290d707dd2f34d3c065fe620.apk,7436,20213,3543,11763,3893,8450
551e48ea14b27a102014ae4cda45150f.apk,3378,6350,89,121,3289,6229
43d43889248e4c0d2d79dcb52bf2b88e.apk,60,73,60,73,0,0
580db7a1488492c18e90c1f5a2b3b938.apk,4853,7604,116,188,4737,7416
5070a6c5c72e12f027ecaedd14cddffd.apk,43073,75069,4155,8973,38918,66096
4c03e9dfef30a69d792bb923b7396165.apk,60,73,60,73,0,0
56321d0210f981325623632aa2f6d778.apk,21755,41071,2935,7998,18820,33073
5630836a2ff2a484bbaf7dfc4d333c7c.apk,60,73,60,73,0,0
49b2ee85dee6a63fcce303dc080d5725.apk,60,73,60,73,0,0
4e547390791822534c19dc09d3509867.apk,119,125,119,125,0,0
4be586d59a84df468db836f84ece766b.apk,8760,21732,4259,14567,4501,7165
522eb92277e93d38ee4cb7e09390526b.apk,23266,46896,3590,10477,19676,36419
4fe38e31d8ec21f144c3ef367297a7e6.apk,45052,89259,5831,15874,39221,73385
4d8da86ec0fea3831a97009917bce753.apk,3945,8655,1564,4145,2381,4510
4352911e3c3094fb11ba449d1b4232b9.apk,23274,53583,5743,19973,17531,33610
54a7d40cefbabef7f2554e10d8150fd6.apk,13,8,13,8,0,0
4d8c238ec20d603a564afe802195d403.apk,13475,32916,5162,16371,8313,16545
417968efb17e4a9f9446462c484ca757.apk,14630,29170,4054,13854,10576,15316
4f80541751bc081041ad88386b4e449a.apk,60,73,60,73,0,0
416af45a1045232e92c8ebfd40b850db.apk,8214,21709,3735,12442,4479,9267
571f433f750b1a55eeb16ba25f481941.apk,60,73,60,73,0,0
47408c0eb239fbf573ffca8b724d1a57.apk,83,97,83,97,0,0
47c9ec3e21da52863cfd41b8f1919769.apk,14444,20115,257,389,14187,19726
489851151f3abe80cf8b05efe1328fe2.apk,36091,65965,3779,8626,32312,57339
552a04dd35d6b30d6ea8ecccfb52fe5d.apk,13,8,13,8,0,0
52355e0a9bd48b1851bc0eb124b0ad7d.apk,1931,3893,551,1283,1380,2610
4dff87f763ef47c47f7c15030fd1ca12.apk,60,73,60,73,0,0
4e8c647bdeb0caf0ffb10d0f3547182e.apk,24436,49727,3823,11016,20613,38711
4e6b6e68a9e42eea57883c7003f82cc6.apk,60,73,60,73,0,0
4f3c5ff486df0a77391e45ec79e291b0.apk,60,73,60,73,0,0
4638dcd79e606ce7252bd1c8c446ca91.apk,3633,5744,76,132,3557,5612
54a08c5fb1f051cda0f35629ae5d6d29.apk,21755,41071,2935,7998,18820,33073
4ac343a18bf0ce646910bc1e3b0268b0.apk,60,73,60,73,0,0
56e62ba783c2a3c167f9d5ee2e6f82f7.apk,25302,45445,3736,9756,21566,35689
52892ffcb0e6d69855ef56f17a7f6e2a.apk,222,327,44,49,178,278
594a7ec6292544ef20683b9f0aef9117.apk,6282,8395,312,409,5970,7986
4bc34d2b963d36534882564a5ee4de61.apk,60,73,60,73,0,0
5633b75984f9ca6208092186c94e0f72.apk,5567,10865,1547,3311,4020,7554
540a7515496d3735f4116a3023a2d8d7.apk,3945,8655,1564,4145,2381,4510
44c1e96cae908124052288465e4fe2f8.apk,14680,38577,5854,19980,8826,18597
4203e4ca2e4776c546bc371b5b128a13.apk,3501,5601,76,132,3425,5469
4ac8b859330fd0fe517d00772264b429.apk,62095,145631,13643,43616,48452,102015
46bea71a0c08c8a787dc5ca6172a0777.apk,57,89,57,89,0,0
56d3cf672d9f7d48f5fa9e8d828a51db.apk,60,73,60,73,0,0
558de1e259faaa8916c4acebbd2506e4.apk,3939,8650,1564,4145,2375,4505
53afa56394f129ab75349c7b4bb2624e.apk,120,98,18,20,102,78
4314e4c9ce15330d92d79ce953b91073.apk,5076,8168,123,200,4953,7968
4250275ece0c9f64c67333038062450d.apk,3945,8655,1564,4145,2381,4510
44c6ade7d9ecb41c4949e4c0bff6813f.apk,323,519,323,519,0,0
4a4850cf1c9e860e3fbbd8daf46b946e.apk,3497,5568,76,132,3421,5436
4d098ba06dda39e9281f58b26b857a69.apk,14936,32755,2736,7636,12200,25119
4f9b6b99c6a5797c6d26f2641a62cb00.apk,60,73,60,73,0,0
52b79a61b6b7e5dfdeea5942720074d4.apk,14993,33064,2763,7711,12230,25353
49053a657e8592d64499cd1860dae684.apk,21755,41071,2935,7998,18820,33073
510dd65fdc09c3ef7412ee7d53177f1a.apk,3317,6257,86,115,3231,6142
578f2359945a7a366514af9f681a0369.apk,60,73,60,73,0,0
46738b2240786812e7af07ceaa609819.apk,3331,6312,82,107,3249,6205
4936de01bfb046bbb3a96625d17dea1c.apk,119,125,119,125,0,0
4aaa66ec93c763c9c5045f681b5a1d3d.apk,138,180,138,180,0,0
4496137e6e5ed8e98ccf63e55b22e778.apk,3939,8650,1564,4145,2375,4505
4e9fe6d082799ad6923c323133e12ebb.apk,60,73,60,73,0,0
47007c49ee4c5365ce6112d9a785063e.apk,8875,23715,4065,13655,4810,10060
4f935c046909a23eb1726784928ca29f.apk,60,73,60,73,0,0
4b7aef1f1422711f2c33be9a92553ab2.apk,60,73,60,73,0,0
503f21b8797711f9982108a1889bac38.apk,60,73,60,73,0,0
5133012da4a838d29163fa15c7b681e5.apk,312,351,95,121,217,230
414dd15ba37f257ced0f7baca8e9f106.apk,138,180,138,180,0,0
4bd6547eba1ce5189bc7d8f064e7725b.apk,60,73,60,73,0,0
4617ee5b99cfef8a4e27843118ef091d.apk,8453,23075,3842,13170,4611,9905
58a64c90e5203183f5257b69ba5c8e0a.apk,83,97,83,97,0,0
47db3c95770bb7caf71fcb426db76271.apk,14444,20115,257,389,14187,19726
532ab730b8442b8f76f7ae7ce68e1a69.apk,14989,33039,2760,7687,12229,25352
52adf123d1b64dbcfa9860b7a4b0f30b.apk,2731,5669,59,65,2672,5604
43538cffb1fcc7260297206d9046a3b3.apk,24436,49727,3823,11016,20613,38711
4f87fc2f34248d8b0791b9ecc4662135.apk,181,222,76,93,105,129
4e3f17fe85cedecbcf30ee2ebd4c6d28.apk,21755,41071,2935,7998,18820,33073
4e962f78b286161795754dc25b748a25.apk,60,73,60,73,0,0
4f864aed2603003f0d59e25cdb283772.apk,3945,8655,1564,4145,2381,4510
525cf37ef5c3f66b3cb3a53d3b130cb2.apk,6288,14238,268,356,6020,13882
4a37126bd239ad1588636c85bd9c7cc0.apk,60,73,60,73,0,0
596538fa194f1d872a90fe8261e995ed.apk,13,8,13,8,0,0
494dd9a4ffc032122e952a325a152106.apk,8214,21709,3735,12442,4479,9267
52509344196ac2bdcc7e6dc4ed0779d1.apk,40,34,40,34,0,0
52b997f571346b51be40eef51fb8dad0.apk,16982,26087,1272,2766,15710,23321
481ecb508655055787552d4267e6c841.apk,4092,5592,498,1014,3594,4578
4ce1755d071aa2e64e1969d1de8aa4bd.apk,14444,20115,257,389,14187,19726
4ae8f644eabb491ad52cebb30c1d3222.apk,60,73,60,73,0,0
43e4cd2d842ef003b9b60f750e8133f8.apk,138,180,138,180,0,0
42782f155736c18471527c97fd9406d4.apk,10562,26391,3692,11968,6870,14423
4b643c16400283c075c813ac827052f2.apk,60,73,60,73,0,0
53c749354a906e818def521abb8cdd0f.apk,18471,37278,2486,5974,15985,31304
4c31103632fe831b814f649a66862bce.apk,8214,21709,3735,12442,4479,9267
448dbb5dece28a5b01adad6be276fd15.apk,8875,23715,4065,13655,4810,10060
55e384f33fda840029c49fad9592e613.apk,40,34,40,34,0,0
4c3052ee9dc1791adefea1646f1f69fa.apk,12,7,12,7,0,0
506d33feb12340b18f50bd989b79ff73.apk,2401,6368,1072,2808,1329,3560
4d3ca5368d3e6f0193c63f44c6dd6534.apk,3451,6407,84,111,3367,6296
453f89ad9d6a3833e46eb363553bff49.apk,343,548,200,302,143,246
4b63d7b9262a11dea05105c0e745f8fb.apk,60,73,60,73,0,0
5634af37470968733c3048ff87704844.apk,7567,11521,749,1379,6818,10142
5854d708ed0246e70eb09b302e637a9f.apk,60,73,60,73,0,0
4d5983ed309512f67d798fd630dbe494.apk,60,73,60,73,0,0
4ce069596310a4008958cc9df53f0d82.apk,60,73,60,73,0,0
4a4165207179403047c549678a966a17.apk,21755,41071,2935,7998,18820,33073
55c78b9202c43cef853ca1bda408571e.apk,91,122,91,122,0,0
4d99ca1061f724bd23b5612555d0305c.apk,60,73,60,73,0,0
5689025914324e68022a8d8963a66085.apk,15602,31590,2443,6032,13159,25558
4b84d0c685b14d02fda08b015ad5b446.apk,21755,41071,2935,7998,18820,33073
4d5e6377fb7c0a0ec5fa153e8d910edf.apk,7786,17307,2870,7507,4916,9800
56e638e89685f9cf43f129b45676af28.apk,60,73,60,73,0,0
53efa1cf13577799ef786a1f83ebf8af.apk,119,125,119,125,0,0
4fbc06a4084d5d576fb7adda6d9e7e00.apk,9482,26249,4446,15408,5036,10841
4d7db761cc94287edf2a72bae03e064f.apk,60,73,60,73,0,0
4d57cb171f3c7e7e0363bfd6b712cb14.apk,9976,13047,294,426,9682,12621
50f588b587b52ca1b1e5c2352a171dac.apk,14444,20115,257,389,14187,19726
4d9c14a4ad568e43f8f82a94642d324d.apk,14989,33039,2760,7687,12229,25352
4cef9bc2dcf320ad311422bdb7c5bd89.apk,2737,7313,1509,4460,1228,2853
4d11464fe9c36614527c367444f53d83.apk,879,1859,434,865,445,994
585ee45d79aead77148fe7f9c67dbc3f.apk,5441,11519,1381,4132,4060,7387
4310b7f7aff0252d7a21438256cc7c91.apk,14444,20115,257,389,14187,19726
47c93540f25fe4e41117ca476848b435.apk,13,8,13,8,0,0
4d9fc3a9809b5eef3268bf4eeec0e551.apk,60,73,60,73,0,0
5553428f1443582b4b40c0ebb53e187e.apk,60,73,60,73,0,0
54d30b514385201139a032850276c72c.apk,4092,5592,498,1014,3594,4578
49d19c0416cc0285b9fcd24dd96cc83f.apk,60,73,60,73,0,0
50683ae35434380daf523224f6afdac8.apk,6288,14238,268,356,6020,13882
55b069bbb9582c7900d4415b5e607382.apk,3432,6351,77,104,3355,6247
462a79186ff810ea6335fe690c896e03.apk,24430,49719,3822,11014,20608,38705
44f64f14200e22096b2300ed77c2a9e5.apk,62,81,62,81,0,0
596de7cf6df45d889f286924601f2e94.apk,138,180,138,180,0,0
4ea6161f0f17a171cb11337e52c4bdf6.apk,2246,4853,296,932,1950,3921
55bc819b3ac2c8d9df782fe76162e9aa.apk,1790,3473,703,1294,1087,2179
4ae0d3ae3212988ea91b5de77ebc8373.apk,11248,14987,311,444,10937,14543
46a24473418e3475e42bcbdcede3fb56.apk,6062,13301,2089,5137,3973,8164
52c6158505629b9d2b5610794c417bd8.apk,7436,20213,3543,11763,3893,8450
51b8c1b754bc572c216fd31cb91d9d57.apk,9365,25949,4367,15141,4998,10808
4d895aeabb29b05fc5e54006e4532a0f.apk,60,73,60,73,0,0
41e25573449fe69ff9d9f05c865647d1.apk,3432,5498,76,132,3356,5366
483cdb4857218493b653fc9e323c0133.apk,138,180,138,180,0,0
4a3c3ae5a827694a4a10f94b6bd6dcfb.apk,60,73,60,73,0,0
4dc7026112fc3637acee0dea369dd899.apk,19204,35040,3286,9901,15918,25139
4f98d9f73e482a44b2174aabe6089d8d.apk,60,73,60,73,0,0
4b552654a2e5ee9eca4339d048062d5b.apk,7462,17275,2120,6375,5342,10900
4de9783d626946f22e018e258e997d7c.apk,60,73,60,73,0,0
4e559fcbb77c3c7ce49599a5bd169391.apk,530,749,101,147,429,602
4660d3c72039a93fbecd6b6169499149.apk,19385,50827,7946,26310,11439,24517
529109d3b06ae8f969873687ee3ee9c5.apk,16316,32660,2656,8222,13660,24438
514ddc8e10d83db97ff20d98148a8137.apk,60,73,60,73,0,0
4c425631801b358137bee708bdd8cebb.apk,60,73,60,73,0,0
4bcde851a0833c6dc570f0a43dc092c2.apk,60,73,60,73,0,0
4d2946cd62ce702db182524cab34a9b1.apk,50237,123690,12430,42814,37807,80876
4b9cba61bc66a97bfad580823af91277.apk,7218,13636,1107,2225,6111,11411
4ad3c26e45cd006613c3234f36c346a1.apk,60,73,60,73,0,0
4a625c6bdf88adf7b5c3fe4f43c289f9.apk,60,73,60,73,0,0
4d6951e4ab4ea4579f180e6bf3d4a5fd.apk,14444,20115,257,389,14187,19726
55ccbd0014b0911f81b37339b5fcfda3.apk,10565,26381,3681,11973,6884,14408
445d002e99b2a029db767bc590d8f733.apk,32295,67683,5498,19174,26797,48509
435bd3a6ba03449e71686fd96ca08ce8.apk,3939,8650,1564,4145,2375,4505
4a780e27bc614c78c06e8559eee3f7fb.apk,60,73,60,73,0,0
443bc59dc2f6f43898734a47694e3f74.apk,60,73,60,73,0,0
4977873f0548e92ea570205caf64d5b5.apk,13,8,13,8,0,0
469696320e770065165f3bfee53923fb.apk,817,1222,174,219,643,1003
547f27d51daaed7f6d191ccb35fcb2e9.apk,44544,84521,5131,12459,39413,72062
5914b058f81e7273d3c2c21be4f83cff.apk,60,73,60,73,0,0
441ad9575c371deff7a0c6e81f7c43df.apk,23266,46896,3590,10477,19676,36419
4a469be9490e187b545ca0402ded4864.apk,12980,32773,3900,13075,9080,19698
510517b049460af1d86c4dcc8709f33e.apk,13145,33194,3928,13175,9217,20019
4683fcb9ad1a153a70ac19b175a474a2.apk,40,34,40,34,0,0
58cf8337556d77e459e0e80cb76f27be.apk,19385,50827,7946,26310,11439,24517
544ab74ef2dbef5e91cba0d7fbcaa243.apk,142,146,96,107,46,39
5785c47ad776bf1a4bc29d162d6a1c61.apk,24611,56862,6490,21997,18121,34865
4f430ff2be781d49d2a29ba15c5ed212.apk,60,73,60,73,0,0
4cfa345fe8368207a310911e0a149aa3.apk,24430,49719,3822,11014,20608,38705
59da959345058494b5ca5158c4f55040.apk,119,125,119,125,0,0
48724044debb13155d37cfcd65bb55fb.apk,3331,6282,86,115,3245,6167
5034bca5b9364b71acf8d9a5d0f832c1.apk,23752,38946,2077,4484,21675,34462
4690da5d3bc9a757c24ee6f3628ea75a.apk,24436,49727,3823,11016,20613,38711
4ee4e32a6cf3f60f4624cc2a0505d84b.apk,1414,2874,873,1964,541,910
55e47661a426bbb67314217ec3ec9ce1.apk,17825,30080,1666,3182,16159,26898
47cd38bb2c06992df1f9a10953c7a5c5.apk,16049,23268,806,1580,15243,21688
583744e15e511f4d3b4f4c7f4761f49c.apk,6288,14238,268,356,6020,13882
4caf9ee8cbd85a9f648154ff7f75c8dc.apk,17754,45284,5868,20902,11886,24382
4b132ae9ae7a8bcd1b0661c64c958d53.apk,8875,23715,4065,13655,4810,10060
53552d1afacbf694045716c679dd61ee.apk,60,73,60,73,0,0
473c02eb301c0b2d6fc97034225f8908.apk,5835,12291,1418,3363,4417,8928
455570915b30e25ac3c45facac8f21b4.apk,13,8,13,8,0,0
57d6c728da9ae994b16ee2ea5414de90.apk,60,73,60,73,0,0
4bee772a9eca6c3d0ce5ad426a3131a6.apk,60,73,60,73,0,0
494eb3d04df57953038c3b23b17bfc01.apk,60,73,60,73,0,0
4d405afd4f29e4b549332399275e1646.apk,60,73,60,73,0,0
4ef5c3fd358bc6f0d22eba800ebcb5a7.apk,12884,30486,4684,14304,8200,16182
4cee012eebbba89408eed692151d8325.apk,60,73,60,73,0,0
540615917105d79f077a2cc29f43550a.apk,16700,24584,617,975,16083,23609
46c8b0befa34cb95d1cb80993859958a.apk,33512,84046,3389,14403,30123,69643
55a001406e858bdb40cce3c41cd4ef6e.apk,15290,27349,2198,7216,13092,20133
540b9e07072d8647292ef6a4f759ff9a.apk,19385,50827,7946,26310,11439,24517
46c894979ad937bbbe09175d1adcbc6b.apk,8875,23715,4065,13655,4810,10060
4f0ab18d9001ccf93cef51ebdba3d1ac.apk,332,365,95,121,237,244
4c9f5574d66525c300bcab3bfc6e4fc0.apk,60,73,60,73,0,0
4a084effc0cf13268f7ffea39eed8fc7.apk,60,73,60,73,0,0
493a46bc78945c49ad99ba31c1894ca4.apk,7930,15156,1780,4624,6150,10532
510696c2da1377fae89ce51d929f1653.apk,56866,111266,8411,21798,48455,89468
4c75c214a8943b8f9e772aafa82fa14a.apk,36091,65965,3779,8626,32312,57339
51d640b65f777dc1067a194619ea9222.apk,7567,11521,749,1379,6818,10142
4d093425e180d42ade95ac9fd7352bf1.apk,41197,87221,7054,20556,34143,66665
4b588cb2fdad21c632f7c28a4eda37ef.apk,8875,23715,4065,13655,4810,10060
4bc280cac8e3726558a7f7d3dfe117a7.apk,3013,7188,661,1773,2352,5415
4dba7d54d44ed183838678835bbbdc66.apk,2401,6368,1072,2808,1329,3560
4cd9da95021b6faba73072065d622ba7.apk,60,73,60,73,0,0
514ef170e881196cc35c889a7c8ad440.apk,3980,6824,816,2100,3164,4724
4efa1e1e0c2ea2a4df7465f79c82fef4.apk,60,73,60,73,0,0
475dcae44e24cceabf2ec2cdc4783f20.apk,2713,5646,59,65,2654,5581
4a80e46efd84c7e69a8593005701aa97.apk,24436,49727,3823,11016,20613,38711
4d690e2f1d952de841c3f0fb4a30d2b3.apk,46170,104720,7558,23562,38612,81158
4afc949dd234d67d976d7fac6fd51289.apk,60,73,60,73,0,0
4b894172eec2574f40a6fa3e23e3f5e6.apk,24611,56862,6490,21997,18121,34865
50464cafe8ddb4b3e6ff62dbfd36571f.apk,13,8,13,8,0,0
58ca7ef62b450036f852cc979eba41fc.apk,5310,11500,1628,3689,3682,7811
4437305325503993205119199aac3200.apk,13751,34925,5519,17684,8232,17241
4e0c140804cbfd9bc297e47676df2128.apk,21755,41071,2935,7998,18820,33073
4dfbc9ba892a1805a8dc90ced2c1834c.apk,11461,33544,5793,20849,5668,12695
486e19d4acdb5bcb6971d88893396bdc.apk,9062,18513,731,1460,8331,17053
52f65937e8cab432cee87a4b116372e2.apk,3945,8655,1564,4145,2381,4510
4e3792c9775af58d5d3d675314b6def4.apk,60,73,60,73,0,0
4adf8ceca0d68e74b9401adef54ff6bb.apk,60,73,60,73,0,0
4e20c0b062295b735a84abe18f454b3d.apk,138,180,138,180,0,0
4d3457b2d34fb2e6b85b214dc97ea929.apk,60,73,60,73,0,0
57fdc125471bc191121865285803c592.apk,138,180,138,180,0,0
572ba91e8cd7ba5a904e632bea14a6c1.apk,9482,26249,4446,15408,5036,10841
4e293189b69b2a7c2082c877b3565014.apk,60,73,60,73,0,0
56d825698df71135adb4455b3e8a9864.apk,119,125,119,125,0,0
4e109c3ed958b1a980a4e8ab7b6b5952.apk,3773,10270,1898,5285,1875,4985
5917f24cf3fe54549c72aae65da97da7.apk,11429,26911,3464,10706,7965,16205
4c9ac0b9b74f98cfbf6fc48ca781ddd1.apk,60,73,60,73,0,0
58a80296548dacafd727d36a6c2252cf.apk,21755,41071,2935,7998,18820,33073
4614917290f819ca4b4d1ea08118be30.apk,3939,8650,1564,4145,2375,4505
55dc974683c583866ef18e62d90de799.apk,2267,8848,1325,6145,942,2703
4b944452c6c83f68dc06afed1d1f8200.apk,60,73,60,73,0,0
4be6b2e1a856fe8406100542a8937c79.apk,60,73,60,73,0,0
4a7ed056f3a0cd7c18c12b3e0f710ace.apk,31611,69553,2711,6142,28900,63411
4de402330e7be806ea8510bbe387512d.apk,60,73,60,73,0,0
4dcc996722c1b52863de51765f1599b7.apk,21755,41071,2935,7998,18820,33073
566cd9d2f76ee445550492d9f07c9664.apk,5076,8163,123,200,4953,7963
4e2c92956ea97f647f357edaa78320fa.apk,60,73,60,73,0,0
4ef1befe00eb63d121655f8f6468fc9e.apk,14989,33039,2760,7687,12229,25352
4d97200fa8ef75a874d75a5b021f70d6.apk,60,73,60,73,0,0
5499d69ba2b49e5ddeded0987c5692ee.apk,40,34,40,34,0,0
4602f519d48f9af1878439995cd34d43.apk,3324,6283,85,113,3239,6170
4cbf608fc407e266ca6d2bbcdff0a445.apk,9361,16421,456,751,8905,15670
4c32fd30b7ddd4687c6a4fd7d565dcc8.apk,76,107,76,107,0,0
52e6f4042265ed2322f96aa4a01f3da9.apk,8798,19306,2476,7133,6322,12173
4e930aeaafcbe8ffc4a2836274692277.apk,60,73,60,73,0,0
4eb63721aba5c27b3b248a4c03e24816.apk,60,73,60,73,0,0
44a2e8b4ff45eb2176a2b28c34688471.apk,83,97,83,97,0,0
457357f9211949585c0c51a3236c0ede.apk,318,379,95,121,223,258
4bb21ae994c057a73d48bd9deada57d8.apk,45052,89259,5831,15874,39221,73385
50f08bd21f07e0dddbc99bf9108cb2d3.apk,60,73,60,73,0,0
4dd0a54c000031f88ebca49153d0629b.apk,138,180,138,180,0,0
57055f245965a13bd5e28475f784666f.apk,39264,72641,1741,3547,37523,69094
501de218bc91e4397042f9f2af55276f.apk,60,73,60,73,0,0
426083e7a986a84cf0850cc7dbdb6514.apk,24436,49727,3823,11016,20613,38711
54af531078fdd1c14b304ad50d4b09c4.apk,24436,49727,3823,11016,20613,38711
4c8f5f18cc7e83bca6c3d41aae0bfd78.apk,3465,6419,89,121,3376,6298
510e6d61218a0d67529d6374879a0c0b.apk,14444,20115,257,389,14187,19726
58ef68f5551bf188ead72aed77a27006.apk,21755,41071,2935,7998,18820,33073
435b1ae2842628a04e0299c8ce0825b0.apk,60,73,60,73,0,0
4aab881c3cdc41f37cd71aa344e6c9ce.apk,60,73,60,73,0,0
4613c5f830fff47efdadfb4e463baa0d.apk,123,133,69,82,54,51
525c8424b4cb35cb36047c347046b93b.apk,24436,49727,3823,11016,20613,38711
55a43989d2774ed54eb6c4d63f2d209a.apk,14444,20115,257,389,14187,19726
5214b5f33e3eec5c705f8996f8675ca0.apk,13,8,13,8,0,0
54290f27e480daf5acf509dcb8280f37.apk,21755,41071,2935,7998,18820,33073
488d4c52f6b13ec90857951b61357c10.apk,13,8,13,8,0,0
5416487945a2c140efeb0e09b918268d.apk,60,73,60,73,0,0
54e7e990492a1f4c5c6d5b4bb29a5662.apk,60,73,60,73,0,0
4d0a6ea1977795f567f8c775566aab38.apk,60,73,60,73,0,0
41b6823f9ab91972f0637d162e3911b0.apk,18830,42329,4704,16380,14126,25949
5303e84f0d2bd739d08ebe0bfe895990.apk,2267,8848,1325,6145,942,2703
49a6857c9c7c51785b10b946b7a436bf.apk,8875,23715,4065,13655,4810,10060
4edc99b5a6351a15925e542ce8576a27.apk,631,1259,163,267,468,992
4b3637378d149fb7c7992658c27bdf62.apk,60,73,60,73,0,0
42355a0222efe46753be434054004024.apk,60,73,60,73,0,0
4559a60502c53a2b0c485545c69ac8ad.apk,16356,39280,3577,11519,12779,27761
4a0b0ee791007d05637689ad665463aa.apk,19697,47903,4884,16705,14813,31198
518c4211f55d8108da79055c28039216.apk,18790,34930,3222,9961,15568,24969
470613815463c733b75f2a8b91724479.apk,18975,34751,3218,9771,15757,24980
5843abd3b11f4a0026abfcac83d611a2.apk,9482,26249,4446,15408,5036,10841
51592c9b3afcb5e7998a7790f134eb95.apk,60,73,60,73,0,0
4b64f428531faf25e9c89b9c4a34e6a1.apk,40,34,40,34,0,0
4f40707c2448bfe41e4bb8691908759f.apk,8081,14648,828,1712,7253,12936
497cb4d857a4a46ac4317d6e9b73e009.apk,57,33,57,33,0,0
579ff15bf508f4c6101ea5559732aedc.apk,21755,41071,2935,7998,18820,33073
46a599e558482b172f26ac630a09ba03.apk,2267,8848,1325,6145,942,2703
5336f384c00e08300631da17e3505c8d.apk,60,73,60,73,0,0
4d76a4d2d958ba0fae72e5602f174dfe.apk,12016,22617,2185,4454,9831,18163
4b74b71240077e54bf25c17236ff2826.apk,108,111,51,58,57,53
470028d82c6f76825bab35a0de0004e2.apk,13125,33154,3922,13144,9203,20010
53f9d9c6b379d490ca845b0d0a3481e5.apk,21755,41071,2935,7998,18820,33073
4e5c6646068feb9f29daef3f0d18472f.apk,14444,20115,257,389,14187,19726
4d5b2f3cb911281104349a51ac5deb1b.apk,2267,8848,1325,6145,942,2703
4174f0f919954dfa3f1a934a25e18ac6.apk,13038,31049,4794,14805,8244,16244
4734e74cf5e4f97c7466defa529e66ea.apk,3945,8655,1564,4145,2381,4510
4c353bc3ee98e9ffc6a71c8ec6d14ff1.apk,3217,5199,76,132,3141,5067
45c395637481434bee91b0e7f261fdf3.apk,6612,376,6612,376,0,0
44e4584217de23f4816b9984fe00aebc.apk,17768,39839,4930,16096,12838,23743
4ab682c2d5614eddfdb66fa8abce8828.apk,19385,50827,7946,26310,11439,24517
537ad134a3a3b668868981a47e0e9e66.apk,60,73,60,73,0,0
4e887a954bb7e364fe2ad2e88f593fc7.apk,60,73,60,73,0,0
41f6fb555e62198ef18fb9a74ae6cfa6.apk,14444,20115,257,389,14187,19726
560359ec71cedf409f510a2e2bab9143.apk,8434,15224,1536,3843,6898,11381
5589b8e93933752d2392e6ef54658848.apk,7218,13636,1107,2225,6111,11411
55bb52c6eda9e6ac53d5f6dedb7414e9.apk,12503,33619,5659,18919,6844,14700
59a206a9c24399a6bf1f8b7b137f9be1.apk,45052,89259,5831,15874,39221,73385
4c1e61e3d25a1951ea4bc8a89a287de6.apk,10702,26194,3598,11400,7104,14794
4d2c515f69568caf749aa09864b8cc57.apk,8875,23715,4065,13655,4810,10060
441eeb7feeae28d7e1d1f9aa1b378b12.apk,45052,89259,5831,15874,39221,73385
4bbecdc159737dff9645b19bb5c6ff10.apk,60,73,60,73,0,0
4f035435b71c615749fd5007ef1a979c.apk,1022,1759,334,666,688,1093
5711c4dfebd0e20945f00d90926a7e11.apk,1414,2874,873,1964,541,910
4bb216dbeaf59d039b6b7eec34f57cab.apk,3753,5935,122,231,3631,5704
4a94e4ac1688cf31958429864ff63c1d.apk,7567,11521,749,1379,6818,10142
5471010f200f377235ac736d7b41180e.apk,21755,41071,2935,7998,18820,33073
449f7b09b2f23c4718152c82728b37a3.apk,9976,13047,294,426,9682,12621
4fd91bc4aedd4b6d69ced62c22375444.apk,6041,10627,1198,2810,4843,7817
577ddc1adc6f429f5808d8d1b1559859.apk,17754,45284,5868,20902,11886,24382
4a71674558429bb3502578e1884e64ce.apk,4092,5592,498,1014,3594,4578
470a1ebafef86a3ac05755e0ef07d119.apk,13,8,13,8,0,0
44d2e73d623b56a7258924a846078eec.apk,40,34,40,34,0,0
4415813d1f784eb748bb5548d2a68a73.apk,40,34,40,34,0,0
4e3db330c515ea28fdce7dcc98106d81.apk,17754,45284,5868,20902,11886,24382
4dd5e8bd1f6bdca258395b568ac5c907.apk,60,73,60,73,0,0
54cce9e1369adaf17afb7bdb5c94c8b9.apk,142,146,96,107,46,39
44dbebffad52f7727a7c3cbe23c7c17e.apk,45052,89259,5831,15874,39221,73385
48b574edd794b4e7d3590ba6e61a448e.apk,6162,14366,2578,7299,3584,7067
5993098b4086dd810b7cc8c54bca4ddb.apk,3456,6435,82,107,3374,6328
431894456c8c4ba9e4a4ed40215895d5.apk,10049,24507,3440,10115,6609,14392
4f1d0753ba8b00e32c9c6553a2d5a5c3.apk,3939,8650,1564,4145,2375,4505
4e0a4335e9174de5a4591deab7594725.apk,60,73,60,73,0,0
424469580a1b700330e4b54634ebb850.apk,8875,23715,4065,13655,4810,10060
446ca548967001e2b07312d8be727c9f.apk,13,8,13,8,0,0
41657881e601681d505646cb3e95ff2e.apk,10521,18462,1864,4416,8657,14046
4499e88567f40c161a81e540b9b0ef3d.apk,40,34,40,34,0,0
523369acf602634e9b5b977d53261cfa.apk,16682,40203,3782,12148,12900,28055
5912bf9e467df6d64de39b88e2e61d9d.apk,14938,32757,2736,7636,12202,25121
4cdf3314e2416d25ad0ab82f429334ab.apk,60,73,60,73,0,0
4862e2cf1049fa48c4f1430d7fdfa5cd.apk,60,73,60,73,0,0
4c762795c6f52f1b57367d9a1aa78f37.apk,10515,27577,4112,13699,6403,13878
53479306e2f8aa2817c19ac39c827693.apk,45396,89951,5896,16064,39500,73887
4fa59ebbe76b7c60c844c07415a92a98.apk,60,73,60,73,0,0
4fbff5536d0f13fe86e969cbf8cd0ec5.apk,5615,14357,2454,7690,3161,6667
4f12e96e89dc1a5161aa3e966df3983a.apk,11899,28862,3653,11589,8246,17273
40d896c53cd77e367333b65f0916e56b.apk,60,73,60,73,0,0
35ac13431c0dac34b0780169ef5d7fdb.apk,21755,41071,2935,7998,18820,33073
4066142678e5f7eb2c348211f56e1525.apk,31426,73315,2784,11371,28642,61944
3fb5b7102d5439796449e20ad6a5fe70.apk,138,180,138,180,0,0
38b2f5553cd926013d19ba6545e479cf.apk,24281,55818,6367,21416,17914,34402
3221a1f70f77aee14fa7b8a7755e50fb.apk,8875,23715,4065,13655,4810,10060
342edbd6fc0bc18599a5f29fbcbeb1cb.apk,3435,6400,78,103,3357,6297
400639fd56aeb3d3e804bdbf7f0a9e51.apk,45239,114366,15816,49399,29423,64967
318efa207f8ac6a3e29e84ec13fa0e20.apk,5149,9954,1212,2472,3937,7482
323fa4a1bfc6976ab5d9048cf2fc0d3a.apk,7567,11521,749,1379,6818,10142
2cc6b88bd26808b5f78aa1907ecd1b30.apk,4917,10178,368,642,4549,9536
32e8b3d6a0646d314598c01e3fd56ab5.apk,60,73,60,73,0,0
31e58846c99cdff766708bb723c30e57.apk,62,81,62,81,0,0
3c7edf417553fe4c6b64c7ba728e7ed9.apk,60,73,60,73,0,0
3fe6ef966f15c30b0b7c5a2cea6d54ff.apk,60,73,60,73,0,0
3caa45b86ace598c7d05de226558acac.apk,60,73,60,73,0,0
2d203a12cbd68d6ba4e8b7b2b57499fa.apk,60,73,60,73,0,0
346e6402092d866d72cc1eacf05f520c.apk,5658,14461,2481,7783,3177,6678
3d7e04e37db833f47d08975e27c69a9c.apk,195,328,121,200,74,128
3d72edbc79821586427565ad9347e664.apk,60,73,60,73,0,0
2be3abe8030663260e4a6a7bf451527f.apk,12087,20569,1172,4236,10915,16333
2fa4b348d279eddd15480869c0ca29a3.apk,11461,33544,5793,20849,5668,12695
3b88c300d0d2498992eac76c1851ae0f.apk,60,73,60,73,0,0
3f32dd0a1adab215723fd871629abfa2.apk,40,34,40,34,0,0
32393195f023fa449ba5db2baa46f36e.apk,40,34,40,34,0,0
339155aa5aee7da439f82ecffb65c2b1.apk,6427,11510,381,658,6046,10852
3b713b0b4a912a22ae2f68162a7ffd02.apk,60,73,60,73,0,0
2c0e0fc4c66322dd41eeff588ad0ff2f.apk,60,73,60,73,0,0
409abce7340b63b81fb41bc581a12be4.apk,10637,28647,4369,15174,6268,13473
2b749abdf84b53f6b5493c07532228f4.apk,109,102,109,102,0,0
2e58ebd1b14ee2225f01011b99385267.apk,81,94,81,94,0,0
3060a31fd76e770b80254cf0a31e23a2.apk,3167,6293,1272,3119,1895,3174
36a78937bb0a30f3e5e21244653e876e.apk,19385,50827,7946,26310,11439,24517
3af191fa93a973063a1c8281bf4ff718.apk,60,73,60,73,0,0
2e127391d1b356438c6d95d3a7355c1e.apk,60,73,60,73,0,0
3dbf174b9d9a71db4695faebae8aca14.apk,3945,8655,1564,4145,2381,4510
33277cdc34304ec524f0093115781bdc.apk,7187,16346,935,2057,6252,14289
2e7a4203dd49fe667d8cbe30b6346f61.apk,4247,8357,523,915,3724,7442
410d7761a37bf35905cb006532480674.apk,3939,8650,1564,4145,2375,4505
2c7d8db72fd25280aede43d706f469b9.apk,60,73,60,73,0,0
3c36529caff70b6129a9bd42cee2aa4b.apk,60,73,60,73,0,0
3cc979cf9d6a07c1b43fc64f968325d7.apk,6,3,6,3,0,0
2ccd08194c9c2f4d55663feb1c7ac4a1.apk,60,73,60,73,0,0
30094c0ae31b057fd1986523fa166447.apk,2267,8848,1325,6145,942,2703
331b506ef021156e49b0717d73564283.apk,2713,5646,59,65,2654,5581
2dfc6878c57b171c68bb9398556313e3.apk,3495,6472,86,115,3409,6357
2dfde94d0020b63063ef78b77fa0737f.apk,60,73,60,73,0,0
354928a38ac9e6b987ccf89854bde61b.apk,119,111,119,111,0,0
3ab71f6f267d618750b685f4cc6b2e21.apk,60,73,60,73,0,0
40a5601c03b3a57bb87337f8515cb536.apk,17059,46687,8164,27163,8895,19524
3f544819c63a9f46e00b54bcda17d4a6.apk,60,73,60,73,0,0
38da841991f3e36d5d417d5cf5cebe58.apk,119,125,119,125,0,0
3e99005fef1b4a7c8ff0bbb4e431ac18.apk,21755,41071,2935,7998,18820,33073
348c06bd631c242c1b31e08eec0e506e.apk,44091,95524,7944,23341,36147,72183
40c0f9513a8353d8df7a6d23b8c871b5.apk,12438,23762,2394,6208,10044,17554
2cfaf4f2acd9f9ed57852138e8a7c2e7.apk,60,73,60,73,0,0
34da85a9a72b282776d3fdd541412fb7.apk,15991,42580,6412,23109,9579,19471
3a088d37e35cf6b927512945f64b53a3.apk,60,73,60,73,0,0
2f4fa9ab92bcf34fb0c9a5a3071b5976.apk,60,73,60,73,0,0
3c7fd662564bb92e9266642028488710.apk,60,73,60,73,0,0
3b43a70f078118db7626c9748703f2bf.apk,60,73,60,73,0,0
2d603154505cfa466147fa235db0cd02.apk,705,983,73,90,632,893
3ba5fcd4cc19f1128237b8c46aea84f5.apk,3312,9040,1125,4025,2187,5015
3ad1c1607aeb2b6161859ccccf774c58.apk,60,73,60,73,0,0
304b4e68e52f7e72e4e2ef3cdcb30a0b.apk,4098,6599,136,250,3962,6349
35db5b3a8903d94315afba2ea080b3d1.apk,60,73,60,73,0,0
2c80a8bfb8f865840f519d81467fbbf3.apk,38956,85811,5559,16120,33397,69691
3210104d182358de33680490b17dd00d.apk,60,73,60,73,0,0
34a010b6ba43a8df26935ccc045990d8.apk,6288,14238,268,356,6020,13882
3d232422c820c4b79241b66956ff6eb7.apk,21755,41071,2935,7998,18820,33073
409b33f9998b471382c62039be7d419f.apk,3187,6134,81,105,3106,6029
2f710f05dfe5e712f0d2e33b2ba98f47.apk,2575,4688,409,726,2166,3962
2ba8d8cc7acf25227c193d98b2e0c577.apk,60,73,60,73,0,0
33870d9723daefd0e468db4298c02363.apk,24430,49719,3822,11014,20608,38705
3c0b61b94dc6120cd9f50d67f77933af.apk,18818,42694,5938,19812,12880,22882
3919f63e04a15a126e275121fbfd311d.apk,14444,20115,257,389,14187,19726
36bc91eacd8baacfd9f37a98354b9ac2.apk,8875,23715,4065,13655,4810,10060
2baa954053cc664024421c868e7d954a.apk,60,73,60,73,0,0
339ef7ac4a8c83abe981a9a113bbd4d1.apk,60,73,60,73,0,0
32dc9242b686a05f9f719daf4be20e2a.apk,12,7,12,7,0,0
3fa7fc3ac3d363bfefd638c9923f241b.apk,3352,5410,268,417,3084,4993
38627a3dad582957f3e91e28a07e3e48.apk,201,372,113,189,88,183
3ab7b6a0f1aa7d678df54982245e7286.apk,60,73,60,73,0,0
36bc453edb5fe62ee1a2097afee135a5.apk,62,75,62,75,0,0
3659258d4fdb0114d9b372bd4977252e.apk,60,73,60,73,0,0
2b70be2c617fbd4058a2e46668c1064a.apk,60,73,60,73,0,0
2ca4154876711f5d9e64ac289b6c486f.apk,1565,3977,962,2580,603,1397
2bf88530d18ef5ae575de8e114f8c49c.apk,60,73,60,73,0,0
364e5b23694df2d17fd691d03d942ab1.apk,15932,34213,4758,15187,11174,19026
2d8fa091e6c203ca7e0cefed21c6d417.apk,60,73,60,73,0,0
2d2269c91e7e900daa99ce550ae25785.apk,27692,55366,4255,10504,23437,44862
2c71cb89a8126a8ddefccb991d78fee9.apk,24436,49727,3823,11016,20613,38711
34336fa520d9570168f5d5b2093467b0.apk,60,73,60,73,0,0
3f51cc3d48952ce109810069acf056a4.apk,3939,8650,1564,4145,2375,4505
3db9bab726e1bc0970714a9b2e3cc6e1.apk,112,135,112,135,0,0
3648f518baed2494ff114b079dd49e5b.apk,11530,30545,4441,15478,7089,15067
3c0a58d4dbc1a0376b7d9ef2f7b048dc.apk,60,73,60,73,0,0
3e5b0c4e7cd5cb02d61ba274a3021fa8.apk,42009,96478,8049,22266,33960,74212
2e42605f34a5b6121e3ce9518b8faddd.apk,1476,3347,815,1900,661,1447
2e426a17cd4dd4c7ed6cdca9537f4d90.apk,40,34,40,34,0,0
311a57d3b0b5af2d58a3b5fd03dafe91.apk,13038,31049,4794,14805,8244,16244
2d148d46f21ee96db32f11e7cae0fa8c.apk,60,73,60,73,0,0
2d3c965c316d85eb95fa0a7f3d5cbce4.apk,60,73,60,73,0,0
34a44031d845f180ad95f391a3dd8bc3.apk,21755,41071,2935,7998,18820,33073
2d3809d0ee53106847c070fa8505aaad.apk,1645,3227,438,758,1207,2469
2b9a528193ddd73a7796abd40ed3a4c3.apk,21755,41071,2935,7998,18820,33073
2e0405a7940889c9655453f7d03a2c2b.apk,60,73,60,73,0,0
2f06504078b11b228e69cae9f34d6af0.apk,60,73,60,73,0,0
2d3ccb419a453d0af31f7259e920dee4.apk,18923,9008,280,414,18643,8594
2f5aa5549ea8e59fa8182e1d0270e41d.apk,21755,41071,2935,7998,18820,33073
2dd97cbf5767ab709a30576935c4e139.apk,14938,32757,2736,7636,12202,25121
2eddb55155dac1020dcb56a95189acf5.apk,17303,15087,234,332,17069,14755
3ff4f6797afa8f69e570c2d74046d514.apk,60,73,60,73,0,0
3b12acd74518e6b712dc7f8178717652.apk,15602,31590,2443,6032,13159,25558
3e29c37bfd2e07eff69ad21ef4d83949.apk,4563,9185,359,575,4204,8610
3b54e9b56b7464ae7d734f7a7ae4f38e.apk,60,73,60,73,0,0
3afb10828441be3a4089643fc0561f29.apk,60,73,60,73,0,0
3d679857cc1dddf5123d7ad40adad59d.apk,13,8,13,8,0,0
3f75696e1e16203dc05a4488e31ec1ac.apk,60,73,60,73,0,0
3c162dbf8c94fe796b73361d0a9d7726.apk,60,73,60,73,0,0
2dd9a3efc2e9e856a3b1c0029f8a4d47.apk,3414,6313,70,90,3344,6223
2dd5eb46947bfa434e4bf3e368c37dee.apk,60,73,60,73,0,0
3f87977f9992ddb1bc9893a065670876.apk,8214,21709,3735,12442,4479,9267
2c71065c0dedc87774cde7edcab480ae.apk,12016,22617,2185,4454,9831,18163
3e034e7ade37db0ded29635111d24ffc.apk,60,73,60,73,0,0
3e536e7f36eedbb5aa5598c5ca7fec4d.apk,118,314,118,314,0,0
3d52d2b9535875b8114bf0dff9865571.apk,60,73,60,73,0,0
2f3e6644564546374907d06095e138a0.apk,60,73,60,73,0,0
3df4d5ff1e8fc0d67aea9d077fa22626.apk,60,73,60,73,0,0
2d87ad8a0db58d5e0ab1e73cd5c274e7.apk,684,1654,297,798,387,856
38bba505fa7fa9456744d70054af3e8d.apk,6288,14238,268,356,6020,13882
2f160ed2e93edb30b0f552fbdc2916e9.apk,82,70,82,70,0,0
3b5254e841c6b20accf18d04aa2f765b.apk,721,1051,38,37,683,1014
32c0b628307e33d9f4cc56e30bcd418f.apk,72,86,72,86,0,0
3a51099ea515ce7fb1eb1d62af916bf0.apk,60,73,60,73,0,0
366cfc146370d6a2a92a0c06433abb45.apk,2267,8848,1325,6145,942,2703
37a060eb3cce65ddbf4eac4cff025baf.apk,6100,8711,431,739,5669,7972
2cc549ba73f381feb22149d9a308d04f.apk,60,73,60,73,0,0
3b50f6e3704aaafd4ac530e2d949f645.apk,10751,27774,4121,13721,6630,14053
3ab7d78f6766c0ae7538dec8002879ea.apk,60,73,60,73,0,0
2f3c6dfedfcec243596e0fe8978dcdf6.apk,14444,20115,257,389,14187,19726
384007d1c1b326487c94bbe7285c51f2.apk,21755,41071,2935,7998,18820,33073
303638690445dc8dd846d92123ef62b3.apk,60,73,60,73,0,0
38186e509fa35c321b2f0d135062650a.apk,8546,20078,2319,7327,6227,12751
32950ef14d229362e5f59785dffdbc2b.apk,60,80,60,80,0,0
306772e4a3571b0d7193c1bce71de538.apk,14444,20115,257,389,14187,19726
40b09fbe4835ea9dd8def0d9dfb80710.apk,12,7,12,7,0,0
2bdcf53512c61894977156d98cf0c354.apk,60,73,60,73,0,0
362c386a2b6549109718cc38dd456630.apk,7567,11521,749,1379,6818,10142
3ed84caf2fe7a9a5da4797703d75b1a0.apk,541,943,389,685,152,258
33833e9175ee8a136e4908292b0a649b.apk,5444,11522,1381,4132,4063,7390
319756068f0e9c053f37e096394a35f3.apk,1319,5126,952,4022,367,1104
2e55adfce27b89672ae7790cf205224c.apk,8642,14957,1175,2784,7467,12173
3e540ffccf7d6afd74747407b87ca94a.apk,60,73,60,73,0,0
366518cf0c55e61a488c955e9e71fc03.apk,16713,37955,5323,16310,11390,21645
3a6ffeeb90b9b5b8f3f86c9140a20206.apk,60,73,60,73,0,0
3b0f5e4de59d67047910f62982cdcf82.apk,40100,88111,7988,22403,32112,65708
333180e94f0a39cb9cc2088c16ba0c5a.apk,7567,11521,749,1379,6818,10142
3d9b1549dab2aa969d89c1dae4ec8120.apk,60,73,60,73,0,0
2c6ffe9129e517a32e0430fd2dcf5ad4.apk,6288,14238,268,356,6020,13882
31d0fe574efc8a53a22084287945ce98.apk,128,258,128,258,0,0
31db82425a82e5242b7cc5f1d68141c3.apk,60,73,60,73,0,0
39a32f6d41f0304a66f2b776a45e5989.apk,60,73,60,73,0,0
3757e2ee16306cf6d67954e906297111.apk,40,34,40,34,0,0
38c687fe91077b59f93f95e2f7e17bf8.apk,9482,26249,4446,15408,5036,10841
2cb237b52ac429a55920b8f227c59f08.apk,60,73,60,73,0,0
3d1135a862d5f3bba90ae01019eeb584.apk,23969,57441,6596,19081,17373,38360
3a15f7bd940bc0d022d1d6db26b32f5a.apk,12884,30486,4684,14304,8200,16182
3a894328978fc07e485a9f79eb49143a.apk,60,73,60,73,0,0
3cc1ad10c345ea93616d7bba3ff06df2.apk,966,1556,341,649,625,907
2fb4fa5d07a892ae207a6c15cfdc0566.apk,3488,6427,82,107,3406,6320
3baa097b14332b361146768afce741b1.apk,66,32,66,32,0,0
3b026d8970fc5f3296c0b6b4b2d21dee.apk,3939,8650,1564,4145,2375,4505
3dcb9b9c6a2425743be5406dc7344601.apk,60,73,60,73,0,0
3f15ee6a38e3a2893cd195275c76944a.apk,60,73,60,73,0,0
2ff49dc599e95d4946f5be45638f887a.apk,21755,41071,2935,7998,18820,33073
3d3e93cd74e567e7e12523704fe5931d.apk,60,73,60,73,0,0
3d7e124dc1575c53f198c69571eac1f6.apk,60,73,60,73,0,0
407ec34bc689914c1e6da56b0cdd555c.apk,60,73,60,73,0,0
3ea1f63eb72e0cf55f239424af68887c.apk,60,73,60,73,0,0
2cbc87282c4c423b914a9a8f5abb9961.apk,60,73,60,73,0,0
2f280e412268aa920203cfbc63cb27b3.apk,60,73,60,73,0,0
34e1771b78e0d185cbde0d709bece836.apk,43549,91626,6307,15681,37242,75945
2e32bb9fd85859128a40deb761b5b84c.apk,2292,3688,351,565,1941,3123
400fee49fb247c28c42a5960d75293f8.apk,3939,8650,1564,4145,2375,4505
3b86af45d8cb453485622566164f138a.apk,60,73,60,73,0,0
3e274e5816d3372d344ac8c2b12df919.apk,60,73,60,73,0,0
3ce2ba2c0906ae2933013d3253bda7db.apk,138,180,138,180,0,0
319eba627761088ca86c20e06887e078.apk,60,73,60,73,0,0
3c8c6404168c724bc72370f93cb48f87.apk,60,73,60,73,0,0
3e26a1363ea8f990f4dad000c67e8cb5.apk,60,73,60,73,0,0
3daa80a3790bb8e4186b44c4d3a4d942.apk,18978,34837,3304,9937,15674,24900
2dc929e94e9fc6ff99920ed52d28d2e9.apk,60,73,60,73,0,0
3aaa48ae8d9270ff5e4fb8686a749c9e.apk,60,73,60,73,0,0
3c76b8e09a3000c35d5f03c7002d8a60.apk,42958,84128,5487,13515,37471,70613
307e9fe072918571564d89ddcca3db89.apk,10270,20616,1737,4474,8533,16142
3acc0571087213910de3fb715e2b396c.apk,60,73,60,73,0,0
37d03c06fdb4a803dc057462a56895f4.apk,60,73,60,73,0,0
3a767e32d2c82d273a952cf290ce5464.apk,6796,16941,3423,10150,3373,6791
3eeaa3dedb4983bfd3d8d0e816863d6b.apk,8214,21709,3735,12442,4479,9267
3ff14dcf22a0dba69c06a2da8c15306a.apk,2386,6340,1079,2833,1307,3507
2d744da850fa3e1e1e44dd7d7766b679.apk,1414,2874,873,1964,541,910
3d9f4f50dc2ecbfb064348a102c1ab35.apk,24611,56862,6490,21997,18121,34865
3acd87fabda8c995fc30f5d5a7e652f8.apk,60,73,60,73,0,0
2da74357397f78e11e610b61d16a5956.apk,9482,26249,4446,15408,5036,10841
2d334be151e508790c1804a6463a485e.apk,60,73,60,73,0,0
3b1fdda7209a6a9c6e3113ba057cc8fb.apk,60,73,60,73,0,0
35560f1fa92ee636ebbecbb84ffd15f9.apk,258,404,202,348,56,56
2b88b48a9715252ec7bba6bfcd320b41.apk,60,73,60,73,0,0
3f5185ca5fc134fbb490e92c9c87976b.apk,60,73,60,73,0,0
2f3f23571ecc5c8c89aadc5f1aef7902.apk,5310,11500,1628,3689,3682,7811
37c308502282efb4c48c1a52176f55a7.apk,60,73,60,73,0,0
316191985cb7fe678b1aa1d96f59386f.apk,3770,9151,1658,4347,2112,4804
2c45784c75c61df9d1919cea6c5e22e8.apk,18978,34838,3324,9986,15654,24852
3a597de1dbf17b820df67fa3be2d3d34.apk,60,73,60,73,0,0
36fde8d2280a9f28b32c27f46fc4b5a2.apk,12271,30595,4579,14715,7692,15880
2da723ad2be032f62fffe004e191f3ac.apk,31082,69817,5508,17014,25574,52803
3c3a00f77e40736c92a335a454a91c7a.apk,60,73,60,73,0,0
3eb8f1104c89f01c2fc5b30be926c348.apk,60,73,60,73,0,0
3bd80bb1a3f6162c5c0346075ec9f4f4.apk,62716,134389,7357,20985,55359,113404
3a3b14de8389da1be1488237b34ca2de.apk,60,73,60,73,0,0
2c346faf61cc33f15954664fa9699a4b.apk,60,73,60,73,0,0
35d72332fc38b598caaf0a70a3f45e11.apk,42731,91756,4539,11066,38192,80690
3e8aaa042172ad72f5a688ef49f46c40.apk,60,73,60,73,0,0
3e21c94991a8f756734a19b3032dc99b.apk,13456,34058,5289,16926,8167,17132
390de19427cc0a8280f1a06ddbab6459.apk,60,73,60,73,0,0
3e3e4f6916e3fb57b36383a0fbe33de8.apk,60,73,60,73,0,0
3ab4d2c86e2513a2f4d9826c0565fd9d.apk,60,73,60,73,0,0
2c572212f0e32f116ba48f4f49cff97b.apk,60,73,60,73,0,0
2dabce349c5056da9033773b9afb9d16.apk,60,73,60,73,0,0
3c2c7e658529df9bf10380c53cd0a3d0.apk,60,73,60,73,0,0
3acbe6fd1823cec77547fa83e822b7f7.apk,5076,8163,123,200,4953,7963
2c10d2daf661a4765207c44175d03d60.apk,60,73,60,73,0,0
38901bd3406d33335142d530f389f3bc.apk,13,8,13,8,0,0
2fb669a60e93350a52bc61938d9a37a0.apk,60,73,60,73,0,0
3b0ace0d0b76cded2ef6a64a2678bdbd.apk,60,73,60,73,0,0
2d9e2445bda225cde83bc8430290a545.apk,60,73,60,73,0,0
2f975da0637d4a28fea7ce71cf95f635.apk,138,180,138,180,0,0
349d7c7a0c0466cc8d3d6e10f9096d54.apk,13,8,13,8,0,0
3a929ceec5c6b8492d31ac0ba0270fef.apk,60,73,60,73,0,0
2bfb4b96fb00e4bd3ae5a74d523439c1.apk,33194,73914,4900,14094,28294,59820
37e8475e0c80ceef0e41137e30982c43.apk,14938,32757,2736,7636,12202,25121
3af4b5e2f00946c89668a321bd72c97d.apk,60,73,60,73,0,0
2bafde7bf452cf9f6ac9f7d85997633c.apk,40456,82895,5849,14129,34607,68766
3e0e15d5719ba543970ce84abc29ac8e.apk,60,73,60,73,0,0
2cfc42b4e854072b90d8d61583f5001a.apk,60,73,60,73,0,0
2ca6553232d8916ed3a380cb284aefb9.apk,60,73,60,73,0,0
3d8096221614bab46ec70b5d11167f78.apk,60,73,60,73,0,0
38cd7f67748428da27a84a059ce2c19f.apk,60,73,60,73,0,0
38b50d4bb349e77efccf4f765e3f8cf2.apk,12,7,12,7,0,0
37d34d05b68ffe757b85bc60e6978fa6.apk,60,73,60,73,0,0
2dcde7f9e1863450e0afe403050d1ec7.apk,3945,8655,1564,4145,2381,4510
403c9b8e5b9a8f72c053ef9fea7bcadc.apk,11722,27811,3229,9270,8493,18541
3c26c47bc5f0a3cca1d3ccb1ed907c67.apk,60,73,60,73,0,0
3da1b99858404acbaa9f6cbd10f55e3d.apk,60,73,60,73,0,0
385b48ac6b241c1d7b6cdbf74fd6acc2.apk,24430,49719,3822,11014,20608,38705
3a65ff55713765e4c2790a25e39fb211.apk,60,73,60,73,0,0
3e416963074a6d6c896c8ef9c7b6f121.apk,35281,67797,5680,12684,29601,55113
39a26c6ecd94114ac6552bc6329f87cb.apk,8214,21709,3735,12442,4479,9267
410bf064907968174e787df616270ed9.apk,3376,6805,1030,2043,2346,4762
38971ce430250af7c94e3dd83643cf9a.apk,74,42,74,42,0,0
3f7eeb23880aff7a9023b200278a97ec.apk,147,99,147,99,0,0
304d26cf789e286a9fd04ffeda20d1ab.apk,60,73,60,73,0,0
2cd4d3b771c8c46e64552540b10ef584.apk,60,73,60,73,0,0
39603a23cfabf809b20d71d0115e93a0.apk,14444,20115,257,389,14187,19726
303f94e8f2a8485f98b9108fa8a25020.apk,275,341,82,95,193,246
3d09e90b29879df044df341b8223fae3.apk,5935,11968,473,887,5462,11081
2ddebbe56d60d0c3cdb282f0652aa28a.apk,23052,39451,1635,3154,21417,36297
3d0bc9d157f6a997e9deeb9960847e34.apk,3317,6257,86,115,3231,6142
37fa3e80f9e68ccd99ff06fd3d32d176.apk,5989,10214,871,1737,5118,8477
366d0ce19ffa366540cc1d35beeed3f4.apk,3790,8456,1426,3305,2364,5151
3ef8e0a0f40e721166d0ca6dc29d5a84.apk,76,107,76,107,0,0
2fda4ae816b08e05e8cbe85c757adb3d.apk,60,73,60,73,0,0
3d222bdac18a555134b0f30cde9998ea.apk,60,73,60,73,0,0
2b6c6e0cb59d2cbdbc8d1f9b59384507.apk,60,73,60,73,0,0
37b725ed09a027a26119fd486e2e1065.apk,30740,60343,2730,7515,28010,52828
364535ecc05c55114adf46be19761384.apk,1351,2462,1351,2462,0,0
3e3eaae761f34bfc9806cdec55f9a48d.apk,23274,53583,5743,19973,17531,33610
3e3e58cc0ef1d8dbbea2ee10a1acfeac.apk,60,73,60,73,0,0
354f69ca122247ef82abcfb77435d100.apk,40,34,40,34,0,0
2da7d7a91fb0fd893c131b7a4287fdce.apk,60,73,60,73,0,0
3a43e9dec38b7f42045c719c1709e404.apk,60,73,60,73,0,0
3ad495c0f1ef3e7f7f6f351309406dc2.apk,60,73,60,73,0,0
2ecc76212ecd31580d9777858586861c.apk,5601,9615,146,216,5455,9399
3dcef04030de80bf93b317ac645b1806.apk,60,73,60,73,0,0
39a9db8461439eed3d315b19e3d907b9.apk,19385,50827,7946,26310,11439,24517
3d4df051fdda9b0492e1868c3ca926de.apk,24611,56862,6490,21997,18121,34865
3181f6e14acf5d3cd4b3f555131a1995.apk,6284,8400,314,413,5970,7987
34f84c0999fb98c30884201897c29eba.apk,8214,21709,3735,12442,4479,9267
34de3bf86a91e74c86980cb2349a5113.apk,60,73,60,73,0,0
3c383a8d9fa2315478ae830b5be0a329.apk,24430,49719,3822,11014,20608,38705
2c3cfd337953493371a8ff1e61f4120e.apk,14444,20115,257,389,14187,19726
2f82c0a684cbf33e270eec29c44aceef.apk,60,73,60,73,0,0
3165c04631dd21052d87e7470b2ec5ee.apk,9062,18513,731,1460,8331,17053
2ddb30b858a47f08f6853e1357e25701.apk,60,73,60,73,0,0
3da24c0a1105b9a034d02fef7417d93b.apk,7536,18662,1785,4665,5751,13997
37fc448cf20c713ad70d943a9fd56324.apk,3939,8650,1564,4145,2375,4505
2c31754506b45724a3129f62a0c4103d.apk,8875,23715,4065,13655,4810,10060
3dc793226e495abab31f73db7c54af6b.apk,13813,22375,288,413,13525,21962
2f431ed19428df605dea58bb3f096352.apk,60,73,60,73,0,0
2ba0d25b9d34c7884e471e33f45c7ef7.apk,7218,13636,1107,2225,6111,11411
317514e4fcdec9a9eac09aa9ccbbbce6.apk,988,379,95,121,893,258
3cc42c9775a7c3f18e1ee5fcc9adf7e1.apk,60,73,60,73,0,0
2bd0a03c28583d01e03cd7076bfa2ed1.apk,60,73,60,73,0,0
2bea5b20b56fd14364fda3931d80d57a.apk,80,48,80,48,0,0
407a7913f31edaddb0e76a49ebae3f24.apk,23027,40993,2541,7425,20486,33568
3dafb6ce2750c7bdbff99860ea5e906c.apk,14444,20115,257,389,14187,19726
2d158bcb9958cb0c408e8b5227ed52e7.apk,19385,50827,7946,26310,11439,24517
3dab156ad4fc5d673ea5efdb0ecd3062.apk,3701,5977,83,144,3618,5833
368f98dc123665651ba5f24209c66330.apk,8453,23075,3842,13170,4611,9905
3660a50acbc670c230e87c3272af37f6.apk,60,73,60,73,0,0
2fc0989ad76c22f9dd1ac76c46447d18.apk,12,7,12,7,0,0
2bb02aff39e1079641e63e5c95bbe8e3.apk,21755,41071,2935,7998,18820,33073
2d700d40ff2c83e9a46064c7f4dea3a7.apk,40,34,40,34,0,0
3889d90dc98c0ec4c96a61849a2625d0.apk,3939,8650,1564,4145,2375,4505
2bab57c268878f7b10b9b7d3643c858c.apk,7436,20213,3543,11763,3893,8450
3f34c7a90e6ae0f1b700edf77530a887.apk,2316,6053,1488,4140,828,1913
2c976132273b0d9efdaa34ee206c1277.apk,60,73,60,73,0,0
356308a02fe96a66ae059aee02ba051c.apk,60,73,60,73,0,0
3a2c5acc66beeb67c0204a897846a469.apk,13475,32916,5162,16371,8313,16545
3ef1d7e70742ee3deb45f32e23921926.apk,60,73,60,73,0,0
39ba05c1ad28355b6b40d8890b493406.apk,12016,22617,2185,4454,9831,18163
2de61ec38ef247cc053bacd17b17a867.apk,16528,30956,360,530,16168,30426
3cbd1168edea01bab26a156172eb1f39.apk,60,73,60,73,0,0
2fc10464cabcd4ab2d5661187c7c7763.apk,45052,89259,5831,15874,39221,73385
311b1e0f44d5c75d6057584c70e387ca.apk,36091,65965,3779,8626,32312,57339
3c52cb21837db03b1a29b492da867a11.apk,60,73,60,73,0,0
39abe3e08017f787a29e1147791a9533.apk,27521,48864,977,1597,26544,47267
2c248d771ce5429851d928fb160a4cd3.apk,60,73,60,73,0,0
2e6c8f17e0a2c5e3663fa3033bac4978.apk,57,97,57,97,0,0
3dc4fee4140e9799b2ddfc5b6375cc9c.apk,60,73,60,73,0,0
3de93919ae26a83d6cd83d6dfbe4daf8.apk,60,73,60,73,0,0
3d2898cc87cfebf712b4fc4fcd1e1b77.apk,887,1333,230,317,657,1016
3b6988f8945cc3180df2fad2cd0e48ad.apk,8875,23715,4065,13655,4810,10060
2dabf436e8895062cd0038847ba9fcee.apk,40,34,40,34,0,0
2c22634c41a8f14a8618c9f03a151671.apk,17059,46689,8162,27161,8897,19528
3571b2dee7dca152d4ad0c7c01b12578.apk,21755,41071,2935,7998,18820,33073
2fdabe30bb7d4433e02b82eb82fddf03.apk,3422,5553,261,386,3161,5167
38a7480765dd001551b73a1bd512fb72.apk,3527,6465,80,110,3447,6355
3b7a301e654dbec8e5db04168fad86a9.apk,24430,49719,3822,11014,20608,38705
3aaf655791835e3fd834c83d685db3e4.apk,60,73,60,73,0,0
2f0be18b73f24f9a1e77e469530a8104.apk,3303,6262,90,123,3213,6139
4024a7d58893256f140a776b45c55eeb.apk,57491,125629,13711,37628,43780,88001
3b91b793d4caee36366216d8ab299534.apk,24430,49719,3822,11014,20608,38705
3f6287f594a15d1133c60dcdec40f318.apk,60,73,60,73,0,0
3d0db87ad584d131ab7c93490f28d0e0.apk,60,73,60,73,0,0
2cc6070eabf7daea2d8237ff5fe3008b.apk,60,73,60,73,0,0
31eca4239537a14d48d05ef2bf5cc5af.apk,28110,57011,3217,9343,24893,47668
3d69c93e6ae51bed9e1d1a83c72fcad0.apk,3199,6155,82,107,3117,6048
2e877ef5554af082c96a9f55178afe22.apk,60,80,60,80,0,0
3e9a6221e65a1be9eb144f8ed09111bc.apk,60,73,60,73,0,0
3b0f8f9c6163f2eaee8d717e7c00ee9d.apk,14545,26374,2146,6361,12399,20013
2d9dbbe23fd27743816105f887f29e87.apk,13041,33838,4872,16037,8169,17801
3e2e53e42e9de30ff5f12e64032e6ef1.apk,14444,20115,257,389,14187,19726
34e8c95617afd044ccdce4d92d006426.apk,98,118,98,118,0,0
2d30aae19bb6d3c76e652673fda0b31a.apk,696,1007,38,36,658,971
3f37df72340c9b032813673871dcd938.apk,60,73,60,73,0,0
39bbf541909b01b1767846d34b15c9da.apk,60,73,60,73,0,0
2ef24636ad906dbfa370c68a19f3fb2b.apk,24436,49727,3823,11016,20613,38711
392e1a4cdc4ee8f2225d435c282fc71d.apk,1748,2999,746,1370,1002,1629
3329325289a1ad3de9c08481e560e00b.apk,156,99,156,99,0,0
3ab476bccd4fc6dec25e161db2ff004b.apk,8519,13441,2498,5086,6021,8355
3574f3e8d715720a2bdc551870451925.apk,3242,6166,67,84,3175,6082
315c15ecc1e653a5e87fab36616e4c05.apk,8875,23715,4065,13655,4810,10060
3ca067f36a1588fbac830c28032e64f7.apk,60,73,60,73,0,0
35ae930fa6886c77711f75e894970e51.apk,21755,41071,2935,7998,18820,33073
34c892e02a9f70f17c44385303008d5e.apk,13475,32916,5162,16371,8313,16545
3f76a3c5f2cbdcdf2078b620ceab1fa8.apk,15854,27285,2309,5440,13545,21845
2fb7086f605ff45a074dce3bc31c17cc.apk,14938,32757,2736,7636,12202,25121
2cf74b2ed21116cae3415249e4c95f6e.apk,7218,13636,1107,2225,6111,11411
2c1dbe6a19bd6a2ea0fa2966c79ed3a8.apk,60,73,60,73,0,0
380fb45f049bc65d8f038311ca12f16e.apk,60,73,60,73,0,0
3ffdcff4000cab62ca6b0a15b5d36d1d.apk,57,89,57,89,0,0
400c82704c26e22dae718c505c1e5368.apk,60,73,60,73,0,0
3d76458d71953e341d78bef06b30da34.apk,4837,6272,35,36,4802,6236
2c921b2c672de1af8ba54cb1cb28b509.apk,8875,23715,4065,13655,4810,10060
2d83ed5c60a3b483a9cb75b4d563d05e.apk,138,180,138,180,0,0
2ee349f8087c8a69db101c4086460e14.apk,46,49,46,49,0,0
3ce72ac07a8342b0ed492be902226c85.apk,60,73,60,73,0,0
3c8535ae05a4c94c51fe1f1468d5ce61.apk,6288,14238,268,356,6020,13882
3a015db51531d6b73ffcd9e716a6c1ea.apk,60,73,60,73,0,0
3c7bbd790fe16f8ee93b8eac0132ac1d.apk,60,73,60,73,0,0
37ff370202bcff3aebe451c3db41d53a.apk,7436,20213,3543,11763,3893,8450
2d61b0ea81c4b5765b8c2ef49edcfd57.apk,3545,6456,100,143,3445,6313
2bb7e2172479e5f9665dedf06ec3ab66.apk,3916,8524,1546,4032,2370,4492
2e54b978894315d9aa6e9bfad041a0e4.apk,6288,14238,268,356,6020,13882
3bbd9292f603272b4db83f5e24e83d29.apk,24436,49727,3823,11016,20613,38711
30a038a6b16a2d513507ab86a365e06f.apk,13855,35148,5650,17956,8205,17192
3be7f0f1d5d005eca34e0594117a3cbd.apk,60,73,60,73,0,0
3e1deb386d2ef97c726ab15ac647ef08.apk,60,73,60,73,0,0
2f0fbd3b787bbf19b932f766c99c31e6.apk,62996,139220,11976,40048,51020,99172
3e94f0cfd79ac6f3fa06a677d4bd7e6f.apk,24436,49727,3823,11016,20613,38711
2f1c6121970dc097a2df71089ba9a2c6.apk,1643,3224,438,758,1205,2466
3ebfabd851684a3a77bf77398d531880.apk,13,8,13,8,0,0
3bdee8b1ccb3dd4985f0dcb932ca80fa.apk,60,73,60,73,0,0
3b5cd4f28dca5bc8fa3e809d2273f157.apk,60,73,60,73,0,0
2bd2d870594570adee660dbd92b3adb3.apk,60,73,60,73,0,0
343f227d691c089dafd1651f9411641c.apk,15686,27792,747,1181,14939,26611
3a9c9daddfb71a2aa5cf8f8b8f989388.apk,56349,126495,10616,32022,45733,94473
3b06fd2386064c18292721cd521c7784.apk,11611,18779,1515,3745,10096,15034
3ec01daa1dfba4da06beae27d8f2e1f2.apk,60,73,60,73,0,0
3ab1e6cca2b22fd2ecb9c4daf1374658.apk,17734,45397,5883,21040,11851,24357
2962fe849581b22560ae81ef7e6b1e7d.apk,42826,74935,4156,9028,38670,65907
2b2d30b184e0f65f4eb07e7ba1c9104e.apk,60,73,60,73,0,0
1f26d9c0d1b2248334f0dd89f0fd8cd9.apk,2575,4688,409,726,2166,3962
277b95bde70c84c26180f7606cae1f21.apk,5409,14528,1913,5749,3496,8779
2a1dad43b600d0d127db5cbb217ccb24.apk,60,73,60,73,0,0
1efc124c22189c9d419d47b388eedca4.apk,60,73,60,73,0,0
1e0d672845b44417c0097de5bd26c90e.apk,60,73,60,73,0,0
1bf185dfa3131e1730e6529f6831baec.apk,57821,114888,3764,7846,54057,107042
2a754b2e2f222e2567ff4bd048d52cd2.apk,60,73,60,73,0,0
22385449451174096a197779ff9f2993.apk,158,99,158,99,0,0
1a86eb4bf7aadf1922f61bc7e8523f37.apk,40387,85131,6921,20022,33466,65109
1ec841637edca955c23e651f5686b6ac.apk,119,125,119,125,0,0
1ec628362999214563c0c3ec3cab4f9e.apk,14433,25579,2605,5804,11828,19775
1f595c6a14dce24c7bee2ff51d76e23a.apk,10398,26647,4763,15666,5635,10981
1f3684dd703e28bed7945cff8ff7ad9b.apk,112,135,112,135,0,0
1853c53f944e2bbe505efea51da139f2.apk,9482,26249,4446,15408,5036,10841
1b63a7940b94c2a662ea6a7696cd88b4.apk,60,73,60,73,0,0
1bd341db665491495e96f4748d4b7813.apk,60,73,60,73,0,0
1eae16f8ec616ff4971f4dc725a16e34.apk,60,73,60,73,0,0
2b07214dfdca5d7a2aea0c4614fbd09e.apk,60,73,60,73,0,0
1f83ec2c977f5411f501e5c2d818b566.apk,2267,8847,1324,6144,943,2703
155fa46ccc6c75f3fb8cf180498f5781.apk,13,8,13,8,0,0
194bfa5b50d1b8d79ab66e96b56f3ca8.apk,42,39,42,39,0,0
2b5ca709d75e81159989b67d677e467c.apk,60,73,60,73,0,0
2af2fac2401cd410ea96ec1bdbcccab5.apk,1170,2746,528,1302,642,1444
1d4b98737136d9400a17518512e90b6d.apk,6433,22511,3693,14083,2740,8428
190969e3d95899b3ad0845e97b691f27.apk,8214,21709,3735,12442,4479,9267
2b613e36b8aa6391be6ace23d2d6793f.apk,60,73,60,73,0,0
1d31d5ae87d1dd301273b878cb618b40.apk,60,73,60,73,0,0
2776d82b3188f6a38df2c71159cb0286.apk,60,73,60,73,0,0
1ae16d9a347ef74788f20765f9089e9d.apk,13285,25856,1204,2198,12081,23658
1bfb743e1f9cbac415bca424e098a31a.apk,60,73,60,73,0,0
179bbe662da140c706b15749e7292f79.apk,19385,50827,7946,26310,11439,24517
2333123d99d1b84d0ac4f60474b07d8a.apk,5258,910,5258,910,0,0
24dbd59466a76aff004ecb94560a676b.apk,343,548,200,302,143,246
288ab4126e3d776d3616974ea3395fd4.apk,13475,32916,5162,16371,8313,16545
2313b13047ccfb2b405c72946563f194.apk,9482,26249,4446,15408,5036,10841
1c6f9beaa384ec1778ccf7491993b70b.apk,9837,1184,9837,1184,0,0
18f8dbd7e73f350b9729600cee6e8d50.apk,1645,3227,438,758,1207,2469
1a45dcb3dce522b02bb1c06eb0e1eaf4.apk,14950,32474,2796,7719,12154,24755
1bb4861cf688c3dcc8a921b00758a442.apk,31426,73315,2784,11371,28642,61944
2b1a8a3d9766ac829c46238d8da8c514.apk,60,73,60,73,0,0
1d27ada64ab34fb5f4d5cfe047796547.apk,60,73,60,73,0,0
261872433c37a4d337ab831086d22097.apk,60,73,60,73,0,0
1f03941e80ce68828159e09aacfb4241.apk,9482,26249,4446,15408,5036,10841
2a5ceaac733d450a0728d85ec8beaeda.apk,3518,6448,96,135,3422,6313
1d80ea5e1df1b2ab6d2cf185447fdc34.apk,17754,45284,5868,20902,11886,24382
1ee79c43349054a887d64a43f0a7aee8.apk,3939,8650,1564,4145,2375,4505
2ad97122677ffb9e93575d7ae7162869.apk,33194,73914,4900,14094,28294,59820
24221c0c27c33b4642ca759dbe86f14a.apk,41780,90919,8300,26166,33480,64753
1e2075baa232b87e7c243850ebc9bffd.apk,3677,163,3677,163,0,0
2a56ced7f215ce25d405275c4f0630a2.apk,19721,42290,2982,7593,16739,34697
24194ddfd053be63c0092c9c82e3a70e.apk,21755,41071,2935,7998,18820,33073
16e776b7e2f6f5efefde9580ceef708a.apk,24436,49727,3823,11016,20613,38711
24ba57597a20002a551e7ee03b8b052c.apk,9976,13047,294,426,9682,12621
1a7ef1c6d882b25105c2ba85dfb8e641.apk,60,73,60,73,0,0
2552adad1dc8dcaefc0e0230c0e57f3a.apk,91,122,91,122,0,0
1506f16e112c0e7b437716e624b47ca9.apk,138,180,138,180,0,0
2ac9ee43b8fd6237b25a44bac9480ff7.apk,5852,12318,1382,3088,4470,9230
1c41da04ef2a7c29bf374fa58d542eeb.apk,60,73,60,73,0,0
161ac7c4bc01f7ea96b05b2f4c113ba2.apk,60,73,60,73,0,0
1f65eaeeda0a765bbcddee1935c40133.apk,60,73,60,73,0,0
2b392a57f13568f64d7d2c52b75b0647.apk,60,73,60,73,0,0
1d645cbc9844c70e47e7182b05c76269.apk,43480,116457,17300,58561,26180,57896
24231d1707b9728cd2da7439ec6afb9a.apk,60,73,60,73,0,0
1e9b584cdfe3fab3e51dd1d4cb18426f.apk,60,73,60,73,0,0
1de28b867089dca9eceb0fbdd7665c88.apk,16335,23392,602,883,15733,22509
1a0d95a3f640338f92b6d8e2e79ed56f.apk,60,73,60,73,0,0
161b2d9c72820f16c005717064dfd862.apk,62,81,62,81,0,0
210686fc004613de4a993288033fe911.apk,60,73,60,73,0,0
17c2b3e55781d53a893d4cbf8969ae43.apk,8214,21709,3735,12442,4479,9267
24d9d75ddd451f1fb5142a1822b1a20e.apk,43020,75192,4140,9040,38880,66152
1864ea79a6a2d74f21ab527257f74bda.apk,60,73,60,73,0,0
29a66a8c29810dec21e5684a12a22f10.apk,1724,4064,726,2000,998,2064
1fbc706a8dcc1f17ee6dc3e2fd001d6c.apk,3701,5977,83,144,3618,5833
1fa8574388790deda78cce1cd675f780.apk,3432,5498,76,132,3356,5366
251fc0735ca19f5e9289308bd99c9f1a.apk,21755,41071,2935,7998,18820,33073
277c29e93701f8646eb397b118c07487.apk,7567,11521,749,1379,6818,10142
19dbfe328f2c10ca05e1aa56365c4fc1.apk,158,99,158,99,0,0
1a4ffd661d1b3b2c257f39fd86e85d79.apk,485,550,55,59,430,491
1673362021c09273aef7238d2f87d97f.apk,343,548,200,302,143,246
1b810d9bd3db92f397df1e50726125e8.apk,60,73,60,73,0,0
2a6779b00151e3e9511d78a09917726c.apk,60,73,60,73,0,0
2a4c4a41233ba4ca904435992a680dd6.apk,60371,117135,9431,24206,50940,92929
259155ee0c131592fe3a29656331c6d8.apk,18978,34837,3304,9937,15674,24900
2595683b4b34e8ace3cce2690c1f4e98.apk,2646,5270,174,334,2472,4936
21935a425286984f9a02bef64fd8df49.apk,14444,20115,257,389,14187,19726
24fbb8bae2c447401e9a0e3f0bbd75d2.apk,147,99,147,99,0,0
228f32d75adcdb8b93cd22d490f247e8.apk,60,73,60,73,0,0
1eabd1b09b1025587df7b204c13311e5.apk,60,73,60,73,0,0
275588f62e06298218aa57d9781ad515.apk,4133,13381,2928,10273,1205,3108
222887329ef6e75d16f85575c135de25.apk,3945,8655,1564,4145,2381,4510
1d6887719e78dfd364b97843c0d31c4b.apk,30149,59437,2659,6101,27490,53336
2090934a91d124e672b99d8f7f3a8b37.apk,1678,3301,842,1678,836,1623
2a75d7c851e6729cc3d5d516bdbfd749.apk,60,73,60,73,0,0
173c243436a47dc2c7d16d334c160bf9.apk,21755,41071,2935,7998,18820,33073
1b2b0d4c9157058e1bc100dc2eb94073.apk,16698,28708,2154,6439,14544,22269
1e31ce46c9133cfdf3e898e86cb5312b.apk,14967,32979,2744,7675,12223,25304
1b41b14dbe329f8c8323773cab14e9e3.apk,60,73,60,73,0,0
1d7e0be5a6b630725a1db8e50a75a2d9.apk,14949,33281,3527,10999,11422,22282
2b692f6304ed8146f3b267c9ae0204bd.apk,60,73,60,73,0,0
2676de55fae33c36d84cf69798454232.apk,343,548,200,302,143,246
1a41e35c1cf9a93c46369b7187f28d01.apk,60,73,60,73,0,0
285080bfa9522e781e0e2a8cff4e2ff7.apk,11611,18779,1515,3745,10096,15034
19472c49c61f430e2c08fef4479565a9.apk,60,73,60,73,0,0
2b4dbaa76a9439420bfe3bb62f3ebda7.apk,60,73,60,73,0,0
1f8567c6909805f38749189f0995c414.apk,10515,27577,4112,13699,6403,13878
1abb3ab341746b5e8657f71575512d5f.apk,60,73,60,73,0,0
22e6612a77cc6a4c72efe5c09d862822.apk,44755,88357,5739,15546,39016,72811
1bc45f00cd9065be39a923a72bb20b7c.apk,60,73,60,73,0,0
17af0f81376af42645bde59491242418.apk,62,75,62,75,0,0
27a21bf6abdd96f8a4a8ef15095c920d.apk,66,30,66,30,0,0
2a89249ef99798ad57ec39c667757ace.apk,2547,7056,1604,5209,943,1847
1bc43a5ed3f60b81fd5723658a9e98ce.apk,21260,40799,1494,3255,19766,37544
1b30caeef0315eb8e2e3d1efb86aa487.apk,60,73,60,73,0,0
2961dc70275d7b0cbe3f3dc07135b365.apk,21755,41071,2935,7998,18820,33073
24355a1245e4b76209c27d157767117a.apk,24436,49727,3823,11016,20613,38711
1b6b21dc2d49717a6d809409e144ad6d.apk,60,73,60,73,0,0
1db2e6eec39da3796c2c7a0781e02a8d.apk,53959,127505,11734,33275,42225,94230
229f0dd49713f539e7d6d7adc0155f66.apk,21763,51832,2492,10098,19271,41734
153b06830708657109d0993eeec912af.apk,65,80,65,80,0,0
1d8f7cabc24b58a7b877c2db3f9a765e.apk,24611,56862,6490,21997,18121,34865
21254d870f0a973d2d72ad464595aa64.apk,4013,8865,1600,4279,2413,4586
21d5bb6e596cd10aa3056aabd5db5676.apk,21755,41071,2935,7998,18820,33073
195f11ee5125e088b677104b72f01f7d.apk,9482,26249,4446,15408,5036,10841
1cd8a915d4aa0b2d53dce4625c3e80f6.apk,3939,8650,1564,4145,2375,4505
1d80b6191578ee2e1b79cd166d7832ab.apk,60,73,60,73,0,0
16ab7fcaa70045bb26271b59d6d0bb8a.apk,21755,41071,2935,7998,18820,33073
211bc3c2a79a8b00294ce3f3ef4f1d34.apk,24436,49727,3823,11016,20613,38711
1c9749825132e39965bdbd97dacd3faf.apk,4232,8587,219,317,4013,8270
2b5faf52f9fd77f9bd77b14319eb3d20.apk,12016,22617,2185,4454,9831,18163
1cbb5e5520b25e75871447565e1b7ba6.apk,123,133,69,82,54,51
169a4d425ecc57fa37934a6b1c45c267.apk,138,180,138,180,0,0
1b8690bdd3d8bbb013f8a77256fca55b.apk,24995,51446,4293,12479,20702,38967
1f2f1b0b8f9944a190e24a5f68e9d95d.apk,60,73,60,73,0,0
1ce4f442866b82c0bf1e775d68b131eb.apk,142,146,96,107,46,39
28758e489212dcc95433184d9131c3d7.apk,21755,41071,2935,7998,18820,33073
2b3c9b43d181a5e52f133a19ef952d41.apk,60,73,60,73,0,0
274cc0b1aabea474d00df33de90bb527.apk,41585,79658,3363,7347,38222,72311
1a2ffb9c87c80f45746c5a8aaad47b33.apk,60,73,60,73,0,0
26acf270195878e679503ce093f09072.apk,2372,102,2372,102,0,0
1d632ec9ee160622ecc0ba316dd750c6.apk,60,73,60,73,0,0
1de8efab3c294db0f1b15247a69bf6b7.apk,10535,28764,4033,12865,6502,15899
230fe4a68db14af94e1d2420966d52cb.apk,3508,6408,82,114,3426,6294
20a85acfd951a5eeec6af4528fb1da6a.apk,24430,49719,3822,11014,20608,38705
28f9b7b5743a8f63946c3b0dd3659441.apk,60,73,60,73,0,0
1cdc7f9cf66a909ef7e0ba94a5fa5d21.apk,1414,2874,873,1964,541,910
1c31dc6b61c263d7512e4def67476b48.apk,12778,27306,3043,7730,9735,19576
1af7223ea1950ec93da0cd9268b93248.apk,10515,27577,4112,13699,6403,13878
1d7aedc40d32182b2d8f02ebd70f1abb.apk,60,73,60,73,0,0
22879f37d48271720fa4867f4c821bec.apk,3332,6263,80,107,3252,6156
1dac7d0d061d2ea81cf493f8b99c840b.apk,3945,8655,1564,4145,2381,4510
1c2738dee413d293eacecde78de3dbd5.apk,5181,7228,877,1693,4304,5535
1baff9d747eec66da33acdfd2acbce09.apk,1113,2209,561,1256,552,953
1e021c97e98713b10ed95452f3cd50a3.apk,20607,36001,1951,4656,18656,31345
248f77e71e87d95fa033c3b44ebf5046.apk,60,73,60,73,0,0
2b060f4910dfc59ab526c94db26b84d9.apk,6332,16193,2939,9175,3393,7018
1e9170c1f5a9ef2293dc941cfea11eb5.apk,60,73,60,73,0,0
19fd294ec2a7f2eef9e6c39e21f79a30.apk,138,180,138,180,0,0
299183ea805461d0e404c3d7ca7e4a4c.apk,60,73,60,73,0,0
1d80b461d4be7474f39181164030d8cc.apk,13,8,13,8,0,0
277672d9f81dff61821c76d8aacf96f5.apk,1491,4738,918,3266,573,1472
2afce3b884e315ea663ff34b942fbf34.apk,60,73,60,73,0,0
2b64c348f388c943201c59319fc2506f.apk,4098,6599,136,250,3962,6349
1995c8a4a055b3124970e52a90ad76ba.apk,4837,6272,35,36,4802,6236
26c3ae7f5845f31d1549237b715ab88c.apk,42695,74214,4139,8946,38556,65268
218a75926e179099df3818e5eb71aa99.apk,119,125,119,125,0,0
1d4e729317a5ecebad2c882703801577.apk,147,99,147,99,0,0
1c12d71f2d7ffb04c48d1046aa78d4fd.apk,40,34,40,34,0,0
201614c1451794365efeebbb3b9846bc.apk,60,73,60,73,0,0
275f27107ae75fb241ca7f4edfa2512d.apk,24436,49727,3823,11016,20613,38711
21b2f59c4d8c5d5e414feec04b626ee1.apk,60,73,60,73,0,0
1a037f40da7a0e786ce07f621356f2af.apk,60,73,60,73,0,0
26a0b421baef83e54dac6c2a8bb94267.apk,24436,49727,3823,11016,20613,38711
237e60fab3f82c2e5195dd1470d238ce.apk,7218,13636,1107,2225,6111,11411
2379eac7b576d0daea89aa74c92cf7ff.apk,119,125,119,125,0,0
1a44655969790de5f7f039e410635328.apk,60,73,60,73,0,0
20b0b477cd1cf4f9a8bfce74153c2439.apk,142,146,96,107,46,39
234cfe6ccbd080a64f58405aefa60cf4.apk,60,73,60,73,0,0
2a07bbaa7f2523c8c05ec1919e6261c1.apk,3916,8524,1546,4032,2370,4492
1d7c0bdf90c4a04dd79efff53fa80093.apk,60,73,60,73,0,0
19960ed58dfc01c16b5293e5b9f01959.apk,9482,26249,4446,15408,5036,10841
1b7779ecc9365ce625df15f402bc34a6.apk,60,73,60,73,0,0
1bdff79441b1cd198122df802550cbfd.apk,60,73,60,73,0,0
2520665dc5bee5431bfce80c08c2ba4b.apk,9824,12771,210,298,9614,12473
27a0c43ca23ee7d468d32fc7a1955257.apk,24,20,24,20,0,0
262d2b345f7d1623a5e26645b422de3e.apk,2267,8848,1325,6145,942,2703
16af9353caf0ea4af6a4992fad90dc1d.apk,24281,55818,6367,21416,17914,34402
1c61aa466bd79222f38d97e0a643479b.apk,60,73,60,73,0,0
18ce98b39b6a7a7eb7890bd7d0646a16.apk,119,125,119,125,0,0
165bb53f62f45262d38835cd826477da.apk,7567,11521,749,1379,6818,10142
1c6cc42269d5f607b741f647f5b9abc2.apk,60,73,60,73,0,0
1a6f60da5cf9d4abb1328fc1f113b099.apk,21755,41071,2935,7998,18820,33073
21c2743f79fc2a918907a293714fb4e9.apk,17754,45284,5868,20902,11886,24382
1d4913271547c443866349136cf89559.apk,119,111,119,111,0,0
1fcdd6d133b92064f33f6726aa37a124.apk,12055,21025,867,1618,11188,19407
1fe9369eb8f0b3d394dd7b4c8d3eae70.apk,60,73,60,73,0,0
1e61f4cc4d86bdb4bcdd9ac621a2e0cf.apk,1714,2458,1714,2458,0,0
20c318e24c1862b3c76838e56096a44f.apk,24395,57809,6390,22658,18005,35151
218f857284a169ef07631b7c0c85fb58.apk,24436,49727,3823,11016,20613,38711
1d3475b1a756ed94a2f705b2c720925b.apk,2575,4688,409,726,2166,3962
233cfabb0845f952381532cb74dc4874.apk,3939,8650,1564,4145,2375,4505
1cfd608b1a27cc8b7d345c17ee01e0ec.apk,60,73,60,73,0,0
289e9482325422ad5523d79cd43ec48c.apk,14936,32755,2736,7636,12200,25119
1a7f6909e39a5980fedae99e47dc56be.apk,60,73,60,73,0,0
1dab616c2abab582e7898ca57006e75f.apk,13,8,13,8,0,0
1c2e0e9b13e3b4a10e9dca347c58c3a2.apk,1720,2429,1720,2429,0,0
18e188ba97e209e68cab4ba6fd925ce6.apk,18710,48343,7094,24181,11616,24162
1a97ce13793519bc9de43501f5bc3c20.apk,3317,6257,86,115,3231,6142
1d76b6f075af346f9789602d125022c3.apk,17754,45284,5868,20902,11886,24382
2397c0b9c598c2b49cef0375f0be4017.apk,142,146,96,107,46,39
1e719463e89b9e919fee788fa3197888.apk,14444,20115,257,389,14187,19726
271300adfe3613c28427f50adbaa2891.apk,60,73,60,73,0,0
1cf9246e6d3e399014055ce24021d5e7.apk,60,73,60,73,0,0
18189b9cbb1775826d035a1b75ba1f84.apk,24436,49727,3823,11016,20613,38711
2a0791c5eb637ea27966dfa03be44957.apk,60,73,60,73,0,0
240a73dbc66e3d5bd72d44362ffed575.apk,26947,51048,3934,9046,23013,42002
1b9b315863fc08660073b22e905bc9d2.apk,60,73,60,73,0,0
289f3fd183b53b55d74458e5f3e979ae.apk,14938,32757,2736,7636,12202,25121
2b3a8ebe956f74d433070bbfaa479a3b.apk,21755,41071,2935,7998,18820,33073
1956e348bfa8af26d5de569c24ae7213.apk,60,73,60,73,0,0
1f42de4c60c66789a062fa150e1610f5.apk,60,73,60,73,0,0
2b2527c5eb8d5565bbbc5d0689e614c0.apk,12497,33087,5070,16624,7427,16463
22c429b5b9bccacb85139c65515c2c2f.apk,4837,6272,35,36,4802,6236
1d98164f237556740a0ca87d12607d61.apk,3939,8650,1564,4145,2375,4505
205c207a8a86ea707bf65956613b05f6.apk,42477,83431,5393,13249,37084,70182
28f4b5480233d3cdccdc581ac5faf943.apk,76,107,76,107,0,0
1c53846b07f963496bb2ab8e6def5c94.apk,23274,53583,5743,19973,17531,33610
1b0f07d4d8d6c4528b50bd7717993178.apk,60,73,60,73,0,0
184a77fa843e2003add5e66ea92db8fb.apk,156,99,156,99,0,0
1d5a26169e5e9dc5bb09cc65dcccbab4.apk,24436,49727,3823,11016,20613,38711
1b6e3e9541e61420816458ba8638881c.apk,119,125,119,125,0,0
25361c229e4f66581ca61c2a8b5593a9.apk,62,81,62,81,0,0
1acf7ef1da76a2a9eca7ada4aba24d30.apk,2708,4972,497,819,2211,4153
1da7e471980efbfa245245fcb36f2676.apk,60,73,60,73,0,0
15568947e35ba3784570d71741c448b5.apk,7436,20213,3543,11763,3893,8450
19bfab1c35b3e3c33701d814a79f5985.apk,40,34,40,34,0,0
21fc23366f0e8fc88ea85d6581276dd3.apk,119,125,119,125,0,0
1bcec62e3420d53d9c4d6ca27b08c8fd.apk,8875,23715,4065,13655,4810,10060
1e15f471c1f62c1faaebe8f26d7ecb20.apk,138,180,138,180,0,0
1b0e3e18a60fa2cefd3942d98ea318f7.apk,60,73,60,73,0,0
254d490cd5b5e15de010d43aa731746e.apk,5753,11412,1650,3706,4103,7706
2024af7ff7397157b97c4d85d8f7acd5.apk,3939,8650,1564,4145,2375,4505
1900c0f7ffe6de221114b2418e0a672c.apk,98,118,98,118,0,0
1981479663c39cdfc0ab6796c854a359.apk,24281,55818,6367,21416,17914,34402
1e8f74c67beec37182d0a2f3c6b9981f.apk,138,180,138,180,0,0
1ea229503832698ce8426b584ede73fd.apk,60,73,60,73,0,0
27d6e909d0fccbe84288f93e353f80d7.apk,45495,90345,5960,16360,39535,73985
16acc76d008db458e0db8ab94deddedb.apk,40,34,40,34,0,0
2ac348fb74e529b03c0d80deefaf894b.apk,3945,8563,1546,4032,2399,4531
19b77b5b3e1fccd841078d5913438f1b.apk,11611,18779,1515,3745,10096,15034
1e4d08e8e00fbbeeedd5dcfcf0f0b4b9.apk,138,180,138,180,0,0
1aca311d3ec5b11c45b1b292e3e6539c.apk,60,73,60,73,0,0
22dd29e2c0b26da5420869c091bb4bec.apk,2267,8848,1325,6145,942,2703
1d1a15a2165b64c58aab7ca38bf82aeb.apk,60,73,60,73,0,0
213091795dafdb8bc3b1399e9d68d238.apk,45052,89259,5831,15874,39221,73385
22524bafd5c55db17d612729f568544e.apk,7436,20213,3543,11763,3893,8450
2b642cbed4b2141a9cd11a25236d38b4.apk,60,73,60,73,0,0
1ed5b389f6ad5c36736d1e78dd2acf92.apk,61227,129290,6350,17447,54877,111843
202d866c03f1ad2044e6f2a927076b78.apk,8784,23509,4082,13701,4702,9808
2b527cc1a2ee9986f22cb739ca26ead9.apk,60,73,60,73,0,0
1f168f2e2e76010a4ccd5dfcbcaeef74.apk,40,34,40,34,0,0
2637824114ef8eca983564628f563531.apk,60,73,60,73,0,0
255f3cf6f9c2a656c7947c3bec9c0f92.apk,60,73,60,73,0,0
1e6b13d8c8b95d1b5815775eb95d6f0d.apk,60,73,60,73,0,0
26b5e84740c5b220109908a3b3c1692b.apk,24436,49727,3823,11016,20613,38711
26a180fbad9c70312522677cff479fab.apk,3939,8650,1564,4145,2375,4505
1cae84741c8e8da1c7faa2636cfc16ba.apk,60,73,60,73,0,0
2400494bec2a90a3631b970594d6ead9.apk,91,122,91,122,0,0
1d60e9489934186464d713d98700dcca.apk,1496,4776,924,3297,572,1479
18d23ee01ebaf04e70dead24b431d3dc.apk,4080,169,4080,169,0,0
1678473d4c78a8b824613a6f9064172a.apk,24430,49719,3822,11014,20608,38705
27d19171fe135587702983f9d5133f9e.apk,24436,49727,3823,11016,20613,38711
1eeba7f7914a9fcfb63d2c3c65674324.apk,9482,26249,4446,15408,5036,10841
1f25c1ee8aa33f0aa56661abda6722d9.apk,2226,4908,977,2520,1249,2388
182c1d5ee63e294f5f396e1796266d98.apk,6288,14238,268,356,6020,13882
218b7a34987bcdbed6c5b84384eb267f.apk,138,180,138,180,0,0
15a52ee564a5cc701e9617b59bd865eb.apk,60,73,60,73,0,0
28edc7bf72cdf32510e751784a84cd9e.apk,92,79,92,79,0,0
1bbd866abb957a9ce4351f98eca8bc12.apk,14444,20115,257,389,14187,19726
179378e1202b2c6ff310958a54c22f0f.apk,3939,8650,1564,4145,2375,4505
200bbc5c70e1e24ce31b61eb221f8d28.apk,24436,49727,3823,11016,20613,38711
1af63236c60b17c09cd431cef5ec3a08.apk,60,73,60,73,0,0
2b22a9ac610771158ba5e9b3af92a0cd.apk,60,73,60,73,0,0
1c417f7adcf99e0c1a710de9c73f0a42.apk,60,73,60,73,0,0
2a960e124bbfa4e95f3d1ed9a880f17a.apk,60,73,60,73,0,0
2a7ee69b3103abdfeab696a40f26ad86.apk,113,109,69,71,44,38
257213043f95d34d1ae521959069acf6.apk,60,73,60,73,0,0
1d3d4cd836a7c33371b3068eef8ec226.apk,60,73,60,73,0,0
1ca698106da14207864d304a23055183.apk,2143,5009,1012,2411,1131,2598
2b0f9b1cc03d49aa24c4893e41396f44.apk,229,304,118,149,111,155
1c309758b5d83ec017cb81d90f8a8b89.apk,112,135,112,135,0,0
180326d57c68eeb28bc5e79b95fa756c.apk,31985,66281,5200,17821,26785,48460
1cfdf5b88492e6a6b2808eda402ef8b3.apk,2427,6361,1071,2780,1356,3581
1a6df127631fc546c4cde6263a91c42c.apk,138,180,138,180,0,0
1cb97b4e80ad26327a32b7fa42b75b42.apk,13,8,13,8,0,0
1df9c9774fdd54bfa17225c56681ea5f.apk,60,73,60,73,0,0
1b6a17f5f2804efd1ffbe5bcc13b2ba8.apk,60,73,60,73,0,0
299f0b7ddaab6f4fe39f10026b4898f4.apk,8919,21937,3162,9658,5757,12279
1fa0c7b983f7c1375876be9193550374.apk,60,73,60,73,0,0
257650dfa6b1a8ecce890d238bd00d10.apk,13,8,13,8,0,0
1a7b2918d3ab5e51da65eb1f65978ec9.apk,60,73,60,73,0,0
1dd34e4a6101cb5d358392dec764aefa.apk,72,71,72,71,0,0
29ddfe8034a653705092d8fbd62eb1fb.apk,60,73,60,73,0,0
160d606b525a54066450ba842aae94fe.apk,60,73,60,73,0,0
1eb5220b693652ba825dbcb93d870113.apk,4041,8237,1118,2567,2923,5670
1a0da89d77b6468ea71fb88fd005383b.apk,21755,41071,2935,7998,18820,33073
1f91fa888693408a45d2fa29fe98e4f1.apk,146,125,146,125,0,0
2a3a2f63346be1d6c869636ac2cb5e57.apk,60,73,60,73,0,0
1c64ba727c46c267e68ac053b69f3259.apk,60,73,60,73,0,0
295b63e740b9a4a71b0027a5955dae15.apk,32444,68335,5514,19369,26930,48966
1d981854d3af36c27d017bdbc082cc66.apk,20607,36001,1951,4656,18656,31345
1b27a56de68f0c9542ad0a0420fcf651.apk,7885,21486,4716,15046,3169,6440
1e8b7f512a23f03ef906ddc6d1bd5764.apk,11423,15318,428,757,10995,14561
1bbdac33d0f9abaaec81d3a0bd7fc886.apk,60,73,60,73,0,0
26da0bcc47df467f1488039e692c889d.apk,119,125,119,125,0,0
2718f128cd8635808bf80b37835d723a.apk,5589,7539,176,246,5413,7293
1f2ef2bc3e031b4e7055cf70895adff8.apk,60,73,60,73,0,0
21901c653d2e0748698d1b1b195ede17.apk,3939,8650,1564,4145,2375,4505
1ff2cfaace6ef11ab85a80c0a36a0d0f.apk,3845,6675,288,425,3557,6250
1d53cb9f8bd7b8a7697d64c3435d5f98.apk,3822,6108,83,144,3739,5964
23dd3fcfd5baff0801aec018e2f77600.apk,11530,30545,4441,15478,7089,15067
282ae3c3492e4b302d027e0b23e0752c.apk,68,74,68,74,0,0
1ab198128f192065862ad84e107a79b8.apk,4219,5358,402,631,3817,4727
1ece71a7503e43fd924dc219ab62b1a8.apk,3081,5006,93,162,2988,4844
1ee3adfcd11cc5b60f9bcd83b3204164.apk,91,122,91,122,0,0
2a422c3fcaa91c7e1ec5f14fdc902416.apk,60,73,60,73,0,0
1f4b54eea4409da1c97e752aa798d81c.apk,206,273,99,145,107,128
214c81f03046b147d4f2a14ecd3e4542.apk,60,73,60,73,0,0
29171aabee25f3a01d84031bd8aef2e0.apk,60,73,60,73,0,0
1a936e5387cd2058ea7e5b5cd096861c.apk,60,73,60,73,0,0
1d48c082e92b67eb09ffae7a0be90521.apk,530,804,530,804,0,0
19b842da35cdde587d0d84522229fe78.apk,60,73,60,73,0,0
1b298d90d84463d9ddee987fec6d92c2.apk,60,73,60,73,0,0
1808d66dcdd1e1558b8799ba3cf04eb8.apk,19385,50827,7946,26310,11439,24517
28a28776b5980026917a8fda4d841202.apk,7436,20213,3543,11763,3893,8450
18da0c6bc95623ccefbc94f7653ed993.apk,3945,8655,1564,4145,2381,4510
162f0ecd3daa19d3585eb1dbac411b55.apk,12,7,12,7,0,0
1f4802185117e57efe29adaebc1872b3.apk,60,73,60,73,0,0
1fa23bd1ab92959f66ee692e65a3512e.apk,60,73,60,73,0,0
1ff8681809f4028349581baf9f151986.apk,299,383,87,104,212,279
23b9a30cc5f17731bb929c71c5033267.apk,12258,20674,928,1941,11330,18733
20c27f1465b106bc3f34ecd9d4b1858e.apk,40,34,40,34,0,0
1d602e861409553b08e99673abe1bedd.apk,1414,2874,873,1964,541,910
1e892252a7f5aeca93fea473cbfc30a1.apk,5429,10506,693,1512,4736,8994
1c35fc7966bd5c2200fec2a898ac8fcf.apk,40387,85131,6921,20022,33466,65109
1b8ed16998d1d7a82ca9ae27dc9b7755.apk,9765,21427,1038,2575,8727,18852
1e0f37889e841fa2e6e822156bb203ac.apk,60,73,60,73,0,0
18e3496b07f797814cdc83d9ba409cc2.apk,60,73,60,73,0,0
1a0f198bf6ad5565df3d0aab0321fa9c.apk,60,73,60,73,0,0
287ed36197ebaa0807119cd1ceed0ef4.apk,42704,74247,4139,8946,38565,65301
29d55fe8928c04ff139b434e75d81111.apk,60,73,60,73,0,0
153b928127140080200473d3c33595c8.apk,45052,89259,5831,15874,39221,73385
1df2f54254d3e306f82b2d1ac072fad5.apk,2443,3916,791,1429,1652,2487
224718643c8ea263cb663dd03764eb9a.apk,60,80,60,80,0,0
1acf2df7d49daf0d9d275ec145627619.apk,60,73,60,73,0,0
28e0f06a21905ee51a8aba3e094ed9e1.apk,7567,11521,749,1379,6818,10142
18c727a664ea80f6aa27adde062dbe16.apk,60,73,60,73,0,0
1e2d23cdf9dc5480e2c957ff510ec40c.apk,60,73,60,73,0,0
194f1f32dfbcdc406870b4cdb8624219.apk,29116,62561,3914,11096,25202,51465
1d77804332ad5d95f5de21d8ae6765d6.apk,60,73,60,73,0,0
26ab914625a24ce7eb66794da1a9645c.apk,2575,4688,409,726,2166,3962
1a3e0276923c54632e453e28d3763cf0.apk,37506,84298,4438,10729,33068,73569
16aca899465d4b6a7d1697583f1cc3d9.apk,3939,8650,1564,4145,2375,4505
194a50e06dd9cc57beab0ce46a31f7d2.apk,14444,20115,257,389,14187,19726
1ed2165af5d4effd9d8ccbf6d97efea1.apk,60,73,60,73,0,0
1ef080a225bb524ac2ae886bf31d021b.apk,60,73,60,73,0,0
22f87a9cd8598eb026bb66431627cf01.apk,14444,20115,257,389,14187,19726
1d6a460d97ce1ced4f2d2d9de42e6bf9.apk,24281,55818,6367,21416,17914,34402
2b5545a8dc1fe98c2d5e2f693cc4a33a.apk,60,73,60,73,0,0
261c54fd175ad6c29c754bc057f5baad.apk,36091,65965,3779,8626,32312,57339
1b8260bafc3fe478e2b84ee11138a51e.apk,8546,20078,2319,7327,6227,12751
1e9ce9dba30028c5ef1884dbd6a238bf.apk,60,73,60,73,0,0
279405f30e258168b41bdf2657dea848.apk,27643,60605,5400,15432,22243,45173
29c692151168b9660362bb9760673077.apk,1364,3532,474,995,890,2537
1b372eaeee709bb0adc0493be949b3c5.apk,5864,13302,2310,6403,3554,6899
1a29ca5ebfde1787bb62df526da2ddb3.apk,3206,6154,79,101,3127,6053
2157c86fb2e7cb68e16aa44c2c5d5dd2.apk,62934,183031,23075,85899,39859,97132
2b3f1103e9e6887ca46a323aa20070d6.apk,5386,7705,35,36,5351,7669
18290813406f7b93111ad12ae19851f6.apk,19893,40133,2712,6456,17181,33677
1f0029a0c826782f5dec9da3597f5b56.apk,60,73,60,73,0,0
15c14699b88bbf22f588900ff35a699a.apk,12,7,12,7,0,0
2759aa9c23da5d196dd7d70f3e4c681f.apk,24436,49727,3823,11016,20613,38711
1fe4b59f5dfb09bf6b2cf0eb63330785.apk,60,73,60,73,0,0
17f5e099d3aafae43b3dacff053c78c9.apk,21755,41071,2935,7998,18820,33073
1b0c4d0dfa54f96bc45d9ca84e1c1ca0.apk,60,73,60,73,0,0
274687ee2ddc3941b2bf06affdfb92ce.apk,24430,49719,3822,11014,20608,38705
1cfb9054aa90155621c098fe14acd0e9.apk,62,81,62,81,0,0
196832fa89fee178a999249e116c3c11.apk,40,34,40,34,0,0
1d8c64c483fbd6fbce5c30174028bca9.apk,60,73,60,73,0,0
2acdc3044c5a24ba61f5a102358e4cbb.apk,60,73,60,73,0,0
1095d970ee4de20acba62f0e92c30a51.apk,60,73,60,73,0,0
01e6086ac148d5e4b40fa2bf89e7b2cf.apk,32601,72444,4518,12930,28083,59514
04408741ab48a69e0a471e4cbb497b50.apk,42695,74214,4139,8946,38556,65268
110b6c799f7d9532531a793c1f10b6ff.apk,3217,5199,76,132,3141,5067
0e60f7613858f0ea67d1b491853b2ee4.apk,60,73,60,73,0,0
0c84c2166a8a67cc8327fea6ee767a6b.apk,4837,6272,35,36,4802,6236
00de20cf26a2097a5b32e1d035b2ce0a.apk,9824,12771,210,298,9614,12473
01714b9cdabedc94605b2bf609f42a9c.apk,14444,20115,257,389,14187,19726
021209f406f414669c6331f94b393c98.apk,14444,20115,257,389,14187,19726
0d4cf42f1c9b573e7c1ee7784df214ba.apk,60,73,60,73,0,0
06c9190fdcda06219379b7b5aac4f76c.apk,60,73,60,73,0,0
0a12716e88ba817267f2af2773e9be8d.apk,17522,29230,2104,4776,15418,24454
0a58ba1380dfa1fa7268632cd97a65a0.apk,60,73,60,73,0,0
0bf58cd5cafb6b0e02db737211e4e18b.apk,60,73,60,73,0,0
0d3dc412802f125c475811a6537b97fc.apk,24436,49727,3823,11016,20613,38711
0948abab89ed0dbba707d72930415bd5.apk,83,97,83,97,0,0
0d08b030047137c75445373c58254438.apk,60,73,60,73,0,0
0aaac950bc174aad7dbae16f614e5081.apk,3939,8650,1564,4145,2375,4505
10c071b91a7694ce5a0a1cb0d9621292.apk,46215,104873,9162,25804,37053,79069
0ee518694d37242c7441026bf2eff5fb.apk,60,73,60,73,0,0
0a6237cdbd714989dc0bcab4d9ff6686.apk,60,73,60,73,0,0
03370b4649e3e85dc8b13820475ba389.apk,60,73,60,73,0,0
06e77ad51e2c2af91962723da15e2a1f.apk,60,73,60,73,0,0
02b1ad46e5fa09e003fe495a57cb7f36.apk,40,34,40,34,0,0
0845cd97b11ec15c4f9a001c240f64a3.apk,8088,15319,2126,5293,5962,10026
00626308babd70d51c31f4b12bfb69a0.apk,9482,26249,4446,15408,5036,10841
10cd86a0b9167c87f9fbb55d377a6ae3.apk,83,97,83,97,0,0
0b543d6ac51ea547d9ff39f8e47e07d3.apk,113,109,69,71,44,38
0b8bfacc3823fc8414670e0935567a7e.apk,60,73,60,73,0,0
129d253cdc0106bd905a523ba37faeed.apk,17754,45284,5868,20902,11886,24382
02d02b4f82b7466bad79dc371fdda855.apk,60,73,60,73,0,0
0b3154f25e7adc764e5132dc8552adaa.apk,60,73,60,73,0,0
0db78f64550604e0c02eddb8fb1676eb.apk,44544,84521,5131,12459,39413,72062
115daed39f627edca34f66032d07c2e5.apk,6232,9598,558,1028,5674,8570
0a05719563290c6b670bf4333faf9f8b.apk,1414,2874,873,1964,541,910
0cd7bb2963edd38d2ea95effb156ba0b.apk,60,73,60,73,0,0
0783f234c9a3826426141e506e27448a.apk,3939,8650,1564,4145,2375,4505
02c5d02cfbb68067f7ab04c22dc55f1a.apk,60,73,60,73,0,0
035c874196e6821550ac31b39030b2da.apk,24436,49727,3823,11016,20613,38711
14bc949c79def4a2603db73e3a487476.apk,54984,107339,3833,8811,51151,98528
0d9f5ffe11e158d1d1345ade6c92be97.apk,60,73,60,73,0,0
00a935e95c06408cb427b225582679ac.apk,57,71,57,71,0,0
09080df09fc21b0a3f4c5f8796264788.apk,14444,20115,257,389,14187,19726
0a09265072d1713a92d7e2b8ad14926a.apk,60,73,60,73,0,0
0cdb987290ffe73a1f1fbb3c67d4823e.apk,58792,122494,9282,23572,49510,98922
0efb51acca81816e6fe03f674961bf0e.apk,60,73,60,73,0,0
0effe9e0e72ebec84f2aa7d6bb9f1b60.apk,158,99,158,99,0,0
0413e0dec1a758866daf94c456c419ef.apk,60,73,60,73,0,0
0fee4f9744c65c109254d33fa2d7e1c0.apk,60,73,60,73,0,0
1268ed93d9846fa752d99e27a3574da2.apk,6288,14238,268,356,6020,13882
0d948c91638d1111ec4ba83faa260217.apk,60,73,60,73,0,0
04e1557dc1c7b0bb266a660f8fab5a73.apk,60,73,60,73,0,0
0770ec852493a87ca1ee7c3f236d6d95.apk,45052,89259,5831,15874,39221,73385
0ef6ab273b2757a6fe2083ec944f386e.apk,8875,23715,4065,13655,4810,10060
1438dc9de0393ca9356d74bf36d82473.apk,20607,36001,1951,4656,18656,31345
018c166ea052179914230a20fd1e1435.apk,57,97,57,97,0,0
0bd37207b7e862f9d8027d00e5c4ad76.apk,14989,33039,2760,7687,12229,25352
03693443ab6e4a9d4e273a3f33547af1.apk,74,42,74,42,0,0
0a481a2077fded547b6856edde8b325d.apk,60,73,60,73,0,0
000ec04e83c58c9ea372c2f874c07316.apk,17741,37661,2064,5174,15677,32487
12ec36f65f686b190c95b85ed9cd3656.apk,7567,11521,749,1379,6818,10142
098d9b83ed3a86b3ebd6edcd7813687d.apk,21755,41071,2935,7998,18820,33073
113d5f9d602329f504b30b7b7c371c78.apk,16747,37016,4223,12756,12524,24260
09873d1ce206af35ce4eb3afe93a19b2.apk,11461,33544,5793,20849,5668,12695
0d5c6f09ab0c034a15ce57a73f805cbd.apk,119,125,119,125,0,0
0ceec7d9862cb4f3b301df42d8ad49dd.apk,14938,32757,2736,7636,12202,25121
0b3bb28f61e1cd374cf4941c3a359781.apk,12550,31031,4799,14937,7751,16094
00a85e0893e6f705379d531e92343a6b.apk,60,73,60,73,0,0
0965efe550f9d31bf1aaf5fe29f55c07.apk,45052,89259,5831,15874,39221,73385
0e10fc105687ba0bcf02ec1df326797d.apk,60,73,60,73,0,0
021ae4942e121fe4543b76f6369e73f6.apk,1787,3472,703,1294,1084,2178
01ea9dec44a3135d37d8eb1e53e0ad09.apk,432,868,380,809,52,59
135766e93463a47f4d7a10ca58e19273.apk,14444,20115,257,389,14187,19726
084ceea9a869a608fc535a50444f7207.apk,9976,13047,294,426,9682,12621
0b7b580b470ec6ab2eb651f829abaa13.apk,13,8,13,8,0,0
052f31d626d89732005cf90210af31b5.apk,127,123,127,123,0,0
01ef79d39c7e1ba3f3a71f98e91f3f46.apk,7278,18359,2070,6120,5208,12239
0464542d4e3088be59014b8779ed8dc6.apk,44820,82503,4963,11708,39857,70795
0c2328b3cc3fa098d92e108c5570e24c.apk,60,73,60,73,0,0
0ebc4f8efae4b12d25c586f576c51b73.apk,60,73,60,73,0,0
01ad2a76c7a7e81a9b820e8ef38224ab.apk,123,150,42,47,81,103
05d8b108d734a9a2a1b646f381eab63c.apk,60,73,60,73,0,0
077ccb5333013dd3bf5557bc2452e9e8.apk,14444,20115,257,389,14187,19726
01885c4fefcfdc7c7edc15a79a9347c5.apk,40,34,40,34,0,0
0b7c32d815b40feeeca77dbe1ffe4a3d.apk,3333,5385,259,404,3074,4981
0dbc4af36078c4fbe3d573b3348dce67.apk,21755,41071,2935,7998,18820,33073
0b00c66dc57e2cc05410a72d8558498a.apk,60,73,60,73,0,0
0ef92d5978447680b82d0f0c41e72fc2.apk,10244,14387,1065,2291,9179,12096
0d8fa200ce30f480e5a6232f73336b6a.apk,60,73,60,73,0,0
0f3a8fd9480e260576555c9bbb3c41a1.apk,60,73,60,73,0,0
0d5e26fa22c6b48dd9ca039b9808e4cf.apk,60,73,60,73,0,0
0efeaedeae1a3d83968cfc9c8742be21.apk,150,99,150,99,0,0
04fff7333d727063555a5b01a88cdd2e.apk,21755,41071,2935,7998,18820,33073
02c558ed61298de84c8eb51cbbe43fb6.apk,60,73,60,73,0,0
0c3e0664e89c3bcef1fa49ff887dc420.apk,60,73,60,73,0,0
0656d16c8ade09b60de4497fbec13d9b.apk,60,73,60,73,0,0
06bcf6750bc79b34351c78c3a23fc5e4.apk,98,118,98,118,0,0
07c3ad5876051dd86486c0d9e6e0aca7.apk,143,253,134,245,9,8
0b2fc573d3921e11098758cd7ad5aee4.apk,60,73,60,73,0,0
04072f56827a48e249f9ff6260c8abcf.apk,19385,50827,7946,26310,11439,24517
0273241e047504c03569128df84c8244.apk,60,35,60,35,0,0
0c70c73814d170914f493c63451f7c84.apk,12379,17170,652,1157,11727,16013
0ad20e86e91bc00d39527aa10b6beac0.apk,2267,8848,1325,6145,942,2703
0ef6206b97ddbf8134aac1e67400885c.apk,1649,3216,968,2136,681,1080
0fa8de7d5223a99560f7a7de7f3b5388.apk,60,73,60,73,0,0
06d9f14bf6525272538895f55bda103c.apk,14953,32875,2737,7641,12216,25234
033bdcb8f829e843d8c308be76a44987.apk,6282,8395,312,409,5970,7986
01b716be31ffa8c06c86813d9db007cc.apk,60,73,60,73,0,0
0b3423a82e16f2a8992c3be1c89d109d.apk,6425,11509,381,658,6044,10851
08e50c94b831477fd679852d80541352.apk,4627,10840,2456,6418,2171,4422
0bed76d867d57f6371479c4f5011bf9f.apk,60,73,60,73,0,0
09ede6fe92d536651c898c5861303cb7.apk,60,73,60,73,0,0
0a544a64d7fc6a63c5a0517a09fb34b3.apk,9918,30312,5804,21141,4114,9171
0e33abd427b3982cd9236a6d180d598c.apk,60,73,60,73,0,0
03f55018c7b21a648a35ac89b6751f2f.apk,60,73,60,73,0,0
0e2e43ffeccb4c8f0346c801bb1e0466.apk,24281,55818,6367,21416,17914,34402
05bcede6ea22f27026d33c7d3a3d8ad4.apk,3914,5739,278,1110,3636,4629
072912a50fa1ede5770a507a78e04922.apk,40,34,40,34,0,0
0c7aeb7f44135530dfb82f0f23370eda.apk,60,73,60,73,0,0
037d385d416b91c405f430ae8b03de91.apk,2569,3939,74,93,2495,3846
1040e14dced7b8f9600a291ccac96c93.apk,60,73,60,73,0,0
032684f728a6350670151e3225467281.apk,57,71,57,71,0,0
0ff1d8ba581806059ab30a6cd3f1770a.apk,60,73,60,73,0,0
0239250c75ade79bcdf8d7bfbe320cab.apk,14444,20115,257,389,14187,19726
0bd7fc0810ea10e1baeed6892a4684cb.apk,60,73,60,73,0,0
0efc149f9a88974c07abed04e4be7463.apk,31403,57468,4011,9701,27392,47767
0573daba609c89ddd5e18a66332738d8.apk,60,73,60,73,0,0
020a8a82b14c770e829c3ed0fac2382b.apk,60,73,60,73,0,0
07359a707c16a35621d3e296eeb53c0a.apk,83,97,83,97,0,0
030a285362eaeb7707a30d1345270362.apk,9482,26249,4446,15408,5036,10841
1264d27e5b80f357259e99791d5baa7c.apk,3766,10233,1895,5256,1871,4977
094eff6cf05bea386291be4f49b9b2fd.apk,17754,45284,5868,20902,11886,24382
03a7459d75500f44234071cafe0f867a.apk,167,390,78,157,89,233
0a7eb675d6adc487a61791059831a0bf.apk,81717,172886,7184,19150,74533,153736
132dda7a30ea2f0d1e8d5931c752fc00.apk,3939,8650,1564,4145,2375,4505
01bc3ab2ab9b8e225b8608e5a02ca49b.apk,4092,5592,498,1014,3594,4578
030dab7908a59fde7dbcb4df61c150c6.apk,60,73,60,73,0,0
0b92a060e5fb93d9c007c220b5f11c9a.apk,60,73,60,73,0,0
000cc3026c6f458a8d57e0df258a1249.apk,6023,18589,2616,8383,3407,10206
08512d25bbdae2169280c18bf19fe145.apk,9725,27615,4563,16139,5162,11476
019c1679bf6a704ae094d353258d874b.apk,3945,8655,1564,4145,2381,4510
0dc18c04227b0c6f2d03f5a19ca3c926.apk,60,73,60,73,0,0
12e6bd52d01a60e7df38358f95ec13df.apk,60,73,60,73,0,0
01f45f282bcc9118c23dbfc6e4184546.apk,60,73,60,73,0,0
0a85196ebc22af0f235aa98c7979465c.apk,2267,8848,1325,6145,942,2703
08f5af63da7d2bc66e94b70add780921.apk,2267,8848,1325,6145,942,2703
01ef6ad600ee7b0e08a9ef7afb7ab3a4.apk,60,73,60,73,0,0
04a574eab3832847d3aa5df0f3c77ed9.apk,83,97,83,97,0,0
0dc68bf6a1b2877ae3e1656ee025d558.apk,60,73,60,73,0,0
13f23c3bc485e0a41046ac54fa4dd64a.apk,60,73,60,73,0,0
09ab25e36eced953a2d8a5841a071e80.apk,8590,16292,1743,5033,6847,11259
055f47f2fc13380bb1c664f6974738c0.apk,4156,8152,1395,3409,2761,4743
13861b14dc3754b4bea8143778c32d52.apk,113,109,69,71,44,38
0e2afd35b02ba7a9196571b7aa42ac4f.apk,8875,23715,4065,13655,4810,10060
0579a995ac6418ee6ceda2fdcceffc17.apk,209,337,114,193,95,144
001d7e1952829a635495ecbea4252621.apk,14938,32757,2736,7636,12202,25121
00be6dce0688cdf5cb6a2367fd870312.apk,60,73,60,73,0,0
0a37847ad5b58f997e4398638952d309.apk,60,73,60,73,0,0
0af93f2921e6b9960861d6b144a08fe5.apk,14936,32755,2736,7636,12200,25119
0f94050b5439802b7ad9a91c8c2fde50.apk,60,73,60,73,0,0
0ceb9e878b36492adc59030a73dc4c4e.apk,60,73,60,73,0,0
07614b7d4af8a2550e931c5d3de0fe75.apk,60,73,60,73,0,0
06522ecce8d9911c1e74b03fa231de7d.apk,3916,8524,1546,4032,2370,4492
142e48f59896d24c0aa35c9dad8f5d34.apk,10837,24697,3385,9477,7452,15220
0b4dd4a264adb02ef7ccc905ff1a4947.apk,10831,29822,4546,15556,6285,14266
0b25332f6d0f655ecea7105d08062a1b.apk,6282,8395,312,409,5970,7986
05da94e5034732ce82cd221c1d34582e.apk,23027,40993,2541,7425,20486,33568
08ef653fb7ac3968fa7690ee52a83c42.apk,8875,23715,4065,13655,4810,10060
01d62cc0baef23d3e77165db42fd46ec.apk,60,73,60,73,0,0
0a4edb6182dbb4e57bb95bb8e9e6f48e.apk,60,73,60,73,0,0
02fc4c8e451863199b7b59ba4ba5f49c.apk,60,73,60,73,0,0
0afa7dca81477064f83e9e7a05ef1da6.apk,5374,7002,48,50,5326,6952
008cdced4a64d5d31e382b4db7e4702c.apk,7730,16717,2233,5245,5497,11472
07c0a7604d880adc38f8488f35c5019f.apk,60,73,60,73,0,0
0431af43a5902605d52dd40fe475a120.apk,12,7,12,7,0,0
0ae6e77ab81435d63295eb6f71e3e986.apk,60,73,60,73,0,0
1361ec1268edd23b2f8e6fd183792282.apk,2267,8848,1325,6145,942,2703
00dd15ee6ad14f63edf5917ceb8fb0fc.apk,12884,30486,4684,14304,8200,16182
0b9439bb1224b3e53edda2c9b901b355.apk,3284,5310,76,132,3208,5178
0cd878fcdb42552c9cdd52a5cba2714d.apk,32295,67682,5498,19173,26797,48509
0050bf933d1df9350c9006e2bc1df9d1.apk,167,390,78,157,89,233
0c4bdcf0fca1c20ec54913e10f73fa5f.apk,60,73,60,73,0,0
0de52bf2c63223f810f97ad5ffb8f93a.apk,21755,41071,2935,7998,18820,33073
013f7cfa4b2ce7d687fa34b7d652ced8.apk,23535,40300,1726,5536,21809,34764
0df29b0256bb1706d58f37de1067439c.apk,10845,20009,1994,4378,8851,15631
0cceb484097a5ba6ffad645f34e6dc78.apk,24973,45407,1335,2388,23638,43019
0a0d4826c33298fff22ca1323cac49fd.apk,11611,18779,1515,3745,10096,15034
11d0ed1b43f8c3993859b2a7375943fa.apk,14936,32755,2736,7636,12200,25119
0b693c6c335759de75d4caf8b51c71e2.apk,60,73,60,73,0,0
0385827596880e3dc43e9c29ca3f99f3.apk,60,73,60,73,0,0
0a3a77eef218cd22fc79c210e308c667.apk,60,73,60,73,0,0
0db4d3caa8000b66a15c1b25340965c5.apk,1353,2332,352,795,1001,1537
0a1d5910f4d3461792e6f58f64363d82.apk,60,73,60,73,0,0
07ba1c759626602da80ab15229da0bce.apk,2267,8848,1325,6145,942,2703
05d3bd270c5016a8914dc99676cda3e0.apk,36245,85217,6964,20692,29281,64525
114bff798cd0ad21340ccb81b62e0eed.apk,43064,75036,4155,8973,38909,66063
0b659101bc9ff58f30a885bdd98f707c.apk,60,73,60,73,0,0
05cc406c76966e41a056792722a46d44.apk,24436,49727,3823,11016,20613,38711
01c0b5760ccd9a51ff98c5ac408dce97.apk,24430,49719,3822,11014,20608,38705
09eb1edae0cf6b1eba61fee714f67adf.apk,60,73,60,73,0,0
0c2581be66c0f10296d73b9678f0fd67.apk,16378,27058,2412,6627,13966,20431
01a48970797e2b4b41052b8d2a926215.apk,4092,5592,498,1014,3594,4578
12c3e20fd340da00e5037af7dc55e332.apk,12016,22617,2185,4454,9831,18163
0701473c338c9dc5ef8ec14540b26397.apk,60,73,60,73,0,0
0a2f179658275baecfa990e010890c1c.apk,60,73,60,73,0,0
1317bf80a049cf6d2d4f1f87bce15681.apk,1935,2668,1935,2668,0,0
12e83c89a6700932ed4d0d4500a3a01b.apk,12,7,12,7,0,0
08670b0c0040df49f7b5e3e077a22bbb.apk,343,562,200,302,143,260
0e53e883aed8975f5a43c9e1c0e2d949.apk,60,73,60,73,0,0
0ed3ed1baa59701941b1eb455cac8ee5.apk,9976,13047,294,426,9682,12621
05deedb57917a6321836496507534996.apk,24611,56862,6490,21997,18121,34865
1297d1ec6961547aa0189e0eda1502ca.apk,60,73,60,73,0,0
0ffa437141600668ac1084d967f6763a.apk,18463,32730,3029,8798,15434,23932
0474371b8cef27186aa650a0c2ddb29f.apk,9365,25949,4367,15141,4998,10808
0f3fdd2d15d5066687c6bc165056c9b7.apk,60,73,60,73,0,0
0bd9c1d8ac7987f70a2277b38654d6e6.apk,60,73,60,73,0,0
0b0cdff709863bd2e578c57017a60bcb.apk,528,967,264,418,264,549
04fe187321ccf66db2674f8c83da6547.apk,60,73,60,73,0,0
0ac1c1fa588d3235ec88417e45dfc109.apk,8137,20937,3127,8788,5010,12149
08437c58b98267ceb38e8cc040c2917f.apk,23265,46937,3590,10477,19675,36460
00cf0959f1027276093b96b529887dec.apk,18711,43383,6326,19962,12385,23421
0189d3a4422ce84ecb6258b2aac7b762.apk,52280,114989,13229,38105,39051,76884
11acfad85bcb23a3af428d2f26ee2ea9.apk,14994,33071,2764,7718,12230,25353
00e799df2b514b318e570fe94c6a79fb.apk,60,73,60,73,0,0
062823ef2bf873bbf218575bbc7d62bb.apk,2267,8848,1325,6145,942,2703
0380b35313240e20975536f8ab7e0dad.apk,30740,60343,2730,7515,28010,52828
041e543070352d91fe543c1402a019ae.apk,5819,15316,1778,6000,4041,9316
08cb3cdef690c04be58a2353945e7014.apk,53077,126256,13281,41591,39796,84665
0c52e35bb1f298b9f809d24596b85f73.apk,60,73,60,73,0,0
12816a1ee6fb6faedb72b6a25fc14306.apk,19399,39363,2098,5127,17301,34236
02dda362ad76762d05caa0503d37738a.apk,60,73,60,73,0,0
02b811c4ea7dacd864fa6440ee64663d.apk,26479,45384,996,1428,25483,43956
0aee218c74c2738795d948deeb879eac.apk,42766,74611,4143,9037,38623,65574
0cb3a4ad2a2bac512f92508b1c5d7c28.apk,6553,22955,3880,14727,2673,8228
00449a1d94fc8966339ea3e658abade7.apk,40,34,40,34,0,0
11ae900d02f0fd047b0526cd74f4b406.apk,1748,3006,747,1374,1001,1632
115a1b646ad65f5453d58b0b8c612a60.apk,7436,20213,3543,11763,3893,8450
0ae440335f82aad38875d6f14c1bbb98.apk,18007,40333,3288,10289,14719,30044
135b65d9513b8f70a0e4482a673d67f2.apk,9365,25949,4367,15141,4998,10808
0ddd9b972092c5a5a49f41f09e7d8d99.apk,2267,8848,1325,6145,942,2703
0b4999762fa398f7dc39babc8c575665.apk,14444,20115,257,389,14187,19726
0d934cf251119ff4b5433dbee03a4a77.apk,60,73,60,73,0,0
0e8c4616565c4832793e09729027f3b0.apk,3592,6556,97,137,3495,6419
117ab2112828f2789a9ebd4d0e3874f0.apk,167,390,78,157,89,233
08b9a182ba80c48a8bbeebea236bebbc.apk,40,34,40,34,0,0
0b7859d6fca4495487b9a72bd36b8e1e.apk,60,73,60,73,0,0
0d7399f6e9005c999fe0b9569a3b4747.apk,24436,49727,3823,11016,20613,38711
0b51bf1da4600f006c46e9f799e85cfa.apk,72,71,72,71,0,0
0ed148d3f8f900d21bebbb0edd29cec2.apk,60,73,60,73,0,0
013949e934c43e5d56122df43371df5b.apk,72,71,72,71,0,0
01dbb919f94c6f0eea7230aa7bf8265a.apk,14444,20115,257,389,14187,19726
07a0b9ea5227be478d6058545f0f5568.apk,60,73,60,73,0,0
02c9508fc12f53ac246acb87b8b6b99f.apk,60,73,60,73,0,0
02b39d78fd6bda9a7285e00499cbc243.apk,9482,26249,4446,15408,5036,10841
09e637b4569be966e38bc8f923f6225c.apk,3773,10270,1898,5285,1875,4985
1061b8a3e85ca3d167150da44acc1fdd.apk,1414,2874,873,1964,541,910
00ab064fab6255ac9f259b4b857b0d84.apk,152,99,152,99,0,0
03c47bd42bb505e772e0bb0905de677a.apk,3398,6341,95,133,3303,6208
0d8a199472b4493caf62ec2eef0668b2.apk,12438,23762,2394,6208,10044,17554
10773ce6197a1db0d11dfd195f9f7bd3.apk,138,180,138,180,0,0
05dd41c58c6d663f2a304c4f3515b3a6.apk,60,73,60,73,0,0
003fda99a5d2ea07ae5b1ea860b1ba82.apk,60,73,60,73,0,0
0edb144f7acd9b46eeac409592881291.apk,3876,7968,1558,3404,2318,4564
0f059e7d6eb00e87ccfccc688ef2e119.apk,63,58,63,58,0,0
0050e1829b5584cff3437a535c655578.apk,60,73,60,73,0,0
02a7d6884646cb2cf267246ca2288de2.apk,113,109,69,71,44,38
0da10e90a118f9cdc39b72558e5fc60f.apk,60,73,60,73,0,0
0ed2c6b36cd5e4c7e136885216f5d5d8.apk,4092,5592,498,1014,3594,4578
040ab7377f979d376bdb695f3f89d84e.apk,2907,4869,429,945,2478,3924
028bbe6149a761f43ce801d0830eec52.apk,3939,8650,1564,4145,2375,4505
07af9c85d7648bb471ba0859655159dc.apk,17754,45284,5868,20902,11886,24382
0e72a1e83088cb0113a7aad8b4907adb.apk,60,73,60,73,0,0
016c15afaa1057a5787b70494fda85ef.apk,13,8,13,8,0,0
0a38d4380ba76991b3d103068515bf3a.apk,60,73,60,73,0,0
0adda807823ff376abb99ee767ed3274.apk,60,73,60,73,0,0
08ca8e1f3fba7998377c713a2559fb94.apk,60,73,60,73,0,0
01e786039d0a625d8431a523af76b91e.apk,12,7,12,7,0,0
13650f514d36f0d8940fc025ac7583dd.apk,19385,50827,7946,26310,11439,24517
0df6406ddc88d0f2a604728f543f5625.apk,24611,56862,6490,21997,18121,34865
12c99d05117b4c912cc38265783c5ff5.apk,8875,23715,4065,13655,4810,10060
0ab05a8e4de510ecbd08886bbfa29818.apk,138,180,138,180,0,0
0ee3792e634ca39405bfefa4cc8c76a0.apk,1414,2874,873,1964,541,910
04ad6390c0dd6a09fb13ac4064bca941.apk,113,109,69,71,44,38
0ef6b7e67a6c04b66264a2dbb20390ad.apk,10752,19243,1474,3082,9278,16161
1054c15f7fe5f374c133b686d1d1449a.apk,266,343,103,133,163,210
0b7fbe817da62f9e11c95a12911e6e95.apk,60,73,60,73,0,0
0ad9e8f8646c72438fc6ff47af0a97ec.apk,60,73,60,73,0,0
01df3b1dec2244af8d161e2b06b69148.apk,60,73,60,73,0,0
14afd093a1877cb071ffd6129233eae6.apk,3188,5121,76,132,3112,4989
029eeb5bc31b21a939800de878e44644.apk,142,146,96,107,46,39
0e9a5fea5403d807b4c5fb2e08ff4742.apk,42695,74214,4139,8946,38556,65268
110670454f5ae25344f1e46d77a8c004.apk,17754,45284,5868,20902,11886,24382
015c01aa3e6bda92078bbe0abcbfdf01.apk,20988,34183,428,722,20560,33461
0c6c4032b807db08086a44a997f17849.apk,3435,6400,78,103,3357,6297
092b878f7545bb3ac20f19441a781441.apk,31985,66281,5200,17821,26785,48460
0afa3b916378397cd0e09db087c48a67.apk,27693,55367,4256,10505,23437,44862
0c50a97bfbeeb415b2cfb61de7a2eb8c.apk,44774,85412,3887,9578,40887,75834
0e8d296c61d487cfa5f87130db80c084.apk,45862,92661,6333,18246,39529,74415
0f6d84eeb1f9113fb860b5b9f00ae9d5.apk,60,73,60,73,0,0
06152ed0d68ff59aa7d22a87da9d4411.apk,53111,99156,5668,13499,47443,85657
09acad475119a725e79949c2649d58c0.apk,17760,38229,4214,13467,13546,24762
0cb718913886b8c198cf0659a4028bc3.apk,60,73,60,73,0,0
00e19cb98f3e6acc37a1434b9187c14e.apk,54358,104041,2336,4765,52022,99276
0d423558c9eaf47e2e5879cd89978ffa.apk,13,8,13,8,0,0
00d9bf52a887810e98ce05060e8eac0e.apk,60,73,60,73,0,0
11c5d10fe27edc1c7a7b2c6a65c65d94.apk,3877,6176,83,144,3794,6032
121e1e87db01e2c045f48527f8ef84a3.apk,6282,8395,312,409,5970,7986
0f8841782aedd337238ecada056dd6af.apk,60,73,60,73,0,0
015991876880e96949f7b1de9f0f6b96.apk,10637,28647,4369,15174,6268,13473
0bf052c8f434c6fea32b350ac6cf3781.apk,142,146,96,107,46,39
0fabccb42bc7d22483b328f4a0f31f4e.apk,60,73,60,73,0,0
09b71e31ca7b4726303c0807247d1467.apk,7146,14401,1901,4347,5245,10054
08b5d537834dd9c5299b602ab9e91fc2.apk,45174,92812,8465,21981,36709,70831
0a4efabcf9f44ebc32bae14494dfdcef.apk,60,73,60,73,0,0
0c5b0bf6807a342c34cde556d051ebfb.apk,60,73,60,73,0,0
107c9248b213b2e501b94b2aa0eb5d73.apk,60,73,60,73,0,0
0d49388ec8384d654d8e3383e8ea606c.apk,5080,7284,345,572,4735,6712
0ad94281f5ebfa854ede80f3266428df.apk,60,73,60,73,0,0
0a55258e42864ca2ecda3f537374692d.apk,60,73,60,73,0,0
0d99d031b498131994763ab755d4c7ba.apk,24430,49719,3822,11014,20608,38705
0dcde4f20ea78db4cf562ce5cf296e90.apk,615,982,236,437,379,545
01504b17e45cd956a9a7532ea254c699.apk,14953,32875,2737,7641,12216,25234
07b130505740c790f095cfccb36d1616.apk,24436,49727,3823,11016,20613,38711
051e23eaa43bd44973c8840f6e8ffb01.apk,9976,13047,294,426,9682,12621
03ced43edcce0deb1c868ee4095f22e8.apk,3939,8650,1564,4145,2375,4505
0f14d19f8979534ab810ecac215dc468.apk,60,73,60,73,0,0
038977a11b16251195c1a606639a4e6b.apk,5295,6850,58,60,5237,6790
05f6e7773ab65a2b0f2d5a0b5bac68e5.apk,142,146,96,107,46,39
090da27741cdcc4955f2eef05de184ad.apk,36091,65965,3779,8626,32312,57339
14cfa9398bca4882771eba36f89c7560.apk,91,122,91,122,0,0
02a33f38d732d254ec5f5d69eaef99c3.apk,60,73,60,73,0,0
08475cb196e48beb29eed8a2dddad187.apk,24430,49719,3822,11014,20608,38705
14ede3e62545c31cbce63b613cb1b2bf.apk,13653,33401,4066,13122,9587,20279
137ea6263c846d3756868eae96c733f0.apk,14560,33581,3199,9686,11361,23895
007242b0a319836af83a1e776887af12.apk,12016,22617,2185,4454,9831,18163
04817e034912866e88fd38b45181d342.apk,2432,102,2432,102,0,0
0fcfc885c0bb63d07beca835447b3bce.apk,60,73,60,73,0,0
125a8e266bc8843a59c3646c7c9ba8db.apk,3255,5246,76,132,3179,5114
006e6a1fb79696ab3952df804d965595.apk,60,73,60,73,0,0
06bf17ddf631b805f0ae1694ad26a5c2.apk,22222,30273,3200,8929,19022,21344
0cab1097b9f1bd61b8750749e450381f.apk,60,73,60,73,0,0
0b18dd963e8f747d81d52de3fd895de1.apk,9824,12771,210,298,9614,12473
01fdafdb36c88bbd5eae8d4748b1dc01.apk,60,73,60,73,0,0
0cf77ee575711d4158643d59335e7109.apk,60,73,60,73,0,0
05083233cd122461aba23d914cc985bd.apk,13,8,13,8,0,0
0067befcc480efdc116bf929517b9cc6.apk,14444,20115,257,389,14187,19726
0d82c3c70b4fe7fec4c096be0da4928f.apk,60,73,60,73,0,0
0f474e0027a3691db2db20d04cb3ad03.apk,60,73,60,73,0,0
0b23129e705266d1b6c42d5f808c82fc.apk,60,73,60,73,0,0
08bfcff4197e2453844309fae3eb7e98.apk,60,73,60,73,0,0
0a5dd57a1b3a8a4de887d5276d0e891c.apk,60,73,60,73,0,0
108be164c5770b8bbf6329afbecb36b6.apk,60,73,60,73,0,0
032590e4c9526cfe414989b1a13033bc.apk,14444,20115,257,389,14187,19726
0108aed5108bc9798c38d2bf5e80d195.apk,8875,23715,4065,13655,4810,10060
0445cb8e1a1b789e6911006698a6b265.apk,60,73,60,73,0,0
00bfbd418e76674d1b12652936678d2c.apk,60,73,60,73,0,0
0b49dbefa39a5ab6c22dd77f352da70a.apk,2267,8848,1325,6145,942,2703
0d9c13bddb152108a475174c6610b280.apk,32790,80237,3310,13891,29480,66346
01efaefc27712691cfc47e08e3e73a67.apk,60,73,60,73,0,0
08788ab5c8acafdeebf9fb93ab499022.apk,21755,41071,2935,7998,18820,33073
0ca30a123355d00463727a276787923d.apk,60,73,60,73,0,0
0fa1a178a1f6c89801e582b565291ca2.apk,8231,7025,48,50,8183,6975
02d2b797b2798ac6e3a79a6ac418c6c2.apk,5846,13940,2355,6440,3491,7500
09ad0a1498eea3b61a9e026513a1e023.apk,13475,32916,5162,16371,8313,16545
12ffdca349936e2ef51ae86b8163c863.apk,24436,49727,3823,11016,20613,38711
10ea7e6833b50f9fe03bbef6c1a8bfa0.apk,8214,21709,3735,12442,4479,9267
07dde4c0b7820f3371e3c840c942203e.apk,60,73,60,73,0,0
149ac53fecb1ac1334584c22ce2f8dc0.apk,167,390,78,157,89,233
0b1868e5a459f5e8aa1d41f788cc2319.apk,60,73,60,73,0,0
0d23ca925b73c3bb64fa2a102f1899d0.apk,13813,22378,288,413,13525,21965
065f339638df5d60427da87d7244f99d.apk,8214,21709,3735,12442,4479,9267
010e7fe945c2d7bb829b7ece4b8a1dad.apk,17465,39093,4592,13245,12873,25848
133cba1ee88c66c20104c95d902ee70f.apk,14938,32757,2736,7636,12202,25121
07d5511a564a5358d9a463d2f3a8bb29.apk,11069,25152,2941,9314,8128,15838
0c2d5296d024a67ed419383685eefc34.apk,1338,3542,401,1165,937,2377
06c3289f266ebbdab5ca75c649f2d7d1.apk,60,73,60,73,0,0
0af5c4ae8f87b1ba4cf3ee7c9d818e94.apk,3432,6351,77,104,3355,6247
053aa9724ccfe37a31696c81c5fbd9fb.apk,7858,12848,1868,4103,5990,8745
0c2ddb087b4c285404902480435708b3.apk,40,34,40,34,0,0
08072e4a726261f553563c73ec1f3547.apk,21529,40316,3087,7970,18442,32346
1166bdf8b3c00789f46dcd4e600085ed.apk,63287,157925,22147,70315,41140,87610
06d8923c0a506ad673482e767f03f946.apk,10515,27577,4112,13699,6403,13878
048ae83597a9e4e3085e2749eb44a98f.apk,12016,22617,2185,4454,9831,18163
047e617c660cfe36fd2a06474717d3fc.apk,7003,13851,1445,3277,5558,10574
00cce84e9f6f24e2c239ee0f634a071a.apk,14326,40108,5798,19011,8528,21097
06db66388540ace2ef345a90341dd7cb.apk,60,73,60,73,0,0
0bf550ab1b1f340ca06ec48735bc1d89.apk,3773,10270,1898,5285,1875,4985
14ac8b95f5c4532dc5d9260036dfb3df.apk,60,73,60,73,0,0
00150cd8d63e5baad2375ea8e0d9b5fa.apk,113,109,69,71,44,38
016c9c378b44ee82b9009a7ad026a49d.apk,3945,8655,1564,4145,2381,4510
0ec5f00bc13ba340e9a57e78dc514715.apk,60,73,60,73,0,0
138df1833633650275ee01fa51e4f5cb.apk,3432,5498,76,132,3356,5366
087392d8afb38d61a3a23e273d9c8699.apk,24398,57808,6393,22657,18005,35151
0fa748977917355bd9a8dfe1b461398a.apk,60,73,60,73,0,0
0fb200651703b0bdeff2ee5e510cfc41.apk,9482,26249,4446,15408,5036,10841
00fb4828e79b24d1e43135f602293e70.apk,57,71,57,71,0,0
0754c652b284e0dc819976e0563f1899.apk,91,122,91,122,0,0
fcd8e3536875a22d40847f921e22ea73.apk,959,1362,959,1362,0,0
f26dd9f1ce20b18a555f2c4bb006d0c1.apk,25410,49752,4810,15566,20600,34186
fb01e3c37b6424f664d619cd861e70ce.apk,4837,6272,35,36,4802,6236
ee27392f74fac5e8416a16a0265e4c8b.apk,19400,33115,856,1686,18544,31429
f65d22cde3d5fab2ada299c426051987.apk,8437,23921,4251,14737,4186,9184
f7df2e0c7874f76735c01214aaf93774.apk,39264,72641,1741,3547,37523,69094
efd7a5914661c416d70d390ba7d01fac.apk,19404,33110,856,1686,18548,31424
ffa01b3ce624d6efc8028b3c2dfa17a4.apk,60,73,60,73,0,0
ee7a6ac55be0ebecd2ab60397d2d47f6.apk,45396,89951,5896,16064,39500,73887
e4503e537ee1bf18ac5d3506865b4ae3.apk,11232,24228,2286,6275,8946,17953
f789962511b0d88f1897ba954d689825.apk,76,89,76,89,0,0
fd6d6f5467370d6d3921192d8e7f6466.apk,60,73,60,73,0,0
ec14fb76330eb695d26a962eef091dbd.apk,25903,68209,8057,27457,17846,40752
f5c3e5a36ef2b236a78f965e68452532.apk,12,7,12,7,0,0
fadb04471ec33f5db1401c0d4460e691.apk,33512,84046,3389,14403,30123,69643
fb198ca409c6513dd8a9d2ef30e694cb.apk,14953,32875,2737,7641,12216,25234
ed4de07d218dd4b18bc152b4269262b8.apk,14967,32979,2744,7675,12223,25304
fc0b1b7d3ddd960eaaf6ff2c47ced0e0.apk,60,73,60,73,0,0
e371472e784a552098acb56df42e6fc5.apk,14953,32875,2737,7641,12216,25234
efe192638f0883b0bb1d8bc968ed54fe.apk,8834,27575,3430,12290,5404,15285
fa51f4dac2f5260522dce15aa17c516c.apk,11840,17881,551,962,11289,16919
f6515bfa39b1754867b6fd66c9cdc864.apk,60,73,60,73,0,0
fda8e960448adcda301e47a9606f3bda.apk,39264,72641,1741,3547,37523,69094
fc87924e48727bfbaa7274507b0528bf.apk,108,111,51,58,57,53
e9704dda11a1993f3e14a2657222b2b8.apk,6288,14238,268,356,6020,13882
fb166364519dd20945d14ec384337889.apk,14938,32757,2736,7636,12202,25121
f695a5c9bbf8b7e14fe422921b52a2c5.apk,5582,14989,1968,5857,3614,9132
f0921c604bd909998f5886b1d5aa30c3.apk,31426,73315,2784,11371,28642,61944
e374b565be536c262bd427939d0524a4.apk,60,73,60,73,0,0
ea3bb63749852be817e0e0fb63be2d43.apk,14444,20115,257,389,14187,19726
fda5b632347dee3321d633bb5409d1db.apk,1080,1552,351,580,729,972
f3994f5635e3cff1d2efc77cb8009a30.apk,275,341,82,95,193,246
e5a870921f6dc0c6d3a24c4bf82cc652.apk,119,125,119,125,0,0
f116bcff9d088a8364ca4311388600f6.apk,21755,41071,2935,7998,18820,33073
ea6d75e772a85f3e41dd5317f126095a.apk,3408,6382,84,111,3324,6271
f2811c4dfeeeb3294d23835655883b53.apk,9482,26249,4446,15408,5036,10841
e8fe6e206bcad1559e8a000da87646c4.apk,25543,50045,2419,7207,23124,42838
e958607d000be25ce879ac995583fd27.apk,10637,28647,4369,15174,6268,13473
f175f6d5580c737bced331f7703aa14c.apk,3939,8650,1564,4145,2375,4505
e8812c27aff7999bdd10f0b0b8022cdf.apk,3945,8655,1564,4145,2381,4510
fcf449adf912efbff01d910c106bcde8.apk,43419,102822,10074,34126,33345,68696
f80dbd009b91694d687d78c88521eb59.apk,83,97,83,97,0,0
e80f296c4399484070461aa4d51a8210.apk,3945,8655,1564,4145,2381,4510
edb2da5bcf4e5be77c163f6a1f760252.apk,66,30,66,30,0,0
e9814b455803a66b9acf2f2b6009acb5.apk,14444,20115,257,389,14187,19726
f26239cb62ad17a75c15605343a9ffdf.apk,83,97,83,97,0,0
f7507b381ca5fad5b5b27cd86396a88b.apk,2547,7056,1604,5209,943,1847
f5891b9bb7091055a171e39410a4367a.apk,8979,19218,2076,6572,6903,12646
faeec0686826cd3f47bf7f5ed91e0856.apk,2267,8848,1325,6145,942,2703
f877ca7c23cb0a5dec9fc29ef84da272.apk,9976,13047,294,426,9682,12621
f754df053b1ef402106b03dc17aa240a.apk,1414,2874,873,1964,541,910
e5050b0160450f0c90f6cba8514a09c9.apk,6,3,6,3,0,0
f2157dad0d6f55e2cd848b09806baf0a.apk,10435,23083,2568,6901,7867,16182
e9242e31ccbf6741a754af9f24e68b8c.apk,3769,10262,1898,5285,1871,4977
f010008c6b86db8a65323776ce082fde.apk,60,73,60,73,0,0
f56e1ef4803c896b901833e63e3e78ac.apk,3939,8650,1564,4145,2375,4505
e689cb4813b36b03e267a00da9b9bc55.apk,119,125,119,125,0,0
f3fc526848a0d3df017bf055abc6abc3.apk,3433,6138,76,132,3357,6006
faf2e022847ff736a91d4f260a1e7958.apk,12438,23762,2394,6208,10044,17554
f8cc0367b42fbb525c61056f1e6addff.apk,21755,41071,2935,7998,18820,33073
ea6ca5f37bdf8a84854de1d9230325a1.apk,8214,21709,3735,12442,4479,9267
f94438c70effd428fe95bd6184f954b6.apk,3945,8655,1564,4145,2381,4510
f95ce15c274aa55258b52d895d2d96e9.apk,60,73,60,73,0,0
f1404a35a55973d128f909da4c5671e0.apk,2042,2311,16,8,2026,2303
e23b949aa0766d57c48328ee84080886.apk,11272,22040,3219,8020,8053,14020
e8b62675c6ce13e6c80760c155cb5318.apk,60,73,60,73,0,0
eee3bb3091f1836cb462875675a32d9e.apk,119,125,119,125,0,0
f1e45a391f6b5b39d7c8ff0f1734900a.apk,60,73,60,73,0,0
fa87e9d131ff843b5c37ab666282b681.apk,14989,33039,2760,7687,12229,25352
f0f06519767232d0c423f9e141b15d11.apk,60,73,60,73,0,0
fceb1c3e3dec7c79b265ba223d379cd8.apk,4013,8865,1600,4279,2413,4586
e6fbc585c9cf41df584461746ebfad14.apk,60,73,60,73,0,0
fc4b478375bbf8f47244cb2f397e1ac4.apk,123,133,69,82,54,51
eb52275bfb2ff0a884621a619f461857.apk,44755,88357,5739,15546,39016,72811
fd4a86dfa65eb92eb8780e9cebdb822e.apk,60,73,60,73,0,0
ec3a2eaa6030c91f1a3151a7ada90cd8.apk,60,73,60,73,0,0
f14d4c8042c9be62bf8be2e5a711daff.apk,7045,18309,2758,7694,4287,10615
edd1d57abfe3e5c80a83eb170417231d.apk,747,1682,413,874,334,808
eda17320e9805eef174d7d5e2212acf4.apk,31706,69587,3893,10737,27813,58850
f17c23038d6e93150a9bd4f4c28daa2a.apk,113,109,69,71,44,38
ea1a2a5ea230932907899b5fccbf5ae2.apk,7505,1220,136,209,7369,1011
f775a0a6ad9fa6401ce619075b798af2.apk,62,81,62,81,0,0
f292ed24f5a68c43a6e67979a57af805.apk,3773,10270,1898,5285,1875,4985
e22ba9b05281597c7d41eec407f6a0e1.apk,343,548,200,302,143,246
ff12e1307e5571e506e88603fb9b553d.apk,60,73,60,73,0,0
f10d4a2b4945fa6b0781ed2e83c48212.apk,6288,14238,268,356,6020,13882
ed7a79d5368ce200174297ff8c4f621f.apk,62781,153249,14798,52131,47983,101118
eed9242fcedfc29b248d0db41cb523ec.apk,7567,11521,749,1379,6818,10142
ebcecb58572f9babc82d8b707ddbbf7e.apk,36091,65965,3779,8626,32312,57339
e3a7e7d12ba82cb6bc5d575b130e87a5.apk,60,73,60,73,0,0
fcdfd7b00194976b29c0b6e712bde47e.apk,8214,21709,3735,12442,4479,9267
e4564b88bb656571c804e72f445cf5a5.apk,24436,49727,3823,11016,20613,38711
e275751eaa526c358cb95c247d87ad67.apk,3291,6249,91,125,3200,6124
e31609af788a90ff953accdd89316c00.apk,14953,32875,2737,7641,12216,25234
f2f0735c41ccb369a816cb18537bf21e.apk,12,7,12,7,0,0
f1456337e72fc3506b43be4bdd23b301.apk,138,180,138,180,0,0
e808baa1ee109a4fd11babe4259ed477.apk,60,73,60,73,0,0
f3200b9bc2ff86341886c70d614fe024.apk,8413,13878,1046,2196,7367,11682
e3c0a09b28dccc5f4ae201f39f49e263.apk,3224,6174,80,103,3144,6071
f94e8d843a21b852e838247e6409dc28.apk,60,73,60,73,0,0
f14dd412871d847b208dde9b978a5300.apk,14953,32875,2737,7641,12216,25234
e2a064c47769aff614712d4e74389ecc.apk,21755,41071,2935,7998,18820,33073
e8853e1330a42f5b5774346e1ead595f.apk,22427,38763,2591,6119,19836,32644
eeb3b30a0ccac06dd026eeb1bbf38789.apk,119,125,119,125,0,0
e87fd47fed18304e46ac876a35e5d5e6.apk,10751,27774,4121,13721,6630,14053
fe8aef8443f5437f060390d884f1956b.apk,3332,6263,80,107,3252,6156
f6d15212c5959822a70ae68ec042ffdc.apk,14936,32755,2736,7636,12200,25119
f7dd77ce0b7caed37975cfb4fc8cbd85.apk,43011,75159,4140,9040,38871,66119
e59d72293dff181320dc2234587c2fbd.apk,28654,54161,2689,6307,25965,47854
f6c4919d0f465cc4e0d346c285ccd297.apk,60,73,60,73,0,0
e8a64dbb47d6798c8f786c568fdca944.apk,10637,28647,4369,15174,6268,13473
f0f1d3c4a0c0416bbefdff39f25167ba.apk,332,365,95,121,237,244
fd648120b368909bce19a7ec86c41047.apk,40,34,40,34,0,0
e262d2b2b36e1e47631928e7775105c9.apk,18819,35035,3322,10148,15497,24887
e50810b86f44c775697eb38ffac3c941.apk,60,73,60,73,0,0
e5ac38b8950eb6749f6708b36ff72942.apk,14938,32757,2736,7636,12202,25121
e1e198688555fea2906428f249ece4aa.apk,24611,56862,6490,21997,18121,34865
e72c744226fcfd1f4a63b4ec0307af3d.apk,9482,26249,4446,15408,5036,10841
efeefdb1ed925eeb2722b249ec9278ca.apk,6288,14238,268,356,6020,13882
e4695c8e605575cb8ce6d5ff80d20fe1.apk,13,8,13,8,0,0
ff4d47ec311d3e098d9887e1e9418943.apk,3773,10270,1898,5285,1875,4985
fb16754ec66aff90405b1f778e557449.apk,13,8,13,8,0,0
f493d2cf5572eb6d9ab10c1418b27bd5.apk,60,73,60,73,0,0
f55274c125709281955ab57877f64601.apk,83,97,83,97,0,0
ef1bc4ff6be49a236a452bb7eb8e677c.apk,36091,65965,3779,8626,32312,57339
ee1e4914ca764a2bf1766caac3c2f9dc.apk,13042,33896,4906,16190,8136,17706
e2086bca94ed7632eecce1fe4480c553.apk,5412,14526,1913,5749,3499,8777
fce1a2ed9314d4ac4237d8c0ab5e35be.apk,342,550,201,301,141,249
fb851d85e5ab44cfc9913e3e4b56d1b4.apk,14630,29170,4054,13854,10576,15316
ee6bb7e8be7bfbc01784a2b43b58399c.apk,138,180,138,180,0,0
eeedfe30b382b53924d95052003c8210.apk,14938,32757,2736,7636,12202,25121
e576d6a74a53080bd1c6ff62d0270397.apk,8875,23715,4065,13655,4810,10060
fad2c0c851d29208c748e34e50497ff6.apk,181,222,76,93,105,129
e38d3f508818a63f65a0bdfc01038364.apk,60,73,60,73,0,0
fc3259532659d13dd1542d0dc84f694f.apk,3945,8655,1564,4145,2381,4510
e42778bf8e9117da074561d7b1ac4d40.apk,45052,89259,5831,15874,39221,73385
fadc0f250715d38d9d0cfec737e61e34.apk,19385,50827,7946,26310,11439,24517
e35761537bc66b61d87a03556f53e9ea.apk,8214,21709,3735,12442,4479,9267
f3dfde21149a9eb4d6abf93b2ad68496.apk,22456,47664,4298,13138,18158,34526
ec9e262d6fd8e6c0e261bb7ea505a4de.apk,42766,74611,4143,9037,38623,65574
f446cc1f55a6e9ccd95a24fd6568309f.apk,60,73,60,73,0,0
f7b8696354a096f0e84e78cdf2bf7129.apk,7142,17859,3060,9810,4082,8049
f0e295f0f9d0a98bdf6c26504dc4f801.apk,3945,8563,1546,4032,2399,4531
e347f9022d76e052fae7141d48bf2fe2.apk,14899,32310,2753,7588,12146,24722
f269b5550b671c9d9b4d7c2e2ef206dd.apk,598,1555,301,1126,297,429
fb6204d9ce298beb089ec0ab8d2beec0.apk,3369,6288,86,115,3283,6173
e4c727a642033bc43e74ea929a29d441.apk,3939,8650,1564,4145,2375,4505
f098fd94ee5ae5c25088e7fc3e5de341.apk,156,99,156,99,0,0
f0255df61fb7aeed85aff2b017f33875.apk,60,73,60,73,0,0
f61375722e57100faca3ebda77b7f4a1.apk,60,73,60,73,0,0
e8bd7ff322e786966f8dde36fa0a1c66.apk,1404,2713,602,1154,802,1559
f748f2f351c31e22efde74201582af50.apk,6288,14238,268,356,6020,13882
f236372ea55d543f35dc3a820ab187f1.apk,10831,28385,3377,12233,7454,16152
efedcef2303a671715b8a388262e1c51.apk,343,548,200,302,143,246
f0149a355bbc8ddfc0cb00ce9516c079.apk,60,73,60,73,0,0
ea6806095cfa471c64c982e457df5b2a.apk,5143,8996,1126,2631,4017,6365
fc00fb84374c00adf80462699f8748a9.apk,4452,10004,484,917,3968,9087
e8c208dfad72c6cbc8296a37e5a2ae20.apk,14444,20115,257,389,14187,19726
e28e352e445ff8d5fddab436827a88e9.apk,14953,32875,2737,7641,12216,25234
ffaf89f4eaa7edd15693e93c0fc852bc.apk,6924,15975,2499,7065,4425,8910
e207f50239297be9931fd82b850c109f.apk,119,125,119,125,0,0
ea27c815bff67bf33790bba050f09cb9.apk,26457,65525,7240,24604,19217,40921
e829d147b3b22629b79b26e5d3caf3a5.apk,23265,46937,3590,10477,19675,36460
fa4dec3181ab024970c50c4605c4ed98.apk,123,133,69,82,54,51
f5257ac742913d6bcfc5f9091ab3660b.apk,8384,22251,4149,13928,4235,8323
f0eafde2846229dda16c5b90475ed64f.apk,31706,69587,3893,10737,27813,58850
f4f48c13df16881c9fdebbfa7d047256.apk,3945,8655,1564,4145,2381,4510
e3d9d3f9527b1e2212ec5835fc5474ea.apk,9482,26249,4446,15408,5036,10841
e2ab6960e35de9b2c0f59f756f7416f1.apk,60,73,60,73,0,0
eb1f1763d64b2452a0df3b613465c9e5.apk,91,122,91,122,0,0
e21566e628a9441c906a41358dd3b8a7.apk,11638,25038,2375,5974,9263,19064
f7013204327c182fb0bc2b9a45adc734.apk,60,73,60,73,0,0
e5ab6c2a0157a6ed83e8a688a4d5bf91.apk,19204,35040,3286,9901,15918,25139
fd780d104abf27055ed52f014c47bba8.apk,17874,38533,4298,13730,13576,24803
f3ac888237454b18ef0e80ffaeb24b05.apk,13219,25541,1093,1952,12126,23589
f35ed0b229612d3f9e93042e9f930857.apk,266,343,103,133,163,210
e502cde48c51f0348e3f36c1133b48cc.apk,14444,20115,257,389,14187,19726
ea1b1fa20dbd89d142456c3ce2791857.apk,1071,1908,480,999,591,909
ede57f0129e9a47fb808363deece23db.apk,10210,25870,3527,11730,6683,14140
f5d044c1abee561644f68dabe2150cd0.apk,3939,8650,1564,4145,2375,4505
e40828e18a57e1a0d9d88e43e2f1f0d6.apk,5076,8168,123,200,4953,7968
e3be5ae0bab5543278b18281784be266.apk,19168,34992,3197,9720,15971,25272
ec4fec602b4834de2cd10f8954544dc9.apk,60,73,60,73,0,0
f8da5f281eec5e00c972c66da55fb04b.apk,378,471,112,157,266,314
e724b7af76f0c7e01f7e5def66d682d1.apk,9976,13047,294,426,9682,12621
f4253b1bde49e84542fe21e38f808b74.apk,60,73,60,73,0,0
f5e6e967abbb829beeef8c372409cf6b.apk,24436,49727,3823,11016,20613,38711
e6963d9225a9f53e1ecdf022b9928ab3.apk,6282,8395,312,409,5970,7986
f9e6378ebfbd69e77c451e32cf2af90c.apk,60,73,60,73,0,0
f7aca7627cfeb9efb3456e2689294f0c.apk,266,343,103,133,163,210
f0e8e8ab7089e0d64a69c800e3b30e78.apk,9725,27615,4563,16139,5162,11476
fe46d640336fa46370118239a3d125f8.apk,36091,65965,3779,8626,32312,57339
e6bd47d7c862860eeb56840327b0b353.apk,7436,20213,3543,11763,3893,8450
f0b1ef400b1d2b838fa63a542a4413eb.apk,60,73,60,73,0,0
ef3af6c7255d302b571ba7e1c6ba936f.apk,13038,31049,4794,14805,8244,16244
fc661fa4be576129222bc085e3d6bbd1.apk,21755,41071,2935,7998,18820,33073
e59262cd6560bdd379d2321eb5a6a327.apk,60,73,60,73,0,0
f42ac11fbf7cf31e1ba764b787b098a3.apk,6841,14671,2154,5442,4687,9229
f2ca400c33b11d91005f22e0f0681e30.apk,3945,8563,1546,4032,2399,4531
e4fb4d3da74721f394fdcfdbed5caa17.apk,70,67,70,67,0,0
f2956c59227ea6baad070a359100b651.apk,342,550,201,301,141,249
eba28749e88995d38d9a2e00179ba0fc.apk,158,99,158,99,0,0
f1dbaf41fb39a5cbdf01443780e0a94f.apk,21755,41071,2935,7998,18820,33073
f5e3158eba53be270164494bb4c830a2.apk,60,73,60,73,0,0
efb5121952746a1b2331e8aa9dea3ca5.apk,14989,33039,2760,7687,12229,25352
ed6673246d7543721378c697f069a371.apk,36091,65965,3779,8626,32312,57339
f4b62da1a038a7fc09feb3c8aa3148f8.apk,3688,7958,1264,2856,2424,5102
fe13ca301e036e8a61b62c0fa761f7e3.apk,53863,106737,5408,13446,48455,93291
e2280956cc01fafe4338367633cac70d.apk,60,73,60,73,0,0
ef2b16db145ec700f589424cb807c6b2.apk,20071,46477,3345,9688,16726,36789
f93b8b7b27a797cf790caad5ddb25449.apk,7567,11521,749,1379,6818,10142
ef94f6647663937c4b0b51e075590e12.apk,21755,41071,2935,7998,18820,33073
fa8ac1e84089e249e2e4a52cc588b810.apk,60,73,60,73,0,0
fc50b0567e25084ee1a8e49c074410d3.apk,275,341,82,95,193,246
f69bf3117a690ce7e79811b07d21525a.apk,2401,6368,1072,2808,1329,3560
f10d2fe415b4ada415688164aed523b5.apk,9482,26249,4446,15408,5036,10841
e976c315165854bc41b060cb8b566e78.apk,18978,34838,3324,9986,15654,24852
f7fe80721f1ab84eb38480c9a66dc0c1.apk,3473,6429,88,119,3385,6310
ee0800a1b90fb338a39776156b942af8.apk,60,73,60,73,0,0
f3a64487484d4de481c999a398ea7c05.apk,4287,9211,1653,4246,2634,4965
f38eb9f8f56eecc15c5fbda87d508647.apk,3726,6210,76,132,3650,6078
f83a2cc8303ea8af2c8f55c059564485.apk,60,73,60,73,0,0
ef002bcfb22e711535a0b3bc9633b463.apk,37506,84298,4438,10729,33068,73569
e32d71bb9a2c362603c85643cd032c7d.apk,167,390,78,157,89,233
f5eec5ad0e4075cd10552eec649336bb.apk,2386,6340,1079,2833,1307,3507
f4277b6ebcb7e2234d035e04ebb6010c.apk,14444,20115,257,389,14187,19726
e94e544ff2fe436813499ce830410972.apk,3945,8655,1564,4145,2381,4510
e8371ef1605dec732b9c20fb7b925367.apk,76,107,76,107,0,0
eabd1e0a009c7489275a9f92e94beb39.apk,60,73,60,73,0,0
f9309436e567a130ca2a1004274f8093.apk,11611,18779,1515,3745,10096,15034
f3c1f9ee7e96d7dea56cedfe8bf30dba.apk,60,73,60,73,0,0
f9f9b8cf1811fc435037b8ad8aa6871e.apk,42704,74247,4139,8946,38565,65301
edd79e7d3e911d346236211fc6eb2f62.apk,5443,11521,1381,4132,4062,7389
f9b72905e22c87237401ee3f25a3a00e.apk,4772,12385,2191,6978,2581,5407
e6058c4be2ede46e6e2e1eadc8729b78.apk,3945,8655,1564,4145,2381,4510
e4abe850437590c5ab759fc700120393.apk,4013,8865,1600,4279,2413,4586
fdc260c93b09f42041b67e0e61fdd96b.apk,3423,5489,76,132,3347,5357
fac73354bd113a5ec835a2fdcec673f1.apk,60,73,60,73,0,0
ebeef44e3ab50040eba7a17ecbba0b40.apk,196,341,122,217,74,124
f6452546b4b2beef216996844983053b.apk,60,73,60,73,0,0
f29988a2813792811467de87f30468e0.apk,12,7,12,7,0,0
fd85c8c8740886861908e14fcf530950.apk,40,34,40,34,0,0
fe16e96706eb4a2b9132589a4f9fe582.apk,60,73,60,73,0,0
f9b45330f3f30a8d83c06890bb810a9f.apk,3945,8655,1564,4145,2381,4510
f01b9229dc9fdbd9960315735aca15ce.apk,69,81,69,81,0,0
ee5caf5ec2016c394cfa4728ff243de4.apk,8214,21709,3735,12442,4479,9267
ec0f571ccad369617432e0bc7e32ebeb.apk,24430,49719,3822,11014,20608,38705
e6ed13f85bfa3e54fe6d62a4e47758fb.apk,21755,41071,2935,7998,18820,33073
fa0a29c982d7e3b32d3537841c09ad7b.apk,40,34,40,34,0,0
f8ce1fef7f83b0f310e15127d75924de.apk,4092,5592,498,1014,3594,4578
f9ab8086eaafab9cdb823d2b3d8c80a5.apk,705,983,73,90,632,893
ee67bbf2622adfae77662ec579ad3013.apk,7930,15156,1780,4624,6150,10532
e3a53fa10de87b804acb296e57e4880a.apk,8214,21709,3735,12442,4479,9267
f71724a8174533effce80ce21e020328.apk,24281,55818,6367,21416,17914,34402
e30697a90d09df214d6ce1f24a8e9476.apk,2226,4908,977,2520,1249,2388
f9e2f576816b658454ff5496413d4505.apk,45396,89951,5896,16064,39500,73887
f7d942bfd23230e7982de25e848880fe.apk,9217,26609,5076,17514,4141,9095
e6f9d6f8d5cab97d3c66cc597bd50315.apk,14444,20115,257,389,14187,19726
f5abca47bace68723b2f80369b9fb026.apk,21755,41071,2935,7998,18820,33073
f9c00e18740daf9a5dc3bd7dff25f14e.apk,31985,66281,5196,17817,26789,48464
f5443a95887c73fe607917613749aaf0.apk,8875,23715,4065,13655,4810,10060
f425c77c0edf3b3ab00cd710f9392f0a.apk,14444,20115,257,389,14187,19726
e1e14154d8604a9302df6b2ce2cab1c7.apk,14953,32875,2737,7641,12216,25234
eb22050070c055c5b1132a3ffe4aa1ab.apk,12,7,12,7,0,0
f7c112df751948676b1d73aa3c4729f1.apk,17760,38229,4214,13467,13546,24762
eb7928869ecd84ff00e9d528a9248e18.apk,11611,18779,1515,3745,10096,15034
f50c6b205d22c653592dacd5bc666ec9.apk,1163,1754,137,183,1026,1571
ea124296d198b8db876119e08692c351.apk,40,34,40,34,0,0
fbc45c6e1fbbfb5c5c7b2a00c0c70800.apk,27952,49835,2952,6310,25000,43525
e3d2cf00e86b870118bceab2a6f8a96b.apk,60,73,60,73,0,0
e7caf2f7fbb32910bfb1294789d49927.apk,8214,21709,3735,12442,4479,9267
e6075d6f2180897e08d1053f464f8d2a.apk,985,1823,134,163,851,1660
fc90dec9a4abb548ca13934502886108.apk,12046,30062,4459,14374,7587,15688
fe3dea3d80cc2c2d65946ba0b27526ff.apk,21046,41118,4127,12774,16919,28344
f1ddbb76b22f8f34254638646b608ea0.apk,6297,14954,2567,6611,3730,8343
e21f37f10ca9349744b09bca41aaf570.apk,21755,41071,2935,7998,18820,33073
fe95b4f625a0db4161128df3f74994b6.apk,3945,8563,1546,4032,2399,4531
f0907f79ebe6232a09f36d78a4e00b3f.apk,17754,45284,5868,20902,11886,24382
f3fdb3516d17933b3f47d9b801d27cec.apk,2366,102,2366,102,0,0
e4c06845a1f2e1a26dd55c6215a2e7bf.apk,60,73,60,73,0,0
e6ee77e7d35fb6c1b8f8b60b2f3e8d8a.apk,12,7,12,7,0,0
ee355babbdb117881aca76f56efa3294.apk,7147,14439,1914,4386,5233,10053
ed1f978e667704ca82a701d93b3b9932.apk,12,7,12,7,0,0
ec30426d10af3fe71be801aa72b082ce.apk,35765,81671,4664,14731,31101,66940
eb4e6fe46a4664e0944c3d6b57706d68.apk,60,73,60,73,0,0
f5a045167571d58515d0e85eeaae6a34.apk,11985,28568,3592,11153,8393,17415
edffc4ca1a541dc1759c16a6c7b6849f.apk,142,146,96,107,46,39
f791d7c61de9a3e0f9aca6af2ce92a8b.apk,21755,41071,2935,7998,18820,33073
fcfbfcf1275faba2483906985d15027f.apk,21755,41071,2935,7998,18820,33073
e2e2fd5f29f9e206bb3426448b2e218e.apk,13653,33401,4066,13122,9587,20279
ead4cc5bf1778aac96400f74b7badd39.apk,138,180,138,180,0,0
fbc3ba89340878d7aa23366fd3b62e40.apk,1403,2415,746,1375,657,1040
fdb11e4a97c1f7c15cb167c861f96e74.apk,12,7,12,7,0,0
e77370fad3249d4296be565ea986ad9c.apk,60,73,60,73,0,0
fb17b925ac4c8579dd4186f5cfe46773.apk,9482,26249,4446,15408,5036,10841
e57851396b5755d0b92d4fcc39863e0c.apk,5689,9843,146,216,5543,9627
e3c6283704641cc8949b5a32d4b2535b.apk,138,180,138,180,0,0
ead29b85562c43c4b825d4f529e963a7.apk,13,8,13,8,0,0
e9ba42b450a5ee50a6dfd2405e4b33a7.apk,13,8,13,8,0,0
e485fc5bbee8842f44668335e5ac85ac.apk,3435,6400,78,103,3357,6297
ff5e726ff5cec7ab8bc122dd5638e725.apk,5076,8168,123,200,4953,7968
eda61c46a3d1848f444de50fb981973e.apk,13706,33565,4097,13266,9609,20299
e6a525b36bb569e13cdc287fa4cd8449.apk,44332,83651,5028,11871,39304,71780
e5ac967417e2e5a5befa1f18d4c0ae24.apk,7567,11521,749,1379,6818,10142
e96060f57e0c884bd02ad3434301a520.apk,40,34,40,34,0,0
fc87c8b290645d63f2cc81f61d0c8df0.apk,3435,6400,78,103,3357,6297
ec00bc81bb40c5797178ee0bea1028e5.apk,14444,20115,257,389,14187,19726
f297ce727d13994cf8b8954652c3e6a9.apk,3217,5199,76,132,3141,5067
ed6bdd83ad76cdc62ecda39c0edd6d1b.apk,60,73,60,73,0,0
f206920714a6274187e4b479d814c430.apk,7436,20213,3543,11763,3893,8450
e73bfe3e4e6efeb08f3d59cd31741f45.apk,4826,172,9,8,4817,164
f7c588c875a771cf79c4930dd523d5c6.apk,113,109,69,71,44,38
f20658824a20b8955c353742cd4c3f2c.apk,60,73,60,73,0,0
fb5446f5a7555bdfb9c2cbe649f925de.apk,60,73,60,73,0,0
f64e1ea873c51f5f9ac9e9af43df9b4a.apk,3939,8650,1564,4145,2375,4505
f77c4f1505d6c95ded8d120dacf2848a.apk,40,34,40,34,0,0
ea1fc9db4600c1e87a86c3f54f20d7b2.apk,36091,65965,3779,8626,32312,57339
e3d2369f7ce7e54e59f8eeade7987ee8.apk,4425,5868,55,63,4370,5805
e28dee7c41932e7357a79c6895672efe.apk,12980,32773,3900,13075,9080,19698
f53424c5b9a9e52092f1dc9357cc4284.apk,44332,83651,5028,11871,39304,71780
f74f135ebd724ce691dc313037ff8655.apk,12,7,12,7,0,0
e825de54eb10ff4b20830cb27525525d.apk,8437,23921,4251,14737,4186,9184
fb5485037fea56b7e065bf6a6b57b616.apk,76,107,76,107,0,0
f1435b873f3e14192618949a631dc12d.apk,196,340,122,216,74,124
eb9cf8a0d619e1d5aac0bb8944e04d19.apk,3945,8655,1564,4145,2381,4510
e712ed5eb4f98a265fba234fd6d84174.apk,24430,49719,3822,11014,20608,38705
fa5de5c85dbb6fc1a9b73528a6d0789c.apk,17760,38229,4214,13467,13546,24762
f94a21bad468cb3968758ecfe0011850.apk,2309,8933,1340,6196,969,2737
f2714c7f013b0fcd5ed5626e93440343.apk,13,8,13,8,0,0
eb7bf4ca6dad3bf2e17fda20bcc6f428.apk,7218,13636,1107,2225,6111,11411
fa6fb06650536f8bb08467e2bd4b32ab.apk,1748,3006,747,1374,1001,1632
e2494c94b09de600fe4205ce81eccde0.apk,10614,27270,3707,12643,6907,14627
e5ba96124349a4d82f92cd6e651ea30e.apk,14989,33039,2760,7687,12229,25352
ff8d77c58c47034824a6df003fb10e00.apk,8875,23715,4065,13655,4810,10060
e4c9baf28981a55cb922acfbc92689a6.apk,1584,3126,438,758,1146,2368
fcd5da5036756649f83e7925f3c9feab.apk,17754,45284,5868,20902,11886,24382
eb97453bbacf212b88da9059895ecacd.apk,6,3,6,3,0,0
e9e5e8d95b403cbbf46dd7d812478c8d.apk,8875,23715,4065,13655,4810,10060
e88e63d4a97d6dfa0ccb1d7db58605c5.apk,60,73,60,73,0,0
f9c6ecc3ba58dc6adf2f390b5343a8fe.apk,13,8,13,8,0,0
eaa9c909df2ffb2347cf845a645ee78d.apk,15932,34213,4758,15187,11174,19026
ee536ef26d21fa39bcd142e43edecaf5.apk,57521,125727,13720,37645,43801,88082
eb6a6be0194d388ba3a2531ecd56562c.apk,113,109,69,71,44,38
e47ae606a2a398377034279040416b62.apk,60,73,60,73,0,0
ec9bdd14ffce46211e72a5075db7cd6d.apk,14444,20115,257,389,14187,19726
ea39d4080120fb0a381fcfffb133f246.apk,138,180,138,180,0,0
f64eef579a4f2c2bdc2b3b5f7db230ba.apk,60,73,60,73,0,0
f43585bab8c8b8ac08cf7cb51b9c1931.apk,24281,55818,6367,21416,17914,34402
fae78993c4782e3852f6e2275746b835.apk,13,8,13,8,0,0
fd924281a763cfff667eb192fd2ef691.apk,6288,14238,268,356,6020,13882
f0e06b24d4039c876bad0a8c5b430bf7.apk,24430,49719,3822,11014,20608,38705
f4e7945fa47775114919588c484d7ea2.apk,3333,5385,259,404,3074,4981
f0ca13d7772aa19e045954af929d2f64.apk,3939,8650,1564,4145,2375,4505
e1e17904f28fceb2d132fe2ac6319259.apk,30020,67116,2594,10297,27426,56819
f3c43ebdece6d86a92e5074d8320d483.apk,23274,53583,5743,19973,17531,33610
e53a786309d6d060bbb576ff783a7d17.apk,20549,39010,3858,11584,16691,27426
fce27e59a0eaec4bcaf11edcbd6f9733.apk,9482,26249,4446,15408,5036,10841
fd601eaace9e197d22f4002eed4e9272.apk,13475,32916,5162,16371,8313,16545
f90c4b66c3898ed53b8c5c6c9644927e.apk,1491,4738,918,3266,573,1472
f6a49c92e1f2ac0c02221a062d670672.apk,3618,5792,160,302,3458,5490
f4d1dcc3787087946a1a0c3f8ae70d7a.apk,11750,30712,4884,15986,6866,14726
e3a68be5485276b477e96b92c318ce62.apk,14444,20115,257,389,14187,19726
e39960403e5d599a2c6b5d90804b1a81.apk,14444,20115,257,389,14187,19726
e8bbbabeb3a06c3683cfb363db0d9c3d.apk,60,73,60,73,0,0
f179575e56b35f10104ef9a0c001c824.apk,138,180,138,180,0,0
ea6a011728e24a2481161f2408c5f874.apk,39745,82771,5598,16842,34147,65929
f7296fa9243869375577e7770ca148f9.apk,60,73,60,73,0,0
e7e8d519093fb2afe52f1b652948e6bb.apk,60,73,60,73,0,0
fe73930d1a24fb7d81693471c3677f8f.apk,60,73,60,73,0,0
e37a535779cc0bd712aae7ee8178fa4d.apk,21755,41071,2935,7998,18820,33073
f1bfd66a408856afd9b1addde677c4ca.apk,60,73,60,73,0,0
f8c5a1d68030801463b7ccd83be6f95d.apk,72,71,72,71,0,0
e6a1bd99635ac72c764eb3df6c26d71e.apk,9976,13047,294,426,9682,12621
f52846b071f3958998ddb2618ea62144.apk,4092,5592,498,1014,3594,4578
ea12f44eb7a3ff41e25dc7361835a0c6.apk,12,7,12,7,0,0
fbf5290d0ad24fbe52b772948f11fb0c.apk,12502,17854,841,1824,11661,16030
fa5e576ca89d83ec7a6395427ef418cc.apk,11611,18779,1515,3745,10096,15034
fc846b71eb124380f999491bd8043505.apk,2748,4752,533,1038,2215,3714
e440d8c44e47eb8fefad3671a104d0de.apk,147,99,147,99,0,0
d505c89d2eeb361a92fd7aeea34a2fdd.apk,6282,8395,312,409,5970,7986
dff4391e855d787e861ca598e346c35d.apk,9976,13047,294,426,9682,12621
dbeb7c25b0b76b03ff70850c76b3b7e7.apk,1480,3904,1043,2795,437,1109
c6478ef614a5a8a9b7f2b456c2af9dc8.apk,2240,4144,400,691,1840,3453
d827f54adc502e56a2f2d0903a0965a1.apk,203,273,81,113,122,160
c7ee8eccf5b78e7ae5e35e885700f886.apk,45495,90345,5960,16360,39535,73985
cdab1a96d28a7aad0c51a605eb4d2fc5.apk,4287,9211,1653,4246,2634,4965
d61229c484f0831ad0f7a96425313b29.apk,60,73,60,73,0,0
ca875845738364476c6449394b503eb3.apk,16137,32837,3772,9527,12365,23310
ce899127e455a9a64f50d492050e8c22.apk,3596,6568,94,131,3502,6437
cefc2e47228b4f41a259b5aa94b31e88.apk,9482,26249,4446,15408,5036,10841
dca73f293cd125f1169cd9de401808b5.apk,32612,72479,4523,12953,28089,59526
c92ce52cf5e12c9c419c966e6f62db7a.apk,7436,20213,3543,11763,3893,8450
ddeace16b9133fcd1c684a15c5537b5c.apk,40,33,40,33,0,0
c4286c7bcb023d48953596cc50f3dbcf.apk,45495,90345,5960,16360,39535,73985
d672e2e9e39b12f09d654166499eed90.apk,5408,14558,2963,9730,2445,4828
d7b50933d279004f9703cbc08f6f2c9f.apk,60,73,60,73,0,0
d928270a59b7ae5e706e38618fba78dd.apk,13,8,13,8,0,0
d10f783b3d99b7236fd81b10c708b89f.apk,13472,33922,3991,13367,9481,20555
c86165a69f85d8c9c361122693a57d89.apk,14444,20115,257,389,14187,19726
d1583aad5de36dd867c4602ed9d9d03a.apk,18805,42631,5931,19786,12874,22845
c2c0d2a4bfd97ced46f8be3ec8e45a14.apk,27643,60605,5400,15432,22243,45173
ceba539259a8b3ccf93e10d63fbe482c.apk,60,73,60,73,0,0
db919aa123e1f80da42e1c5836bfeeeb.apk,14444,20115,257,389,14187,19726
d164227349324bae91321f2159b3fe62.apk,33298,74160,4902,14095,28396,60065
c59c55a56f11922b1f526670e466b4e4.apk,138,180,138,180,0,0
c65916fe4adcd141bb483818f1eee57b.apk,45052,89259,5831,15874,39221,73385
cbaf358ed23397dfdbae4a24c6578397.apk,3326,6273,87,117,3239,6156
c1c8024de6ef63f66567209d9f4243d4.apk,15602,31590,2443,6032,13159,25558
d020d5b0b31c914c5ebabad5894cc40c.apk,3939,8650,1564,4145,2375,4505
c825c5f2006e701be30edeede960ea60.apk,10990,24697,3467,10057,7523,14640
d922cae2a99aede2770205a36ec87c6a.apk,20607,36001,1951,4656,18656,31345
dc85327a5f4d330dfb04aa871d508568.apk,36091,65965,3779,8626,32312,57339
db648836259abd330a8146d5588e8a1b.apk,30020,67116,2594,10297,27426,56819
d2ae5599c68ff9475a844e74f70c09e3.apk,119,125,119,125,0,0
d1d61a5b49a3a951507c51f61ff6cedf.apk,129,295,105,212,24,83
d47eede846179ce2536bfc9170de9cca.apk,23274,53583,5743,19973,17531,33610
cc97e3155623383515b8f2df4104af0e.apk,123,133,69,82,54,51
d18e1b0af49319ebb7a5d0a2c64acfb0.apk,60,73,60,73,0,0
df6fbff6807c2fa476f99d9145f0d267.apk,7218,13636,1107,2225,6111,11411
d5ef78f4159481be7d77399c27d6812d.apk,24611,56862,6490,21997,18121,34865
c2dc8f1199b342f6847014144a42890d.apk,3939,8650,1564,4145,2375,4505
d23f5ff72db38e558f58086915748485.apk,21755,41071,2935,7998,18820,33073
cffcc9a927ec3a80c08cee439945a1a1.apk,60,73,60,73,0,0
c354063ac8b2b6236e664860a24f72c7.apk,60,73,60,73,0,0
dcf83b2e054c5c3ce897a967fd0cc599.apk,14444,20115,257,389,14187,19726
cfafedc02692d2fc33caf0a95ca021c6.apk,8437,23921,4251,14737,4186,9184
e0984c3f349fa83b29f3a5cdf66cf80c.apk,2575,4688,409,726,2166,3962
c39a7d1bcce04bf17be190954bb4a06c.apk,19385,50827,7946,26310,11439,24517
d36b241423f67dbd980cd124f4b3d614.apk,14989,33039,2760,7687,12229,25352
d8a9be08976578d56593ac236673116d.apk,11611,18779,1515,3745,10096,15034
ce54e044414c762f290c32a92fba4678.apk,3333,5385,259,404,3074,4981
e008734d770cb50e1eae5c96128369f7.apk,12016,22617,2185,4454,9831,18163
ce25436c6da64d56d540aef2733579df.apk,3945,8655,1564,4145,2381,4510
d1897f50e720820d4862d461dc8cb2c9.apk,18978,34838,3324,9986,15654,24852
d08cbe6d209731271c388f43fe656fb0.apk,1414,2874,873,1964,541,910
e177578f3e8fe74a34d746640bafbf40.apk,60,73,60,73,0,0
c6ecb2467dfdedb4f932725daba36bb9.apk,138,180,138,180,0,0
de3de0f815df0c90c88eb24ceaac03e2.apk,580,840,118,174,462,666
de457a82deaf67025ce6c63ddbb64e3b.apk,24436,49727,3823,11016,20613,38711
d052b48afb95c8d083444dac9b95eae7.apk,60,73,60,73,0,0
cab5194d378a1759c68e199fe0e68807.apk,9964,13438,845,1540,9119,11898
cdc663830bba8a82f065b79e2b33c3ac.apk,60,73,60,73,0,0
cd413a2d98af95eacdcfcc22e3055a14.apk,8875,23715,4065,13655,4810,10060
d7fd2ec4bb16189404b4b88fd2d3fa26.apk,32295,67683,5498,19174,26797,48509
e10346d78c94dd5b27f3737e9d13f03b.apk,24430,49719,3822,11014,20608,38705
db50e665f13ab37e9fc780e6a1ce8129.apk,60,73,60,73,0,0
d08fea81190260523a193f1785da3408.apk,40,34,40,34,0,0
c3efee48b90dea1e347d12496bfd1230.apk,60,73,60,73,0,0
df4597cd7369f56777765ada4255c56c.apk,113,109,69,71,44,38
d02d84577a3793d65846ab279149ef9b.apk,138,180,138,180,0,0
c6fdc53478a3077a1a5a694cd136c495.apk,14444,20115,257,389,14187,19726
d7cc504de1480e0978cb237ad9cf1e06.apk,60,73,60,73,0,0
c9f874e4fe5601b006ba37783a838051.apk,14444,20115,257,389,14187,19726
c18a629ec49d76983aa3f3826e88a88d.apk,5178,12982,1640,4519,3538,8463
d753d97b674fe27fdd33567ad0b15ab4.apk,637,1244,411,778,226,466
dcce76d91609ca006739267c21c0a4d6.apk,142,146,96,107,46,39
c1de08141dae9519edbddddbaf74a755.apk,26312,70331,4663,14556,21649,55775
cf79a605a540e201d95ef183b621333a.apk,8214,21709,3735,12442,4479,9267
db4c03f914265fc6fbb43ea03e8fd021.apk,60,73,60,73,0,0
c7b07b8f1b862580ca3bc217a233c0ee.apk,60,73,60,73,0,0
cc5257d3d02213408d03e93f68483f41.apk,40,34,40,34,0,0
d2dfe4b2ac28dc96895339ef07ba4ab1.apk,817,1222,174,219,643,1003
de2771a84b33c371084e2c602834b277.apk,6434,11526,387,669,6047,10857
e081e33d28cdd24f502b75d334b11f13.apk,19168,34992,3197,9720,15971,25272
cf134f47303da34642691b161a3f13d0.apk,6042,16266,2473,7706,3569,8560
cbd7c0c7e84038ec91239cde964a400b.apk,3394,6346,94,131,3300,6215
dc8b9e078a17c55187c67b052eae3402.apk,23266,46896,3590,10477,19676,36419
dad64b9300ac69d30c748a9633521fae.apk,60,73,60,73,0,0
c1e2dd289252b5c6460c898d31f9f207.apk,3939,8650,1564,4145,2375,4505
d2ab566604120e6cc81e2939946c2ae8.apk,160,99,160,99,0,0
de0b2399d7c68a0343746eceb35586b1.apk,7218,13636,1107,2225,6111,11411
c3872ddfc4f100f16317fd6f7655081b.apk,3945,8563,1546,4032,2399,4531
c46f1a71d4052640a6bc81e56501ddc1.apk,13,8,13,8,0,0
d28595b6cceef2fe208be4c27de96278.apk,14444,20115,257,389,14187,19726
c7016b8aa015b04dcb6e941b920e9881.apk,7436,20213,3543,11763,3893,8450
d0b9d8cbf0f9913c4ecbffd7d7906184.apk,14953,32875,2737,7641,12216,25234
d38294e7ff3cc29b05b132f2b01f5277.apk,45052,89259,5831,15874,39221,73385
cd9ed0c8eb97f81b44b0bdf71c77e900.apk,45396,89951,5896,16064,39500,73887
c772443dbfe919fe0e1e0f70876fe423.apk,138,180,138,180,0,0
c3229c3f6c95d2e0b556cce2c6c8f906.apk,2267,8848,1325,6145,942,2703
cf11861932d5ba754edc2cc3995a2040.apk,12,7,12,7,0,0
d604853d9c6e0ab81ad2ec000fec509f.apk,14989,33039,2760,7687,12229,25352
d53c2f23178cb5a165efe20feb1bd3f8.apk,60,73,60,73,0,0
df6049e3f0bc98e1eefbacb12fcc9589.apk,2267,8848,1325,6145,942,2703
d7782c90e38c8c9573d13dc324197a11.apk,40,34,40,34,0,0
cba67916d3158daa38b9cb1ff565fbba.apk,8214,21709,3735,12442,4479,9267
c7080f9814d105e94ae2257bef07e322.apk,28519,74789,9508,29758,19011,45031
d04ee0c0f8841e30fddac7daa229ef81.apk,17734,45397,5883,21040,11851,24357
df68d09bcb8bd31c980bd578050b7c51.apk,21755,41071,2935,7998,18820,33073
e0d42341ee5f574b7f9875548ee54d45.apk,32612,72479,4523,12953,28089,59526
e08c9d87dd6269213ae8e51a42092912.apk,3648,6561,73,96,3575,6465
ca3e17a2e786dc022410e0ae1c5c51d2.apk,1584,2897,682,1301,902,1596
cd1748a4ea412b2a178ad81b9e511367.apk,3478,6425,92,127,3386,6298
d8f2bd0f31208c58c54a933634f021b0.apk,794,1260,220,464,574,796
c8fb1b7ffab0319dbcfbe3cb1cd098b7.apk,21755,41071,2935,7998,18820,33073
c5eb1836b7421616431262e9228ef59b.apk,1113,1712,355,654,758,1058
d1f8ff5ffd9429beb7f0564de4433a1c.apk,4133,13381,2928,10273,1205,3108
e0c4bf53ea6fad3acc3390c36c401c7f.apk,13,8,13,8,0,0
ca7f075d0686c81853f23c6436b11585.apk,6282,8395,312,409,5970,7986
d23c3462a33366efbf04fb178c0d31d2.apk,31705,69583,3892,10733,27813,58850
c4c1cbb29f23ca12d308116d20ada29e.apk,60,73,60,73,0,0
de4c9c43549d239a6c8e98e46c728f8d.apk,36091,65965,3779,8626,32312,57339
d1c1dff9c7e1d2c10cf8a8fd889690e8.apk,14444,20115,257,389,14187,19726
ca11cfe2ff59f2f2117a7a48af3c87e5.apk,60,73,60,73,0,0
df6539a98fc41c959d1754d52a2d39fb.apk,21755,41071,2935,7998,18820,33073
c2e7a8f53b9d4676e9572cca653e026e.apk,3945,8563,1546,4032,2399,4531
c62c8102f9204e74069b5434b1451e91.apk,60,73,60,73,0,0
ca8f55d0facc7e014ee81e759d010bc6.apk,13,8,13,8,0,0
d6d4d852b5a8af469737a412bdad6041.apk,8875,23715,4065,13655,4810,10060
d9a59815e019cc4442f0f2acd86dc916.apk,12,7,12,7,0,0
e12c00f50c9faae4c3dfed5ec6aa61c9.apk,83,97,83,97,0,0
c889351def08fb50690c2adb26889563.apk,60,73,60,73,0,0
cc3284742bc306bd38873e0312fb7ed3.apk,21755,41071,2935,7998,18820,33073
c53204a7ade743e2a610acfd5d06ee9f.apk,13534,25425,2081,5275,11453,20150
c228052011135db7255c4ce976104118.apk,14192,50193,3041,13342,11151,36851
da7782cd9d67b2d9c04904a42353f633.apk,3281,7767,1606,4309,1675,3458
ddcec5e9c9a2dca46547e8a766a46591.apk,42695,74214,4139,8946,38556,65268
df423e8b9df3dbe03684a0fe728de988.apk,26492,50465,2287,5487,24205,44978
d6b6fbfa96ad19b2d24257dc4520ac0d.apk,24281,55818,6367,21416,17914,34402
da02970f515a056cf0bc46cdff1c578e.apk,10801,20442,1089,2700,9712,17742
d4e84449532c2b89a715780a762cc33e.apk,7014,11918,374,624,6640,11294
c88f9323f014cd0da5b516cf672eb85a.apk,3374,5427,88,159,3286,5268
ca75e5980858eb6cb85c79d69e4ce7e7.apk,60,73,60,73,0,0
c67e99a552c533ac7636b96b5f68a8ba.apk,3939,8650,1564,4145,2375,4505
d1740b4ca25a9f916008f21fed0a4ac2.apk,17760,38229,4214,13467,13546,24762
cf61d24db1c328d84e51365f5c4b164f.apk,80,53,80,53,0,0
caf285a21a5c994451165a17760e9452.apk,60,73,60,73,0,0
d62a7cc03acc8f0b3441631da3c35f0c.apk,82292,211661,20008,67829,62284,143832
cadda7a8c8d2f4a7a5d1a91953ccbdb1.apk,3298,6232,71,92,3227,6140
db1dd9bfce0e76f9e3d76619f2da939b.apk,9502,22892,3770,11308,5732,11584
debbd37d4de69d369bd59fc88c363f2b.apk,3317,6257,86,115,3231,6142
cd1f16199cb4b25aae8d36ee6ef096b8.apk,8437,23921,4251,14737,4186,9184
dd310951a482bbf6d149df6bcb23367f.apk,5420,9809,1155,3069,4265,6740
e0490213d6c2ee7378c483a7524d54a3.apk,10535,28764,4033,12865,6502,15899
dd65eb7462b258b1f426cfac84f7c770.apk,1379,2297,759,1397,620,900
d1830e70492bf2129b8581c15827e67b.apk,9482,26249,4446,15408,5036,10841
c587f03d7217e8e983d012648e31e5ee.apk,60,73,60,73,0,0
da9d1622bce862c74328732a537cf98f.apk,14444,20115,257,389,14187,19726
d771444783b1c9bffb97ef15712df5ca.apk,2386,6340,1079,2833,1307,3507
e0e384cccd37c9aa3abdc9c957796091.apk,24485,58110,6459,22927,18026,35183
d53ea3df3691798db75e29142f7c87a7.apk,21755,41071,2935,7998,18820,33073
d030b7e9731f63fefa4be2c06ad85cd9.apk,17303,15087,234,332,17069,14755
df591eee460e68d9a2060a95cb114ce8.apk,3435,6400,78,103,3357,6297
c2486b8b12c085026b840b0412de6290.apk,60,73,60,73,0,0
db03b45c5eecb392514581eb28725b0c.apk,3451,6146,277,407,3174,5739
d458599f2115a054910acd4869eb8bf8.apk,24436,49727,3823,11016,20613,38711
d0320dde8c2dfe598ae9a5652d5625dd.apk,60,73,60,73,0,0
cd44680d27bb833166179e7bfbf29eba.apk,9062,18513,731,1460,8331,17053
d9a8b9a1beaad9a30eefaf81dd6e4a24.apk,13,8,13,8,0,0
cb6f311e93e8d9166bcc884c7ae66f6a.apk,60,73,60,73,0,0
c93c36b402602dcebd5601ec16d2e85d.apk,580,840,118,174,462,666
dc19284803c8e808c93ec6708b880934.apk,142,146,96,107,46,39
dcbcc2a9c85f3b16825c83f60ff9ca80.apk,3939,8650,1564,4145,2375,4505
c74dadc48ee45c2e607da9b65614fb8d.apk,60,73,60,73,0,0
cdb5a9503003c1f75897adc6b9728cae.apk,60,73,60,73,0,0
c5c5138b0c89c2d42d75dcf8325a73fa.apk,3939,8650,1564,4145,2375,4505
c4877f0ec816cf163f97d2a3ba0da87a.apk,3377,5419,76,132,3301,5287
cd3acff1a9dfbf2289a130e5194a26f1.apk,8437,23921,4251,14737,4186,9184
c33e7031018b5d23c23f8ca58c139a07.apk,60,73,60,73,0,0
cebbf6b4a35c610953be8faf94a6fb3a.apk,40,34,40,34,0,0
c57e996114884c299822d6a94f0b4a6d.apk,45052,89259,5831,15874,39221,73385
de03a7335e756a1cf8ba729cffbcb2c2.apk,60,73,60,73,0,0
da59ba65b031fec245031d1c1470e13b.apk,56,49,56,49,0,0
c2807ab94ca3c6c12002e023e55627a2.apk,3785,9872,2240,6756,1545,3116
cb2544c220102d0c712acf1d082ed753.apk,33022,60490,3636,8877,29386,51613
c4e1c9a15b272714e0a00f98d45149cb.apk,9482,26249,4446,15408,5036,10841
d8094f0851490c1e52d59fa42c7fce32.apk,101,93,64,66,37,27
c68ca32de9e1f4c5469dd2e86ac8874f.apk,4898,12784,2292,7323,2606,5461
ddded8fa6ac2747da315819e0ad85dc7.apk,12438,23762,2394,6208,10044,17554
d32d3720295443ac4c715b75bac6a278.apk,10450,22817,1700,3621,8750,19196
da82acb9db9215c1624881b9077ec2bf.apk,6328,14823,2928,7455,3400,7368
ddce5b0e84dd1dc4a213b9b2e469276c.apk,825,1235,174,219,651,1016
d765d92e6232c6b275482d158efe1f63.apk,60,73,60,73,0,0
da31833325c9dadc0cd0f8dbf477f08c.apk,24611,56862,6490,21997,18121,34865
cf1465646711b0aff79db45cbe16d70d.apk,16,11,16,11,0,0
c887cbbcbcb23e84dc8f78008c86a726.apk,17689,29601,563,884,17126,28717
d4d139fd662f4ffe4b553d306bb9a8db.apk,60,73,60,73,0,0
db4f5b4ddbc77429adae030d05edcfae.apk,21554,40651,4278,12743,17276,27908
c7c2e9932b1ef1d1bbf471a802a42563.apk,1806,4308,276,536,1530,3772
d572a97fa67d5665dd6261abbc20b964.apk,7567,11521,749,1379,6818,10142
c9a8d4acf6161612467218384ef981d4.apk,7436,20213,3543,11763,3893,8450
ca7232dc481a7e3d43b1c62331a15205.apk,7436,20213,3543,11763,3893,8450
d980e1a1923bc94358ca278736b9a097.apk,1701,2412,1701,2412,0,0
cd7a8e79a5b8b73b1f972424fc48ab45.apk,5076,8168,123,200,4953,7968
d8eea117513719e92f5433ff26918782.apk,119,125,119,125,0,0
c97a038efd1bb38f7bb1ee16dacf5885.apk,782,1150,351,580,431,570
d60200eeeaad17ff370c915a324d4c4b.apk,139,123,139,123,0,0
d275d4c81b98dd367b6a68685f7f7556.apk,152,99,152,99,0,0
cf2c88bc83f4b3d6c8b459adbba24e74.apk,3434,6877,471,959,2963,5918
d14f04b65f8f0c8f0717745b68eae020.apk,2203,102,2203,102,0,0
d1b739e4bc6b95021d47cc58304cb200.apk,20607,36001,1951,4656,18656,31345
da199fbb481423b96922299f184475b3.apk,13475,32916,5162,16371,8313,16545
db4c2b66f4881493e518fcd6b71d194a.apk,8875,23715,4065,13655,4810,10060
c4d70613649c23cf1c34811381cd4772.apk,23266,46896,3590,10477,19676,36419
cee45ce9096c91d48cdfe80aca23e44c.apk,343,562,200,302,143,260
d02ea61d5b43115a1a0f9b848ebbeec4.apk,14989,33039,2760,7687,12229,25352
c8e987e1d23a47bdbdb40a543d010c13.apk,11611,18779,1515,3745,10096,15034
d004171b575334b90fb1ec1e18235461.apk,60,73,60,73,0,0
cb6a7b71b455ad92f3155ff20d4721b1.apk,11611,18779,1515,3745,10096,15034
d3fbc03e0ddba8c79d0571d4f8dd37ee.apk,13475,32916,5162,16371,8313,16545
ca4471bdb728ee47debce84ba2a5ad0b.apk,15935,34205,4755,15182,11180,19023
d25c220b94f3bb1a218098ad96b4c0d7.apk,60,73,60,73,0,0
c8647abb58e194a7d1e1d0e34714592f.apk,60,73,60,73,0,0
d60ef1170f1763a8e55838402fc382b0.apk,21755,41071,2935,7998,18820,33073
c99db243ca58e4816713006ca572adc3.apk,14989,33039,2760,7687,12229,25352
c50e14f13af2680cebb3eb26eb35e528.apk,2401,6368,1072,2808,1329,3560
d443247b066a037ad7f2fd37c1df423f.apk,24611,56862,6490,21997,18121,34865
d0a31a069792b555c142c51f4da016b6.apk,32790,80237,3310,13891,29480,66346
cc4474267d9be26698609f757a0f731b.apk,60,73,60,73,0,0
ced8578e2f9532be9c387fcd6036f228.apk,54,58,54,58,0,0
d4cfe0934f4733007e74f0f37b34bdfc.apk,21755,41071,2935,7998,18820,33073
c55d933f23f4a835e713f358e44cbbb3.apk,8875,23715,4065,13655,4810,10060
c5b807e102194848f53b730b429c24a7.apk,12886,33418,4681,15504,8205,17914
d9a4e1a0af7c147d938779f878568fe8.apk,3332,6263,80,107,3252,6156
d25161fe6ac767bdc5801d9f3560d157.apk,343,548,200,302,143,246
d10f39909c208011ed80a151b1a0658c.apk,60,73,60,73,0,0
cf75aa6e6b897c9cbe3257499e59a264.apk,60,73,60,73,0,0
d51056167ea7c787c6644b4dbf65f368.apk,3945,8655,1564,4145,2381,4510
d8eeac957fc328a76b3684b8af4ad32c.apk,12016,22617,2185,4454,9831,18163
e0f420e3de1fa8be853a45791ab7fd80.apk,23274,53583,5743,19973,17531,33610
d3db285c5c02758a925906d2b46a7646.apk,40,34,40,34,0,0
e02d0e73ef1e4cc685c05250b5f3467c.apk,83,97,83,97,0,0
c1844b931d4638c4f6bda21ac36ddc97.apk,13787,23115,200,367,13587,22748
d6fd5131fdce6de43d7bd74ea60d135a.apk,60,73,60,73,0,0
d1fc6293e84e1949e653d8f3e89195e5.apk,60,73,60,73,0,0
c1f87b816db6c00faa26a49a849f44d7.apk,24436,49727,3823,11016,20613,38711
ccf029a7cd71a392d1f6a3a1dfe7e1e3.apk,91,122,91,122,0,0
c739e31f5d4c0f67688171e038400b10.apk,3687,5896,76,132,3611,5764
c276044bd30141755429f0b8f01e9f37.apk,14444,20115,257,389,14187,19726
c8c8913eaf2b64ea8eaf644aa61859ac.apk,6976,18385,3677,11616,3299,6769
cd3e082b4198cff1d4ee2af4238b01f8.apk,3822,6108,83,144,3739,5964
da2c4d66ff3813a528e3ef188b8d4dae.apk,14936,32755,2736,7636,12200,25119
d0163dc560765c11a09f21980882c07a.apk,13,8,13,8,0,0
cdf113e2d3047680c89cc4b7c24f9457.apk,9482,26249,4446,15408,5036,10841
c6328012bbffabc11c7f280058a017f0.apk,7567,11521,749,1379,6818,10142
e0c7db9f3c451d0dcd4f6118023018df.apk,119,125,119,125,0,0
d5a676b446b30359d5a2b1bd50134214.apk,164,113,164,113,0,0
dbbaf2e47175164316f1fbff444b9b32.apk,25011,49918,1918,4154,23093,45764
dace492449e61074ae5050151a5cb5be.apk,13,8,13,8,0,0
d11f43c5f1125e4aa1482e636d732cc3.apk,7455,20199,3530,11696,3925,8503
d9c1454e434cd3e00a7f358440d8e5ca.apk,3328,5320,76,132,3252,5188
d655c62952218d85c238720724a4f642.apk,45862,92661,6333,18246,39529,74415
c6c84beba7750bcf522f9239510ad1d0.apk,17948,28314,1906,3950,16042,24364
ccff2a515d49e57bad5e5c96752a089e.apk,43011,75159,4140,9040,38871,66119
da3cd48e4701216f7ef3306202be0c4f.apk,13,8,13,8,0,0
c1cea46be94cbcea13c1d700556f8899.apk,13476,32922,5162,16371,8314,16551
cede2818083fad9566da0d164b0847ec.apk,12,7,12,7,0,0
c8280b8acebcf7441317414c6a6acfb3.apk,21755,41071,2935,7998,18820,33073
caac81e3d28ea9f154f90939f9d8ea8e.apk,21755,41071,2935,7998,18820,33073
dfdc7641f760906fb191247f289d0f95.apk,13475,32916,5162,16371,8313,16545
e1a49aec0a70168cc3e0e933c558fae7.apk,3583,5764,261,407,3322,5357
d2d275d6463cfbf0f9b5f9f9b708d7f7.apk,3945,8563,1546,4032,2399,4531
e00a0e852cab2202d1b08e7287bf2e85.apk,60,73,60,73,0,0
de3ea26fdce95f53d93b0cfb9905b4e3.apk,9976,13047,294,426,9682,12621
ce886cc0e07cfbd798261075daaf0fbf.apk,13908,29793,3635,9259,10273,20534
c940317f4303e2a138865868dc952a8f.apk,4863,13062,2927,9250,1936,3812
cfe7df2f28887d048b0c60fb399af17b.apk,343,548,200,302,143,246
db820e001fe5636e8e42647710eacbfa.apk,60,73,60,73,0,0
de0c429b2773e7343cf91ac2e46e38bc.apk,6288,14238,268,356,6020,13882
cdbfd250126e5318bba1ad08a4db5237.apk,45052,89259,5831,15874,39221,73385
caa074a11f3a816f381154eebdcda3f7.apk,8174,10327,225,338,7949,9989
e094a44bfd04e2fff427b5f16a8981b5.apk,3945,8563,1546,4032,2399,4531
e0a99dab8fe93a3844332bd1bb4f02d8.apk,98,118,98,118,0,0
d79ae78d1fdd9a16a14e1c9cf2a98efe.apk,62,50,62,50,0,0
c7b3a64d448a4b1f696d0bd1e71ec87b.apk,7436,20213,3543,11763,3893,8450
db2a86b8fb4ee9a8402f47dd0eb5de95.apk,60,73,60,73,0,0
ca517b55500e7b20aa7a5059659a0504.apk,158,99,158,99,0,0
d987769f2d58e3a4d5ba04930f83f20e.apk,343,548,200,302,143,246
ca0713ce316dbcee5518f557c33fc437.apk,9976,13047,294,426,9682,12621
cfe34bd55182acce6e3cfb365c59850a.apk,3437,5462,219,299,3218,5163
c992d8a66d5301c13a4c755859e419a0.apk,1162,2136,498,1046,664,1090
dfff2aa506992ad710e076516ee8fb01.apk,21966,38935,1618,2731,20348,36204
d74e40e696dcd19bf53825653a15112a.apk,158,99,158,99,0,0
e1adf79c0a13bd1ffd9e55f932dfe216.apk,14989,33039,2760,7687,12229,25352
cb96be4ace7e76e6bd67b4e53b754436.apk,33168,74022,5005,14546,28163,59476
d0c4279f4f609c015a263efb5c66c426.apk,2401,6368,1072,2808,1329,3560
dc41fa02aaddaf0654b40cbd7c4fdf00.apk,60,73,60,73,0,0
cbf281617bc8d3b2b4d5ec39edf2a6cc.apk,138,180,138,180,0,0
d8c86236f674f5845e86b1555dbb7bea.apk,60,73,60,73,0,0
cb9899393b74fe955705d6b8537bf521.apk,11740,30094,4767,14437,6973,15657
d486300ff6c7bdbe525ab8b98516a1a6.apk,60,73,60,73,0,0
c8daa13f9ed810ac75bff313054dddce.apk,10574,14681,627,1331,9947,13350
d891e834598b1a04add74fb34f2fc1ef.apk,138,180,138,180,0,0
df387d88a3466fadeaf0cdf4d1e6e397.apk,8214,21709,3735,12442,4479,9267
de8a4b7b94ce679b094ee643e2325122.apk,9415,27013,4934,17202,4481,9811
d49e75077a8e88e21625e3be3c2127f5.apk,12,7,12,7,0,0
de238f6c31a8a7ce6459cdd787444866.apk,3422,5489,76,132,3346,5357
d9e5fb03749b9da6615dcc4ea04e9840.apk,60,73,60,73,0,0
cdf94e262077d5e8016c7c0d5951705e.apk,8760,22437,3915,12759,4845,9678
d168c4e2fdabb1883b3a260e605e0938.apk,45052,89259,5831,15874,39221,73385
c63e1885942b15cba902260ed7cfa4f3.apk,13475,32916,5162,16371,8313,16545
cc2277f851e71c73cd6ad41ff644ef3f.apk,3518,159,3518,159,0,0
c92a5f67bc80a1e572c3677eb2da1e65.apk,142,146,96,107,46,39
dbd28513c9e15c5e2a6985d20a140556.apk,60,73,60,73,0,0
cd77e9e8c49fe599c3b71ba4ff4dee81.apk,57,89,57,89,0,0
d415f12ac7cdf616f3b8d68234c24c8d.apk,1414,2874,873,1964,541,910
e0dd04741285adbe6ed80c6e7444c20c.apk,457,582,457,582,0,0
cee04b164ef6cc6a5fe57e32bfb63105.apk,1707,3521,620,1517,1087,2004
d3b29683e9e53509917c620f0d421b79.apk,40,34,40,34,0,0
cf8947b15a0b304ec71b9a965d76e58a.apk,21755,41071,2935,7998,18820,33073
d4594569b8c56e1cc1835c118b7b289d.apk,154,99,154,99,0,0
c65520025cb907736e5d5d9db7cfea20.apk,13362,27121,3491,9702,9871,17419
c8e8d3873c1e43c743e17e394a492f4c.apk,13938,28282,1876,3746,12062,24536
d5272ca49467c2fd5529ca2a45bfe731.apk,40,34,40,34,0,0
d8cbe2315cb38d3993699cf897f385e5.apk,3770,9151,1658,4347,2112,4804
d9d5a508eaac2a5d1129da2591f4988e.apk,7147,14439,1914,4386,5233,10053
ce3bbc3e6837c9feb0ed94c3a5ad830e.apk,3945,8655,1564,4145,2381,4510
d8f141259fd8149746e5df6448f6276b.apk,60,73,60,73,0,0
d466733affc9a2a0b86a99ee120401cf.apk,18923,9008,280,414,18643,8594
d6027dd11e47f4ecbc0606fb2fd08453.apk,138,180,138,180,0,0
ce34c0b7a88dbb08a867582df48ed347.apk,3945,8655,1564,4145,2381,4510
c3977595214f9d61a0d861ca25c40b05.apk,2969,5001,567,1007,2402,3994
ca0593e172cfdcb0f780132ba75af023.apk,1794,3480,703,1294,1091,2186
e139fda153307cc474f636ee18ba0f46.apk,4869,6337,35,36,4834,6301
ddc80c706075474f751fe9198b507c46.apk,580,840,118,174,462,666
d59db84a4eef426330331c64a7703c7b.apk,60,73,60,73,0,0
ca4ab29bb297421c6e82b00a11dc78c5.apk,11296,24461,2301,6335,8995,18126
e02742e15eb1bc58789a4422ebb55c4a.apk,25862,76450,4905,18198,20957,58252
d846851d5542aec3a797a93f76549f45.apk,3939,8650,1564,4145,2375,4505
cd567830203fe91bcc80d3c337f1a83c.apk,2708,4972,497,819,2211,4153
c967d6ba8c3e574b951da888714a313b.apk,60,73,60,73,0,0
c5dc192e81da7432b291ded44ddb4c3d.apk,83,97,83,97,0,0
d83c76cdeab836a058060096014e4b79.apk,2200,4448,861,2017,1339,2431
cc7f05a11ac9f3e3a8a7c4d983f370b2.apk,6738,16412,3487,10101,3251,6311
c690709537a8ae5d72619ca8131f4027.apk,14967,32979,2744,7675,12223,25304
d3eb7111dfcb6636b4d0dd00b089c91d.apk,19385,50827,7946,26310,11439,24517
c1d637947fcb84033831118d9325458f.apk,18154,38950,4259,13595,13895,25355
c75e859327a9dc3d1dcf3c5081fc52d2.apk,60,73,60,73,0,0
ca0bd42558c5bce92f75e12c6027e58f.apk,8952,26956,3440,12063,5512,14893
c789e3dd698ba3894cdc7f383d94c835.apk,12,7,12,7,0,0
c4c6780c130854bb569e943b60374ea9.apk,7436,20213,3543,11763,3893,8450
c7b9fd2b5152ce3b05dd3d4d87234ef5.apk,60,73,60,73,0,0
d61a9176c3018047bf06b44906234b2f.apk,31003,70700,8093,26788,22910,43912
cd7518ba37bf8245ceadee80ee57705a.apk,14953,32875,2737,7641,12216,25234
db07fa496a4b48bb7caf5b84a378e935.apk,60,73,60,73,0,0
d8adf9130c280a56b195ed448415b5ab.apk,9062,18513,731,1460,8331,17053
c74f9d081fba6787a48b356853f7ad29.apk,8214,21709,3735,12442,4479,9267
db09c22762f053bba08ec09ca49bb0a2.apk,13392,24931,2735,7390,10657,17541
dc5b67d47bc5d3f4534630377555114a.apk,14938,32757,2736,7636,12202,25121
d4779352ddfb88e3c6ca092367490be7.apk,138,180,138,180,0,0
e12f5422c4d5fc0a7c6f1eb3065c69d5.apk,2386,6340,1079,2833,1307,3507
e1d42ba3b572a6962ca73464ca96b38b.apk,7491,13630,1182,2856,6309,10774
cae952c1879c948139985ab85213bc02.apk,11778,25579,3088,9873,8690,15706
ce7f99f04ca63033bf8cb64168d4b721.apk,7218,13636,1107,2225,6111,11411
cffd3e5fc56321cd7a2f18da48cad6ab.apk,8437,23921,4251,14737,4186,9184
e11263d3df34e6d07aff6cb8f3126a33.apk,3939,8650,1564,4145,2375,4505
d142ee2104424badb2151f265e629a43.apk,60,73,60,73,0,0
c3a6c3312e77e68f5cac0ba9141924e8.apk,60,73,60,73,0,0
cb9e443d5919514f41e048123906a339.apk,60,73,60,73,0,0
d7b93ba1dbe23cbc9c68304b4f4801c2.apk,8214,21709,3735,12442,4479,9267
cd95a4a58a01f89b8c76a9109e68ff8c.apk,70757,193783,25605,87958,45152,105825
cd5db80e4509a1ed06c8444d79e937c6.apk,60,73,60,73,0,0
c8fa5bb1cc08c59860541d60549dc134.apk,136,111,136,111,0,0
cffb3fa343605c559480afb0af1adcc3.apk,19385,50827,7946,26310,11439,24517
c91006ef19183e78e42cc98908718e08.apk,20607,36001,1951,4656,18656,31345
c26478ed993e1b49528b6625960ec4ef.apk,4808,12005,1281,3987,3527,8018
cb8fd38c09ac347f56448f8332248c96.apk,60,73,60,73,0,0
c90545339ff1df4a516c60082fb5c360.apk,4868,13069,2929,9253,1939,3816
d21bd5a8b98bf152809b511f14a16250.apk,24436,49727,3823,11016,20613,38711
d6b294e54f204c9e6ea29921a9711bf3.apk,6288,14238,268,356,6020,13882
d517b71d9698722148f78d7cae7eb9eb.apk,17733,45249,5868,20902,11865,24347
e0d9fc7736e21f61cb2eb865ef839550.apk,13,8,13,8,0,0
d38d6a95ab757947639dbbf1bda86e5e.apk,60,73,60,73,0,0
d3a2a02170e9910e5378d9f354aba0de.apk,36091,65965,3779,8626,32312,57339
d8e8aba36f93a5a9653642c5f2a80afa.apk,6288,14238,268,356,6020,13882
caa913a177f10f6e201679a8f58088f1.apk,17734,45397,5883,21040,11851,24357
cce152ad85928c21533430dc73733d19.apk,19772,33684,1211,2833,18561,30851
cbdf29830b305779f1ac9ca7231a9729.apk,2316,6053,1488,4140,828,1913
cc46b58cdc46e02a8fa77941d32a1996.apk,23274,53583,5743,19973,17531,33610
de79563dfbb295555aa6625cdb5ec92f.apk,17281,33362,3183,7897,14098,25465
e12b5bc63799e53d95deeb1af18e4721.apk,13475,32916,5162,16371,8313,16545
d546c1cde027eb1407f1d35d313fa961.apk,142,146,96,107,46,39
d4c6f9a7068cc55e42592060df659f95.apk,3433,5497,76,132,3357,5365
ca55f97a93d3083cac2e5f8642efb464.apk,60,73,60,73,0,0
b05ab2c5dc35b2448497a0cf2560324e.apk,6282,8395,312,409,5970,7986
a492284c52c770d9d8627b09f2d17554.apk,60,73,60,73,0,0
bf06bfb8944a456d326b5041d65ed0d9.apk,28407,61499,5981,21005,22426,40494
a969c1abc1a3726d323e2f2a05d60197.apk,19385,50827,7946,26310,11439,24517
be67c82823f6a18e8c5963a6867026b7.apk,3939,8650,1564,4145,2375,4505
bde459f26efa4341aa81073adef4308b.apk,60,73,60,73,0,0
b694625f645cf82fc2bd2e9ff2736b1b.apk,60,73,60,73,0,0
a9acad549c9440ef46cd5e8ef6fa2e0b.apk,40,34,40,34,0,0
c1087972dd7be6cfe822786804f2b8a8.apk,9976,13047,294,426,9682,12621
be31d6d4f331102a6aa1da937c40c67a.apk,8214,21709,3735,12442,4479,9267
ac4b2c2267f6a128089ec3dd5b0b7299.apk,36091,65965,3779,8626,32312,57339
a97f682fd05e93692cecbd185e33c2e6.apk,8232,22195,4374,14207,3858,7988
bd85845385681d1bba5b0159289fcb83.apk,14444,20115,257,389,14187,19726
ac969ad0665198f413bc376dc1d092ba.apk,21755,41071,2935,7998,18820,33073
a70a6f95a175a83ffe8e5f5d33b793ff.apk,9482,26249,4446,15408,5036,10841
b0299f80898a04863b678a66c24f010b.apk,8088,15321,2126,5295,5962,10026
c0aea6fa3e87bc9f70c802d8eacc120a.apk,62,81,62,81,0,0
aef41652cd646856a4e9aa8aaf38d0ce.apk,36091,65965,3779,8626,32312,57339
a5fef98a4dca2e665844cd90e7ed7b19.apk,9482,26249,4446,15408,5036,10841
c091c918169bd339ff7fc945b409a5d4.apk,56,88,56,88,0,0
a6dffc3c07bf833dfa0e2201d4d43632.apk,3717,10097,1853,5056,1864,5041
b6238d8c624d0fbe2a15c788c02afe21.apk,62,81,62,81,0,0
aa5d4160533bb781c8343718b62aff92.apk,3370,6344,83,109,3287,6235
bc36e8bcffb88777eff433fd78e801e1.apk,769,1230,408,748,361,482
b29a24d4c0302cfd559356da4141dfe9.apk,9482,26249,4446,15408,5036,10841
a3750479bbda12f256da367a44d9c5f6.apk,778,1720,102,139,676,1581
b3b100042ff6f5c7664c98d07d4b86dd.apk,6288,14238,268,356,6020,13882
a6b5d62e0cb3408cdd5f231fa964858f.apk,138,180,138,180,0,0
bbab47e769bcb5fe3b05e13c64f2c6f9.apk,119,125,119,125,0,0
ad9dff6c9ef348d6681e55f8c9bbd5de.apk,2401,6368,1072,2808,1329,3560
a5bb21e3361936f8cd1034204e668351.apk,4092,5592,498,1014,3594,4578
b86d3fd6c6202c8f76ddfaa13669679d.apk,12231,19220,1074,2303,11157,16917
b420b79f7ff1c287eb56d9128b538feb.apk,14444,20115,257,389,14187,19726
bda6adf5f18548c0780e636fa9a64c41.apk,24430,49719,3822,11014,20608,38705
a585906264fc5ac4e738870719dc77cf.apk,60,73,60,73,0,0
b5ca01100e96b09198f8624a13ad4a03.apk,14938,32757,2736,7636,12202,25121
bf4dcb25cea8910326592c95956fad09.apk,399,550,133,205,266,345
c0033377b634f9eb42465b78a9eacfda.apk,13392,24931,2735,7390,10657,17541
a7e4b2e6de10244e95c908bb603678d4.apk,24281,55818,6367,21416,17914,34402
be6cf6048b4617211d3b75cadfbb14f8.apk,6288,14238,268,356,6020,13882
bb5136b0f48600a7612f31e422ebf5b1.apk,5069,11854,1576,4334,3493,7520
a52ee69bff0f7f20ce411ca7dc86ab9c.apk,6288,14238,268,356,6020,13882
a9f0f365756cd09d2e0a28ff967ae058.apk,60,73,60,73,0,0
b9176e0c7c940cbf6683268c9077ceb0.apk,108978,237145,14969,45521,94009,191624
a5d12832cfc7b32e0a7656ed2acf8f34.apk,60,73,60,73,0,0
b89b3f57875b580df41c8d1f0a3d00c9.apk,3305,5317,76,132,3229,5185
a4dcb6bef08782bed5fe4b1384f0dd3b.apk,15602,31590,2443,6032,13159,25558
b3bb64733e5c4fafd368ea76e3dda5d8.apk,26373,65303,7197,24441,19176,40862
b0128385d9114c5849e7c87188cccef8.apk,60,73,60,73,0,0
a978f1e9bd629d78d9a9e25ddff095e5.apk,3939,8650,1564,4145,2375,4505
b4efeaacde00bc71ff5e902bf9c12cbf.apk,14897,32280,2750,7572,12147,24708
a90d5c4499eb71f5079fe8ac85546f47.apk,21755,41071,2935,7998,18820,33073
b96bf661f0df0eaeb6968fbc29d40a7d.apk,60,73,60,73,0,0
bdbf8a07ec3f6827bd3f8f68dcdc3a9a.apk,24436,49727,3823,11016,20613,38711
b097e4b7e540e3e62e3d9538a83e3c70.apk,45052,89259,5831,15874,39221,73385
a352cf0f1d568aac3589c18cd54172a7.apk,6781,12226,1639,4828,5142,7398
a75ae8dd42ef521221c28a5f88d40a02.apk,14989,33039,2760,7687,12229,25352
a3f6cedff2ad3a85ac5136342e2d563e.apk,76,107,76,107,0,0
a6915fcdd50ee8cb348ecd844601207e.apk,9365,25949,4367,15141,4998,10808
a527d4ecebf8647c75ec97fad0862e5d.apk,9482,26249,4446,15408,5036,10841
aa3ac5a7d82dae29d3f4c39874b80d13.apk,16316,32660,2656,8222,13660,24438
bfdd19142a19656e61dd8f263d313c5f.apk,60,73,60,73,0,0
b0bf4808680ef0639fa78e2f3f3d2b61.apk,13,8,13,8,0,0
b1528ef1ea41017cc2022249f23bbc25.apk,3473,7370,1317,3217,2156,4153
ba3249e121c0775a88fa1f9db58e9750.apk,8231,7025,48,50,8183,6975
bc4797c04558c1fa615efe74c965b7e2.apk,6288,14238,268,356,6020,13882
acf000fa1fef93cc606e48ced3c1f6d5.apk,24436,49727,3823,11016,20613,38711
a401a47ec7d70bc56cab3c0854ab62bf.apk,13,8,13,8,0,0
b8adb5b4a0460c3a237ff7380660d6ce.apk,21755,41071,2935,7998,18820,33073
b56343c234ee6201afb8c5e0c4eeb04f.apk,8875,23715,4065,13655,4810,10060
a357400d85083e487cec4014a6c7ab6f.apk,119,125,119,125,0,0
b55a09503fc0e5f9de5d87ae6d259f96.apk,40,34,40,34,0,0
a89ced05abdfcc824e47c1130a878317.apk,32444,68334,5510,19364,26934,48970
c0603fe7d704aac47a1b75221f0c4819.apk,40,34,40,34,0,0
ba12376e59ff3465eeeb639fcd12b960.apk,409,660,241,387,168,273
b44cb86b721105c540c91ecd8b5e2bf2.apk,14444,20115,257,389,14187,19726
b3eda30288e03f4f14ad4743ba3791e0.apk,60,73,60,73,0,0
aaa4aefcca9b290ee8ba3903d6f08a5c.apk,25794,49462,2893,7416,22901,42046
a72b994857b9e7845f42dd86eb952261.apk,9723,18341,2228,6003,7495,12338
b3aa2c9769b3cbb422119a5eda917cbf.apk,3945,8563,1546,4032,2399,4531
aba8e6f8e740093d271ea784234c3113.apk,21755,41071,2935,7998,18820,33073
a8a4581862797e3e9183b0627aaaf716.apk,21755,41071,2935,7998,18820,33073
b69ba34e459fa6427d23f62276ba58f3.apk,24962,65564,7502,28575,17460,36989
bb3c9ec1dcaf84711449359f140af784.apk,3547,5748,83,144,3464,5604
c114771642f85fedc98a982796f654bd.apk,13475,32916,5162,16371,8313,16545
b68f50d84a10eaf2f142ff05da5670eb.apk,83,97,83,97,0,0
bc234814a71f4b1afeee4f5c43c5d834.apk,24611,56862,6490,21997,18121,34865
a474bcb84ebc730942d9ffbe85a3e6f1.apk,7436,20213,3543,11763,3893,8450
b7a326c969d28dea67c423356fda2edc.apk,14444,20115,257,389,14187,19726
b7bcea8af0f57d68d6283bb205fe4a69.apk,14444,20115,257,389,14187,19726
b73e0526b4c43d9a3a9a9e1b66135ddc.apk,12016,22617,2185,4454,9831,18163
b3d23f1f0db3d827b8c11c7ffd702dfc.apk,57521,125727,13720,37645,43801,88082
b8a03aa4630582bccd7d95688d75dba9.apk,7436,20213,3543,11763,3893,8450
b35076de96675e262adf7dc997fbffa5.apk,8875,23715,4065,13655,4810,10060
bf52e072aeb88b51545c45dfa18bd45f.apk,36091,65965,3779,8626,32312,57339
a7592db17214f3d1fb6f73b439430784.apk,10244,14387,1070,2299,9174,12088
aaa54b581e0d82f43b6bc009c83d584b.apk,119,125,119,125,0,0
b5ebc969f301af436a64a19d416d18d9.apk,119,125,119,125,0,0
b88da4169bb2639ca52e138aec9192e6.apk,60,73,60,73,0,0
b48fceff73c5e39956705e02bfb458fd.apk,3433,6138,76,132,3357,6006
afae1b0fb440730ea6f9023cfed82f3c.apk,142,146,96,107,46,39
b67a050aff98b92d738ae3616753204e.apk,44755,88357,5739,15546,39016,72811
bfaf7e841059ead420a335ef4891fd28.apk,138,180,138,180,0,0
a3807cd0826118746ac86689d4fe3ab6.apk,23274,53583,5743,19973,17531,33610
bf5b8bfdbb9cd5f3096a7e02f7c6798a.apk,14444,20115,257,389,14187,19726
a7c22b481653d027d62aa3802e778c92.apk,2267,8848,1325,6145,942,2703
af45d9124cace0b417287c539dc052e7.apk,3332,6263,80,107,3252,6156
be21cfff13d61077b8be3db36435cb48.apk,138,180,138,180,0,0
bb34fc7afbf49121e2c5dbc64b8eb1c7.apk,13728,24240,1695,4401,12033,19839
b8a22d646f3965c35fd657e272490e36.apk,26388,65331,7196,24440,19192,40891
bdd0c3e80e261b03d73aafd815c4acef.apk,76,100,76,100,0,0
b5e19ddc6956417ec3bef681d6b5cf4c.apk,158,99,158,99,0,0
b58744ee90ebd55ae3d171c01e4964ec.apk,3939,8650,1564,4145,2375,4505
b34ed9f173db979bdbd72d171a56f255.apk,18672,41800,5663,17475,13009,24325
a3ad431ad1db7c84f752ba950243a96d.apk,60,73,60,73,0,0
b4fd3c6b966b8b9e7a027e1b04d736d4.apk,13,8,13,8,0,0
a8ebc196bb90473c65f6f5f888a50a74.apk,275,341,82,95,193,246
b8cf91c7115dea2831b672fc7e65c3c3.apk,60,73,60,73,0,0
bdfea8561753cfdd35dc618619734eb7.apk,26312,70364,4663,14557,21649,55807
b93a8c7d6c898ed6b15e1f3ad52a9ba6.apk,4013,8865,1600,4279,2413,4586
a9d01a97835509362e9912640d09a11c.apk,119,125,119,125,0,0
ab26271ecc21560f5c9c7df14216b3b9.apk,3373,5427,76,132,3297,5295
aaa5d1ac5981c2914f5828867f920ce3.apk,3836,6288,107,178,3729,6110
bca294bfe65767ea0f0e291859bb01ea.apk,7218,13636,1107,2225,6111,11411
a61a877b37a39a8219d57a7f48737aee.apk,21755,41071,2935,7998,18820,33073
ac4d54a514a283d1b9da157cfb92e45f.apk,60,73,60,73,0,0
a990e5f44236ff0b727f9443d609f9a8.apk,60,73,60,73,0,0
c0f2a2ad3b0d8e7905c9791fed0af27f.apk,3398,6383,85,113,3313,6270
bf148bcca8c91feda56906a9df2fc144.apk,60,73,60,73,0,0
c0ccc1a6ca1b252118569569e2a1a77d.apk,83,97,83,97,0,0
bd38d758440fed1f653d204cba425d30.apk,56,49,56,49,0,0
a38abab777f8426afb7ec1e435016faa.apk,123,133,69,82,54,51
ae43ff0b891fb8d7f6e465abd08e2472.apk,14989,33039,2760,7687,12229,25352
aba9de31352d5e5c81c80556c085b57c.apk,40,34,40,34,0,0
c0d5e12d5c7ba4870435e9a83d59e99c.apk,8214,21709,3735,12442,4479,9267
b19d44ac9f9bedca247f61927335c875.apk,36091,65965,3779,8626,32312,57339
a82d37213d9d280ed52febc4348ec313.apk,14444,20115,257,389,14187,19726
b7a0eb55803b31de29f1e6e4c1486792.apk,25862,76450,4905,18198,20957,58252
ba41559a9322a620b5ad27d4bbe2f954.apk,6288,14238,268,356,6020,13882
a67773f6a7ec4f3faa072010846a50f9.apk,36091,65965,3779,8626,32312,57339
ab7c517e1308cd813725b420cc4e0264.apk,12817,27940,3039,8200,9778,19740
bd2b595e5e8939b520ecf18c03efb1c1.apk,7193,19471,2100,6528,5093,12943
c0f18923c92f8c38115a5f9e18a0b99f.apk,24436,49727,3823,11016,20613,38711
a45fa900c2fbe80611b4de91b80487d1.apk,60,73,60,73,0,0
bc7752108c5cddea2606ef063dfd5563.apk,3945,8655,1564,4145,2381,4510
ae0ce4a5595646ba793951273d48e50e.apk,23266,46896,3590,10477,19676,36419
bc86efd84918dd08b5199adb2f149866.apk,60,73,60,73,0,0
b2e80363aa38167d7be1f80d8ac23a55.apk,3446,5517,76,132,3370,5385
a564775c26c7ef383f56269c04f90b87.apk,11611,18779,1515,3745,10096,15034
acadec6986b0e413989a839ff47fca19.apk,69,40,69,40,0,0
ba7e4f7aa9f2759340d1f62e0657a183.apk,60,73,60,73,0,0
bd47d3e8f33948fe7061316e3a73d617.apk,3939,8650,1564,4145,2375,4505
ba843dde49006bfa2e9fcf614d0b019f.apk,60,73,60,73,0,0
ad260c91a957d91a766f2725cde06a34.apk,17303,15087,234,332,17069,14755
af7365d20380dd6e71f82bc93496e506.apk,60,73,60,73,0,0
be87f2d862964076f3713255ab553d89.apk,142,146,96,107,46,39
b579114ee2ba7bc19b58579f135c19e9.apk,4164,11288,1019,2993,3145,8295
a4b460a5d70a4af7b3f560f2bb81f34e.apk,60,73,60,73,0,0
a9bec3c5d3d0f85f39eb21f9ee8d3b78.apk,24436,49727,3823,11016,20613,38711
ae720752d8e2e23b18fac1af0a22b124.apk,3157,7327,1160,3246,1997,4081
ad1e86f257cb995cbdbc64cbc1336c3a.apk,32790,80237,3310,13891,29480,66346
be0540b0fbed30c04c47272ad892e3ac.apk,21755,41071,2935,7998,18820,33073
bea71ed459af1b88a2caf6d83b6217e5.apk,74,42,74,42,0,0
b15cbc9e23dc8de192693b0a4c345bc7.apk,60,73,60,73,0,0
a416aa9faf213f35298c8107055f1c40.apk,14936,32755,2736,7636,12200,25119
abbd9836c82b09bcda1f1bb851dab9e4.apk,14899,32310,2753,7588,12146,24722
c0152a2cf4d2944cef871555faa1c5b6.apk,3945,8655,1564,4145,2381,4510
b6069942c746b27b8b219755bcd927a4.apk,14444,20115,257,389,14187,19726
b0f4cce01a2b505b7a691f4c2ffa1179.apk,9482,26249,4446,15408,5036,10841
a50cb42edb927392450ff61bc2753ea6.apk,24091,46331,4616,13918,19475,32413
a3d869784e27864bc6abaf08496c2824.apk,76,89,76,89,0,0
bdc54cd8f2626623a08924383b82f232.apk,181,222,76,93,105,129
b3b87d823821a936b6cbc94267d72aed.apk,36091,65965,3779,8626,32312,57339
b9028d6ab761f8d88e92c772be384167.apk,10251,19388,2694,5826,7557,13562
b6f904e51970f3c710bc998e733faa3e.apk,10552,26104,3867,12080,6685,14024
bacb8111faed7e599ef2a00c185704fe.apk,60,73,60,73,0,0
a6c459ae2edfb7f132a1b262d6e77c5d.apk,5995,10801,1222,3208,4773,7593
bde56f089c21851b0ecd15e42efb4f9f.apk,13477,28889,3245,9263,10232,19626
ababfa5e3a6df123b98a71eb37eae28d.apk,8174,10327,225,338,7949,9989
b67ac623db6b18aaea98a9bd068a64f4.apk,32295,67683,5498,19174,26797,48509
bd78b7a5c568490b77ce3099eb3a3367.apk,5900,15363,3132,9767,2768,5596
a35e44e072a6a8d6f1b937e660b03caa.apk,1852,3218,753,1382,1099,1836
be4fecf6811b3cef08708e6e9389bf60.apk,275,341,82,95,193,246
be00eb3c7818594f4d3cfbd07ab2fb65.apk,14938,32757,2736,7636,12202,25121
ad6eeb302b2f3c143108b8d8d85a5c12.apk,19385,50827,7946,26310,11439,24517
a507bfbdb99a75530d5be17a5c2bac2c.apk,56,88,56,88,0,0
a536b47c17510b4abd8229fb97fdac13.apk,33167,74017,5004,14541,28163,59476
bf8154f8c30352a27552014a782a4813.apk,4092,5592,498,1014,3594,4578
b3ad43ca6e63131aeb80870a110116ff.apk,12016,22617,2185,4454,9831,18163
b1df153d5b70b819e84a067f976976c2.apk,343,548,200,302,143,246
bef1e5eeff56a9c771082af910133ce1.apk,60,73,60,73,0,0
b12b54cfac911bb870bc61db0d94b89f.apk,40,34,40,34,0,0
a8748e32e82cc503a9fb00c84eb5cb9a.apk,19168,34993,3218,9771,15950,25222
b5438f19e4d1f6b1809a57104cd849a4.apk,8875,23715,4065,13655,4810,10060
b61b0a8294c659017b7a342171c21040.apk,9725,27615,4563,16139,5162,11476
bd67f14809d718a60c6a999c356bd457.apk,43011,75159,4140,9040,38871,66119
b40d6c8732a6feb7de3b702027bef866.apk,60,73,60,73,0,0
b485456893939980993bffd05da513b4.apk,21755,41071,2935,7998,18820,33073
abcfa766c65e5db801c06d3c619412a4.apk,3945,8655,1564,4145,2381,4510
ad64552f9854c101a60a56f95a50b6a1.apk,17734,45397,5883,21040,11851,24357
a5bddddbbdd1c0081ccd92df5b28e533.apk,1309,1874,628,962,681,912
a9db7d3ab9ce0795f470d8adaabfdf95.apk,705,983,73,90,632,893
ba95ad036638287be1db2f57633d3a6b.apk,12016,22617,2185,4454,9831,18163
bc3bc28bb1b9bd3e22499088a3c1058a.apk,60,73,60,73,0,0
c09fe5b286da96273df665539a414729.apk,30755,67232,2732,9727,28023,57505
b1dccced510f295a3db4dfda7ade9f05.apk,40,34,40,34,0,0
a8e519e7219649199ac7c0ec76d74da7.apk,37506,84298,4438,10729,33068,73569
aa6fdb78b6fb42b377759a45f035eacd.apk,6355,16438,2479,8463,3876,7975
b09e47feea46300b8f419636a1e7795b.apk,3117,7997,974,2644,2143,5353
bf4ce37349d89b86a6f07a9a20568e83.apk,12,7,12,7,0,0
b8f6ed053134a6073d681051d396e0d4.apk,24436,49727,3823,11016,20613,38711
bc7731d4276f00e9504645749f2d340f.apk,3945,8655,1564,4145,2381,4510
bc27038ea7eb56e434501a89c4a0d646.apk,8875,23715,4065,13655,4810,10060
a662ed40113cece1a17134324f9a5494.apk,14938,32757,2736,7636,12202,25121
aa30bc0c3baacbe5e23c895b52cde0c8.apk,60,73,60,73,0,0
c16338d3f445eaf81b80f14745d22d41.apk,19385,50827,7946,26310,11439,24517
b395b8c50574ec956af7a237a15ac46d.apk,18923,9008,280,414,18643,8594
a52bbc243f2de24e630a9209bec0f852.apk,24430,49719,3822,11014,20608,38705
b3672758513d00f7f981c4d60d0f9ed6.apk,21529,40315,3087,7970,18442,32345
b857244c4e89116e62a02150f7292870.apk,3217,5199,76,132,3141,5067
a8867f9101bb6fca3d864a9033e49705.apk,60,73,60,73,0,0
bfb7ec234c6f90056c918fab0ac85b0e.apk,3425,6328,79,101,3346,6227
a4051f315b2589b8e1689939a6ee3055.apk,3945,8655,1564,4145,2381,4510
b34d6eb50b6552867433586cf6336b39.apk,17754,45284,5868,20902,11886,24382
ba245db44e989fceb238ec51dfdabc6d.apk,24436,49727,3823,11016,20613,38711
a36f9ecc04ef34ca5aa2505429354766.apk,83,97,83,97,0,0
bfe7e89a7f32773e5857cc139c90c45e.apk,119,125,119,125,0,0
ae524a194bd58e0ce5d1824d025b10f0.apk,138,180,138,180,0,0
b40fc6d1190b0de15d5a22f538944200.apk,3257,6189,80,103,3177,6086
b9113b1ea441ff47fe8911db338e803f.apk,60,73,60,73,0,0
a919c74ba2a2878689ca40e901921e9f.apk,24611,56862,6490,21997,18121,34865
b2a05e656732d61b637485bdbf33aac4.apk,60,73,60,73,0,0
acc7704dc90421b0cd1cfc9f53474243.apk,40,34,40,34,0,0
b6c262f9f7b9db05ba3549f40a0ee777.apk,3382,7368,720,1608,2662,5760
ad3ba4cf3b89eebb3c00f942aec87a7e.apk,3433,5497,76,132,3357,5365
af3b14cf4a2061845c3959f4b1e1b5c7.apk,3939,8650,1564,4145,2375,4505
b95fce7a7943058784679b77b43614a1.apk,9703,12654,171,255,9532,12399
aa0b57a11faca5403ff3a93eb9f7c925.apk,113,109,69,71,44,38
b1c4a21ef050caf31490cdb9b75a9c76.apk,60,73,60,73,0,0
aa8bd2d63d48602bc4c887ec7d938f31.apk,19168,34992,3197,9720,15971,25272
b77c2beda1d929c60a8d1c3d1966236f.apk,109,102,109,102,0,0
c01a0b12168f165e519e6db58af1eb4f.apk,7567,11521,749,1379,6818,10142
b1b0be48e20287da744cbe7e069828e7.apk,56,49,56,49,0,0
b4c96cc1351e0d336ecef7342da9d818.apk,60,73,60,73,0,0
a687691ef09be87bb6f319289bde855a.apk,14444,20115,257,389,14187,19726
bb92bb7ab0701c7b5e5a9178d2218fce.apk,3419,6360,81,105,3338,6255
b72d3c74f3b62c10cda3ccb2af292984.apk,2575,4688,409,726,2166,3962
ad2c11b0b237f898695f340ad5ced196.apk,60,73,60,73,0,0
a9eba58c42095cfe88d0c7b91e659f0d.apk,3945,8563,1546,4032,2399,4531
c028c5f5418475d6a37d371d56e913c8.apk,60,73,60,73,0,0
ad87b0f2ce21fe58122eda00ab4995d3.apk,60,73,60,73,0,0
bcfdd1d7d9f179aed3d86d105313c515.apk,113,109,69,71,44,38
b9fd8c3a100c7fc6a861c75ca5bcc854.apk,7455,20199,3530,11696,3925,8503
b19bb4512fa6329d8bcc90bfd320baf4.apk,343,548,200,302,143,246
b09c5cc3821e9ef65e77b292848d55d0.apk,3660,10730,2373,7405,1287,3325
a84a650bd4de387c2b5ebd6d69cadb30.apk,3257,5248,76,132,3181,5116
abbd616d1d720b4c46bc376390f67e42.apk,21755,41071,2935,7998,18820,33073
a3eb816f5d276946b6ae14b2f2e95a6a.apk,72,71,72,71,0,0
a4a73455f17c7d80a545fc8883079455.apk,17734,45397,5883,21040,11851,24357
baac66010f50d93e930cf79d2221d79a.apk,14989,33039,2760,7687,12229,25352
b53fb5828d9ad97c1df81f880510c9f0.apk,11611,18779,1515,3745,10096,15034
a39dc125b87c64c192a3126db0f0fd7b.apk,19168,34992,3197,9720,15971,25272
bd2b8109d90cef79588b395287be848c.apk,14953,32875,2737,7641,12216,25234
b1ab5a1e8299a9c73c71b87743a0ea6d.apk,14989,33039,2760,7687,12229,25352
b2698814841e3e295d9107a6a5080efd.apk,60,73,60,73,0,0
ab634d7114104301a929fc7e346ec735.apk,91,122,91,122,0,0
a4a4e2b066532fdb89e7981dc57fbf2e.apk,3317,6257,86,115,3231,6142
bcb2a013649b10847ae31ce03aedf504.apk,9365,25949,4367,15141,4998,10808
bafd8cefec34f11dc7403f856ae080ac.apk,9482,26249,4446,15408,5036,10841
beca9e78886fecd7a56e54503e0a4888.apk,152,99,152,99,0,0
ad13d4afdaf32c23d8e6dee4466933f2.apk,40,34,40,34,0,0
beb555ea2ea56db48254fa1a883a8027.apk,32627,72546,4528,12964,28099,59582
bcafda7b266b3c1aff9139d047fd4c3e.apk,13476,32922,5162,16371,8314,16551
b4d4798132c408c6fe98d66157ceb16b.apk,43064,75036,4155,8973,38909,66063
afbf935f458775ba7d448ff6fa5b79b0.apk,3217,5199,76,132,3141,5067
bbbe43e5c05cae4dba25c1d4a7077793.apk,138,180,138,180,0,0
b94e4a64424d4f4e0d8c37525ef1529b.apk,128,157,128,157,0,0
b027713abf5be780ce52c9c2ae4a603e.apk,7218,13636,1107,2225,6111,11411
b892357965f9dde548118776c8136c0b.apk,10374,22699,1543,4021,8831,18678
a40ff287986f5343f8e7f79be6855c97.apk,5886,11585,1675,3763,4211,7822
afd74a5dc1a97b782d0f9bb219337076.apk,60,73,60,73,0,0
b3f384e5e11972391a64285108f39432.apk,14444,20115,257,389,14187,19726
aee4fa5b70dea6198134aad84763867c.apk,3699,5839,102,176,3597,5663
a849b97c6aa993dba66863dfa7ddf692.apk,13219,25541,1093,1952,12126,23589
b42ab035adeb50c2409231d48e7fc84c.apk,3432,6351,77,104,3355,6247
b896168a27ab17be61c7f0fb189ed04e.apk,28690,78663,4796,15299,23894,63364
bd19e8467b34d727f8e42c31e3b0ed75.apk,167,390,78,157,89,233
bb7063707aeaf813d7a8dd6a982ec650.apk,45052,89259,5831,15874,39221,73385
c129571497ac3ce338dce5adb4cbe775.apk,11217,22717,2932,8115,8285,14602
bd8f0f16f56f28422b91622b65fc9bc0.apk,9482,26249,4446,15408,5036,10841
a555de1a44fcd64d823d9efd3d9806b4.apk,167,390,78,157,89,233
be8f749923a5df0b8f957830c431ab86.apk,31035,71566,9842,30226,21193,41340
bc6212250f1b521b3f7459a413bd106a.apk,1414,2874,873,1964,541,910
b830ff902d6a252dcaf696edd082c46a.apk,7436,20213,3543,11763,3893,8450
a48658f2c66440d50e1adeb39d8e2536.apk,60,73,60,73,0,0
abda3e50bc31f5eb16e39a72bfcc9886.apk,6314,16950,2858,8723,3456,8227
a687801260cc51719cf399bcf2f09cb8.apk,56,49,56,49,0,0
ad931d6be1a91976d1ceda019bab7103.apk,76,100,76,100,0,0
ba9742e15260714595d0d543754089d5.apk,8214,21709,3735,12442,4479,9267
a42d0563c0bf05e0ee27cf9d5cfc2aa0.apk,2267,8848,1325,6145,942,2703
a516ad249407c096ddd45056d74de9ab.apk,14989,33039,2760,7687,12229,25352
b85aa0ddebd510e41cf940f52b89d528.apk,40,34,40,34,0,0
b9f22bf7ffcc415a0e4830baf76eb1a5.apk,40,34,40,34,0,0
a8312de7cde5b15c5a3f11bea6d64d5c.apk,9725,27615,4563,16139,5162,11476
a4cf3e4d796d808035c82f93afe3027c.apk,3536,6490,94,131,3442,6359
c18443e948eaf2d71b635e5800382d2b.apk,3448,5766,256,559,3192,5207
a9dc212963bd4eb0e76a5d44374256b2.apk,9482,26249,4446,15408,5036,10841
abf1e16e156b81feda6cf8c8ca60814e.apk,17820,44341,5567,19478,12253,24863
a7cce2cc55ddc10f9b269887b832caf4.apk,3939,8650,1564,4145,2375,4505
bbde700d1ab3ddc383b139ab59ffb55d.apk,13,8,13,8,0,0
b77736cc47a9337bd558e8d96a0ea2d7.apk,8875,23715,4065,13655,4810,10060
c0d6a331cee5fcd1cf5aecc161bec5f7.apk,60,73,60,73,0,0
af6d9ce8b98615b2971657aa303ac08b.apk,13,8,13,8,0,0
bc9c55d05d60424859caebcae8f0f7cc.apk,32444,68335,5514,19369,26930,48966
c177cd68586f9a3c3ef256073bb0849a.apk,4264,9268,1337,3192,2927,6076
a5407316a1bf4023a25fe3ea5152efa1.apk,9482,26249,4446,15408,5036,10841
aff18c056d43ba599248ffa66b3d5c07.apk,4301,7553,971,2498,3330,5055
a8b5853015241fc0bbeadd4158971b7d.apk,14444,20115,257,389,14187,19726
aa5bdfc6da33b9166caf93a0dcc5bcd1.apk,7567,11521,749,1379,6818,10142
abe464ca03f770db6331fd7d33ff2785.apk,45495,90345,5960,16360,39535,73985
bde6217e45deeec9eb39b50baa1dde19.apk,14444,20115,257,389,14187,19726
a4f36b8bdc5a0dc2e57fa23fc476b9c3.apk,21755,41071,2935,7998,18820,33073
b59a7211b09dd6475653e62dd6b23f0c.apk,3420,6382,85,113,3335,6269
b650136c4fbf47c861b4950dff93db74.apk,40,34,40,34,0,0
a5ad72528563b1432deb6f140cc9bf3b.apk,66502,112377,5297,11149,61205,101228
ad2c9c23f0acf3e0c6cb4b022eff305e.apk,60,73,60,73,0,0
ba00c213adcc1b09df25e1792ea42798.apk,18689,32933,3011,8762,15678,24171
c14f7a6c06c769df8d0f30de159bb4a8.apk,6288,14238,268,356,6020,13882
aaf40ea93fe24f71506c19a9c1a7a4ae.apk,9391,15203,1594,3409,7797,11794
bb5ddc534ea89a7a43474a84dc93d161.apk,14938,32757,2736,7636,12202,25121
b368fe5ce81eb4d27cf2dfcfffbfacbb.apk,60,73,60,73,0,0
be153c7a4e5f8ffacbbe1bb833fed205.apk,76,107,76,107,0,0
afeb8b0bf9f89330b737a3e190bf5343.apk,1433,3171,956,2568,477,603
b576c0beab230512cedbda996a8e626c.apk,6288,14238,268,356,6020,13882
ac63ac3857c2d644361db9ef5bee88d7.apk,60,73,60,73,0,0
bbec76515ae2c81f9728a6eac9f3a876.apk,36091,65965,3779,8626,32312,57339
a6b187bb1bcb902f423f069c6e00d6fc.apk,18923,9008,280,414,18643,8594
bda45f1b01f6a7ca2ab7dece5a903566.apk,40,34,40,34,0,0
b1d87486eb07526960d6230d5737c534.apk,24436,49727,3823,11016,20613,38711
a4d230eee002542e11c922eca022ed08.apk,8875,23715,4065,13655,4810,10060
ad302dbb5b912a1a72761cb295f70cbd.apk,19385,50827,7946,26310,11439,24517
bd3b5f51a763bdb228022e668647cc2c.apk,17734,45397,5883,21040,11851,24357
bc49638685294671a982b058254996d3.apk,2321,102,2321,102,0,0
a37febea3c72b243837b33c8363ddb5a.apk,998,1835,500,1048,498,787
a6e4b193a23ebd0f6395356540d9e8f8.apk,21517,40964,3937,11212,17580,29752
ac22fbd53acde9b11faec77839c86a4f.apk,6911,10402,656,1274,6255,9128
b545766841bae815a6c97da869a4eb73.apk,3939,8650,1564,4145,2375,4505
abc99026cb283e98d0d6da2d518b7b4a.apk,60,73,60,73,0,0
ab2317126f0bbcf12eb9a55386916f34.apk,6288,14238,268,356,6020,13882
af691553ec12fb717c88a6f15c5e737a.apk,69,82,69,82,0,0
ad3443c26f9c98166af868b53d28bb70.apk,11611,18779,1515,3745,10096,15034
b624a9691aafb13cf31dbcdc3e546eb9.apk,40,34,40,34,0,0
c0225c37ce077b2eccfa0a27de96ab3f.apk,24281,55818,6367,21416,17914,34402
a356a5bf45bb6c2bd1f04fe046fbbc06.apk,40,34,40,34,0,0
b24a2e66a5711e9bc9eb69ab8a15afbd.apk,60,80,60,80,0,0
bf75dcec54833e4786f6fc6560014788.apk,30740,60343,2730,7515,28010,52828
b84e594ced3a03785ba333e5e45685ec.apk,60,73,60,73,0,0
b64dfaeeb50e7de7594c0792cf5aee45.apk,8214,21709,3735,12442,4479,9267
b299e5be99352127646a4fdc29ae0cda.apk,34475,77342,5797,16968,28678,60374
a74a1402e7446513005dcdcafb3f09c3.apk,41300,82690,5255,13623,36045,69067
aeb8b5db75056579b328ece3045f93ea.apk,3939,8650,1564,4145,2375,4505
a5810bd8844d8c3b16df5d0531cc01ba.apk,60,73,60,73,0,0
bec59ce3aeb7290df2702178d0363769.apk,3939,8650,1564,4145,2375,4505
a84082535d9c1fbc72cf91584db546f0.apk,7218,13636,1107,2225,6111,11411
ac64f66877bb91bc94d6847e66f9ded1.apk,19385,50827,7946,26310,11439,24517
b227495ce517a68a814aecbd5ec97818.apk,138,180,138,180,0,0
bab7c23367a8a5f6558a938ca0eb73ce.apk,4837,6272,35,36,4802,6236
b36295cb3f1fc131f384addb1e1b2535.apk,8453,23075,3842,13170,4611,9905
af0aee190601629a6b2321395c0cbcef.apk,4289,10618,1173,3461,3116,7157
c033751b0e42976e476e83cd0514a903.apk,236,317,55,70,181,247
ad5af742c57076cff877f5167471d110.apk,7218,13636,1107,2225,6111,11411
a69abf042dc90cd9c6f2a9de401d1e9f.apk,6801,13014,1646,3387,5155,9627
ac2870e114ca5bb5c81dc0f8b4c1f1a8.apk,3583,5764,261,407,3322,5357
a716be481d2ead6b5f04356a9b460a33.apk,2267,8848,1325,6145,942,2703
b4288ac09a8e9a52f12ca9d95a718bb3.apk,3939,8650,1564,4145,2375,4505
bfd939612ec077116128ac7e12b5cfd9.apk,128,157,128,157,0,0
b9e6305034a4a684f2aa4fd407304762.apk,56477,116748,3097,6701,53380,110047
bfafe9c38e9d3bd57b931adb14b78cab.apk,60,73,60,73,0,0
b2b3732a3afa0a72e1471f5f6bead12f.apk,45052,89259,5831,15874,39221,73385
a7594b7971dcd0470338409db1003f95.apk,14444,20115,257,389,14187,19726
b11ee3de281d11674b3f3df00dd1dca8.apk,9482,26249,4446,15408,5036,10841
b3e36e4f681e7c30c220cbf24107d474.apk,44755,88357,5739,15546,39016,72811
a904316a1e3f47889dcae3d428226e07.apk,142,146,96,107,46,39
b08aa8136048fc05ce6d2dd576a2127b.apk,57,97,57,97,0,0
a81b1f204f86b4b82484e6c72bf044dd.apk,13475,32916,5162,16371,8313,16545
b222567428ae31946522300d221a1bdc.apk,21755,41071,2935,7998,18820,33073
af116e7acea1ff5f37c7f5519ffbafc4.apk,3939,8650,1564,4145,2375,4505
a592014658f153dd7481a1ca3b223e1d.apk,60,73,60,73,0,0
b2e8001f38b694b24bf355fbf2bdee30.apk,14953,32875,2737,7641,12216,25234
a0348c8d6b298774e940a8dc15b68c50.apk,3274,6185,62,74,3212,6111
a1bf7670e8009e15cf52205946b79250.apk,6288,14238,268,356,6020,13882
87c92048813797a0606e18978bd8e409.apk,3317,6257,86,115,3231,6142
94967d027b1b9d786a15e4673ac3cee0.apk,12503,33619,5659,18919,6844,14700
909b77d8a0827e592a92322a80271e0b.apk,4403,7495,498,1014,3905,6481
a29bbfb4531c6ab0b9176ccd54c77686.apk,4902,13019,2232,6472,2670,6547
89e9d28e8b9bf0559a302ffd5b1163ef.apk,3351,6289,89,121,3262,6168
8cb29e73f9af84a86aa5a673ab57ceab.apk,119,125,119,125,0,0
8c4b26423cc31223b0e592e7606213b5.apk,36091,65965,3779,8626,32312,57339
935b2cfff68e27e57eb4de1ae04d9e3c.apk,14989,33039,2760,7687,12229,25352
9236c0b6014e3facb755b84003546770.apk,40,34,40,34,0,0
93ee1b84edef0838cb793b06ce628b36.apk,40,34,40,34,0,0
8941c327a7791f832752bb53fe5f822b.apk,7567,11521,749,1379,6818,10142
96e49a4d7e753a1e5840e0ae2869bc17.apk,43419,102822,10074,34126,33345,68696
9e0c3ef23d97fb53380852c64ac89bf9.apk,13476,32922,5162,16371,8314,16551
8c4cadddf42e2e179c84b22730f6f7b7.apk,3333,5385,259,404,3074,4981
900d1dcd1c7971cef1006b13176c992b.apk,60,73,60,73,0,0
93aa07f64a7e57794a67de176f55f2e9.apk,60,73,60,73,0,0
94a035cd5186b0944101acd3799096b6.apk,45052,89259,5831,15874,39221,73385
8bab78626d99fd54a4b2e44bdd3ecb0a.apk,8413,13878,1046,2196,7367,11682
8f67fcfc8960a7a938bb84181d91e900.apk,32622,72512,4527,12962,28095,59550
9ed6d98b953893e41035140f3c0fea41.apk,27384,57541,3239,8903,24145,48638
8b901d1676a80a2c953ddb75e2ad55a7.apk,60,73,60,73,0,0
9bb7a152bd4cb7fea019869d708a2eac.apk,21755,41071,2935,7998,18820,33073
99ef1b5ba5340de82e9ee5d6f4fc5beb.apk,14444,20115,257,389,14187,19726
8e6de64502e1c193e6d1a06418e1e6f5.apk,6781,12234,1639,4828,5142,7406
962414931576beec8dc3ff2c466e2633.apk,6282,17267,3383,11427,2899,5840
922c7437dd0b0cd127f73f3f706de5ac.apk,12016,22617,2185,4454,9831,18163
9154d8437fe68beb976d9faaeeec4fd7.apk,83,97,83,97,0,0
9585a4043806ac10eadc706f8d1207e4.apk,9482,26249,4446,15408,5036,10841
912fe07528353860ba43035835b97ebd.apk,3939,8650,1564,4145,2375,4505
8a2948eb6e2a5ca4bf518a7b4206cbf4.apk,60,73,60,73,0,0
90d43dccdb3e484d5d90e068b3e7a0df.apk,24281,55818,6367,21416,17914,34402
9893a850bb641f3bcdb8db78335d065b.apk,4837,6272,35,36,4802,6236
881fccbce2541afe40853d1862aca5e9.apk,6924,15975,2499,7065,4425,8910
8dbcc391f2cb3b62c1deb2c9faa02251.apk,2267,8848,1325,6145,942,2703
9bf1039598eb1a56fdc1097f4adc3aeb.apk,30755,67232,2732,9727,28023,57505
995d521aebe5b4b74fee9f0ea4466661.apk,138,180,138,180,0,0
8c3e2ab8920ab9430977369c07e1751b.apk,60,73,60,73,0,0
a20d4c291968c8be41fe9cfec91caa0a.apk,60,73,60,73,0,0
8bb63f329afc5bb24cfc455fc80a3e0f.apk,42835,74968,4156,9028,38679,65940
a259bd91c444646256643485653fbf86.apk,11122,17763,1255,3779,9867,13984
a04e5ba1691e7f0e99e34b5186b7b969.apk,7567,11521,749,1379,6818,10142
95ffd679b8151cf8de271337aad3f2dc.apk,54789,104316,2566,4987,52223,99329
a2325e796ddada4608f8a178c0b2a39a.apk,119,125,119,125,0,0
98607f8f1632a55d492cd1b6b893b25b.apk,3104,243,3104,243,0,0
86c0335850a802236c5c33ec0d560f0c.apk,60,73,60,73,0,0
9f3574f112ac14dfa48ead015b670043.apk,11611,18779,1515,3745,10096,15034
88f6dfac6c1d44835e3a7d09305bf787.apk,17170,39462,4877,14432,12293,25030
96d6b0b12319c8a8e0da74bee7fcadde.apk,3916,8524,1546,4032,2370,4492
919f5d64ba58ccd5e01db29827efcdea.apk,6611,17095,3529,11605,3082,5490
95c80d34cac8222fe9b8168aa7b81ebc.apk,266,343,103,133,163,210
99679cef560b37b7905641ee09af717b.apk,60,73,60,73,0,0
91f3ee491db5cda760ec5ae89e04a02e.apk,3773,10270,1898,5285,1875,4985
8a3d3b31b3fd3c1e1fba9d2284fef82b.apk,14444,20115,257,389,14187,19726
8bd81c8c54b06e5a92a743ab97852e1f.apk,60,73,60,73,0,0
91663ec75aa7e598c8ef2f69111b476f.apk,19009,35190,3222,9961,15787,25229
9651b2a6d2725a52e3025ffa080275be.apk,32295,67683,5498,19174,26797,48509
961637c24ad9577ae13754060b5a2b61.apk,275,341,82,95,193,246
9feaf2620c12784e12f30e7f302127be.apk,60,73,60,73,0,0
8810d3cc172bd16fd3e598c3c5805e51.apk,6288,14238,268,356,6020,13882
949db69e1df441b0a7396fd74425c897.apk,24611,56862,6490,21997,18121,34865
91f96f4b2122750b4af28c2d86ff9541.apk,138,180,138,180,0,0
9f5d8fd22ee1c33d8f757f41e5c3252c.apk,23274,53583,5743,19973,17531,33610
a1415c4f48b7fa739079d1d13fecb8db.apk,14444,20115,257,389,14187,19726
872d515a955b19fe26174ba2b55f7ce5.apk,3332,6263,80,107,3252,6156
8716dc876692e7975b844b61d9a92c8d.apk,21755,41071,2935,7998,18820,33073
94cc7238e27cdeccdeb885a9fa6497c6.apk,24430,49719,3822,11014,20608,38705
9a3ffd4d6924ba33a59dfbf2c1a4af77.apk,8875,23715,4065,13655,4810,10060
977057b7eae579444616637b82205c57.apk,8808,17075,1414,4927,7394,12148
88ea69b4157933a1b40d8ff8f519f30b.apk,275,341,82,95,193,246
9a5055dcc0b37beb4c5e39dfd3fbbe3a.apk,3476,5512,76,132,3400,5380
8c9625dfe053825f5098f17c3964c8c5.apk,8165,1106,8165,1106,0,0
8abee0f91e739a3de7729bf32d8cd034.apk,1148,2110,500,1048,648,1062
8a123005e67782289deddf73ee83a594.apk,17917,34423,2277,5429,15640,28994
87ce6cde96981239f638dc330f64bd98.apk,8875,23715,4065,13655,4810,10060
9dad881bb00f1aca64329d157d578cf0.apk,1414,2874,873,1964,541,910
863b8d06b5ba49a11449feb82f3da8f8.apk,6282,8395,312,409,5970,7986
962fcc6e62c353c058bc6d6bab5ee0be.apk,138,180,138,180,0,0
a2b327d76ba4a88778858cb0a9e44c88.apk,209,342,114,197,95,145
8ad65aaf3f5dd52867d39d0fa13b6484.apk,60,73,60,73,0,0
8614876d542801972c272da6a0f0f917.apk,3283,6225,81,105,3202,6120
9f01c20fd18b3dec3050d7d4e31b37e3.apk,21972,40338,3492,10111,18480,30227
979ef63be6d5ca522b91ea56d9b9cc6d.apk,60,73,60,73,0,0
8b2ffd8761f5e8ed519454687d172a3c.apk,631,1259,163,267,468,992
8db00920876eb66dcf63f567e999657c.apk,60,73,60,73,0,0
8638c30e38df8849634470313d568477.apk,60,73,60,73,0,0
99f5bd450ceac98f8a48241af3f7e2b0.apk,60,73,60,73,0,0
a1b16fc2fc8a8204c65208cab4f7c8b2.apk,9976,13047,294,426,9682,12621
8ecc1f155f480379bcc3f5ec6c7471a3.apk,24436,49727,3823,11016,20613,38711
878afe6c8f3aaffac8073e1660c289f0.apk,47863,101105,3732,9175,44131,91930
94cc300fcec43d566bd9aff0e427a6ed.apk,167,390,78,157,89,233
970e32d1ba414fd78397309796c3fbfe.apk,60,73,60,73,0,0
93a00275d6c685bbeb66fa033cb81f41.apk,21755,41071,2935,7998,18820,33073
9a66fd34dbf95fda58af8d3b56854bdc.apk,60,73,60,73,0,0
8a1a74beff1633119f6e38e4f78d91fc.apk,8453,23075,3842,13170,4611,9905
916f8019c66f6a476d535545abe72ddf.apk,147,99,147,99,0,0
96b3b199316f883b544cd406347620c3.apk,32444,68335,5514,19369,26930,48966
89360f7f12b2119282d29039aca0c5d5.apk,60,73,60,73,0,0
88008a65ba258dc5c8d0dd10d8bdd8ab.apk,24119,46826,4405,13112,19714,33714
941427effd6941120444a8bc6bf60dc5.apk,14989,33039,2760,7687,12229,25352
9c2dd98c47b55313c71eafdc354326b9.apk,21792,41193,2970,8111,18822,33082
98fc5f23c67670db0013e0ea31ceca14.apk,21755,41071,2935,7998,18820,33073
95770666162de0a77bde55cf44a937d2.apk,23265,46937,3590,10477,19675,36460
9b9a46615c67de73ec2b252f8fe81d07.apk,60,73,60,73,0,0
9d8f8a9ce453b2f5351577af8d63b738.apk,13328,31848,4877,15149,8451,16699
976f79e824b98eaaf1ea64b05c26346e.apk,42113,81643,4495,11937,37618,69706
8f33354bb5ea46b238744dd0899830b2.apk,13328,31848,4877,15149,8451,16699
85e010047f32f0b3e31f86f2bc0b3665.apk,24281,55818,6367,21416,17914,34402
8a56bf69b078cc1543c8b887fc8e8f96.apk,60,73,60,73,0,0
93faa96289d328626959446a69d70168.apk,14968,32982,2743,7655,12225,25327
a213b94839b526dd68332959b42ee50a.apk,36091,65965,3779,8626,32312,57339
94e3b7de4ef19c9efab87017b31a5b60.apk,15602,31590,2443,6032,13159,25558
866ab3976d7353941fd3bb59118d76a2.apk,31426,73315,2784,11371,28642,61944
8c0dbd385d5e85680ec953cd7582d614.apk,60,73,60,73,0,0
9c6e2aa36d019d5709f09772f997fd2d.apk,13125,33154,3922,13144,9203,20010
952080c6caa2823ad2ef0de13ffd99dd.apk,60,73,60,73,0,0
983be7642fb0d9b47756ce66aeee0885.apk,60,73,60,73,0,0
895fecbb30ba283c35c6db49372979de.apk,21755,41071,2935,7998,18820,33073
8a11a6487f98025070260f735f88b9fa.apk,28110,52536,3028,8816,25082,43720
9548867707ff235439fa850d1f5155c9.apk,7218,13636,1107,2225,6111,11411
94fc0319ca803b7ded3b34f45b249da4.apk,138,180,138,180,0,0
8ea232ac7b9f10b593b8a8e5ee308857.apk,3939,8650,1564,4145,2375,4505
9453071a676985fd3d33b2b6c36f62ff.apk,60,73,60,73,0,0
8e8b903ba75b138413030fc9743dcd16.apk,7930,15156,1780,4624,6150,10532
94bc26db705b5584728915294b349935.apk,21755,41071,2935,7998,18820,33073
885168cc4a8b6d4f26a5783bb80c3526.apk,18923,9008,280,414,18643,8594
9e1a219347d9e5094e509fb978276b85.apk,24436,49727,3823,11016,20613,38711
8c259c363bd9afe2108cf55d1297cd41.apk,3916,8524,1546,4032,2370,4492
93be63be0660b03301cf8b622ac1dee1.apk,10565,26383,3681,11973,6884,14410
8d555f5b37fc8babb918b86b46b2da3f.apk,14938,32757,2736,7636,12202,25121
8bb4648d024de10760bb38c871941045.apk,60,73,60,73,0,0
8dd2cca23ca0733a08d746f52923f064.apk,10552,26104,3867,12080,6685,14024
90f718bd02ac971c718e1ff84a67243d.apk,3326,6218,64,78,3262,6140
9e885501bab05262bae95acf9f27bfc2.apk,60,73,60,73,0,0
8a3932eb5529ed7aaf1b9a7cadf4927c.apk,60,73,60,73,0,0
88c28ee5113c1a584db25a21cf7beabb.apk,3500,6458,94,131,3406,6327
9ad72eb482f481ce0aac934e82a62bf0.apk,42695,74214,4139,8946,38556,65268
88054f1959e46daeab6439fa00c1cdc1.apk,13,8,13,8,0,0
907447893c1d8b671be82a04330c6a2e.apk,3432,5498,76,132,3356,5366
8aa7e19a70d80c0050ac5ad546eb08a5.apk,60,73,60,73,0,0
89251bc4c30e07fcf2f6659890b2edb2.apk,60,73,60,73,0,0
93d327508707b9eecdb983ee78c97225.apk,60,73,60,73,0,0
9b3293990e0f522a48d4fe22e07e767f.apk,3261,5266,76,132,3185,5134
971704e2539443d89142ac54ffeaee59.apk,13220,25540,1093,1952,12127,23588
9a11d25aaf0561ad91e8f3e9a6a45044.apk,14989,33039,2760,7687,12229,25352
8b6dfb1216e57214c2fae7867f2605ce.apk,9482,26249,4446,15408,5036,10841
933747e867b6031f02c3f3a588540d2f.apk,19385,50827,7946,26310,11439,24517
8b48086a45e89159be12e7318987bd1c.apk,2575,4688,409,726,2166,3962
8f5367fda8de7ed5ceda3def264c9034.apk,60,73,60,73,0,0
87bcbaa48ab2ed10d25999c206340d6c.apk,15602,31590,2443,6032,13159,25558
8b952aa30249cfc95da7b7760b4221ba.apk,9482,26249,4446,15408,5036,10841
8fd54d946ca049d4d973e8372266188f.apk,14938,32757,2736,7636,12202,25121
8c6a5bbc3ebca52f921d5fb9e18a292c.apk,60,73,60,73,0,0
a198341bfee407903952d234e276f1e1.apk,3879,7803,837,1761,3042,6042
8b1e45f1638db3efe38855efb811ce9a.apk,60,73,60,73,0,0
8dd6e825c407eca2dc93fe86793930fd.apk,119,125,119,125,0,0
971967acdc5948f924a82f1295792572.apk,33512,84046,3389,14403,30123,69643
8b3f08c3a57f08ff4eba763df8e953f2.apk,60,73,60,73,0,0
8d594aae021776b73519dc972c27b4cc.apk,14444,20115,257,389,14187,19726
9d2ed39097ba1125e58f537ea11f80dd.apk,24813,52538,2303,6024,22510,46514
8fa0193f6e4e7ea0f1fbab74bf383025.apk,74,42,74,42,0,0
9d2d5287969dfb81ed1ce29977faeeb1.apk,3555,6535,93,129,3462,6406
9634f869ad37889f108dee84600d5a2d.apk,40,34,40,34,0,0
91a7343a1a0c871199c958e71054bae5.apk,8875,23715,4065,13655,4810,10060
9a6ac6b9426505631967d8eca80dc5ef.apk,76,107,76,107,0,0
8f887c69ce08b7a962c590d1ee0f03a4.apk,13653,33401,4066,13122,9587,20279
8b1dc768ac31fa279aa22e67f251cd03.apk,7218,13636,1107,2225,6111,11411
9c38a40452b6d8fc6d5e029578d24be8.apk,31985,66281,5200,17821,26785,48460
94ef9c01dbe6931a4bd0994ab20f5973.apk,40,34,40,34,0,0
93288aa723b055fbce1c15572d724995.apk,60,73,60,73,0,0
8a55e938e39617bfceea97fe47ca8da4.apk,18653,32885,2922,8581,15731,24304
9e5eab8d8ee75535de0e6c32047262d4.apk,61731,122536,5212,12778,56519,109758
9ab8bdf8b04b5037dc7449de1d95ac99.apk,123,133,69,82,54,51
994939d9002762ded346b6cfc328ec54.apk,98,118,98,118,0,0
9ddd35073d8f21fefed70282864b7152.apk,2713,5646,59,65,2654,5581
a050e4ee8aeb123fe1f5ca060f086061.apk,2981,9413,1856,6605,1125,2808
a1e33aaca365f46ece6d9295f37bddc1.apk,11192,30360,4516,15653,6676,14707
964a18e7bd101f4dbb7f2c0640903095.apk,3939,8650,1564,4145,2375,4505
97ea316f3c0f6d8be09f3f7ec583f928.apk,3939,8650,1564,4145,2375,4505
9c86ab2e4c561e73a66dc49bc422df3b.apk,24611,56862,6490,21997,18121,34865
97beecf01b15b0144604e79cc68dd395.apk,21755,41071,2935,7998,18820,33073
89c590691f87cbd6f5ce91b0c0f5877b.apk,31426,73315,2784,11371,28642,61944
8e9acc43f8ab79a51c5751f86747a32f.apk,86,69,86,69,0,0
85f416bcefd8be52d330273b6ab55fc9.apk,8155,1106,8155,1106,0,0
8baf001776d05ee12743e9da7cfdcb84.apk,60,73,60,73,0,0
98019496e2eaab54991871ec8a2c41cf.apk,119,125,119,125,0,0
93a18324ea25d60078de7a2ddc5d51b9.apk,3939,8650,1564,4145,2375,4505
94568b7def5946ad70b0f22fc339a106.apk,14938,32757,2736,7636,12202,25121
8b112fa1d91f68df8b4ea8209aa274f0.apk,138,180,138,180,0,0
9f8b5dc607eb2cb71c2f78cdc8fdafd1.apk,44755,88357,5739,15546,39016,72811
8ea93a993fe79b2b771b9afcbe2a9c9c.apk,14989,33039,2760,7687,12229,25352
8d17279955338864cf7a49509bacba4c.apk,8546,20079,2319,7327,6227,12752
9961fde387df792a30c6032c18974300.apk,24436,49727,3823,11016,20613,38711
8bc9df849d2779e793e55ed1fa9079f6.apk,36091,65965,3779,8626,32312,57339
9ee476a8fa5831c78e2dcfe9b941c630.apk,24611,56862,6490,21997,18121,34865
a1f086566b73ed11a7bfe890d7e20bee.apk,14444,20115,257,389,14187,19726
8a8ea035353a32c64b19fd5e3392d452.apk,15602,31590,2443,6032,13159,25558
9ce4b9b136f399a445dd04d756f571e3.apk,14444,20115,257,389,14187,19726
98192374a069de5bcb0fd73bef7e1c62.apk,275,341,82,95,193,246
92776144b2b963c26d5a7dd47aedeca6.apk,3377,5419,76,132,3301,5287
8df34e3600f7abbc8f3dda15f226baae.apk,111,155,28,50,83,105
8e495a8bf604987b5d4ad8e77348220c.apk,123,133,69,82,54,51
9ede4c7e61b8811d1928e80193a09855.apk,40,34,40,34,0,0
89bdc628ffacf0a5c526da5d4cc3af56.apk,19144,32757,2190,5804,16954,26953
915fb8311e6fbc3a525ea34e640fbbf2.apk,21755,41071,2935,7998,18820,33073
a04842b042ec9716fda2061fe72aa4f8.apk,74,42,74,42,0,0
8c3988634603ef8356f502a4352561b2.apk,60,73,60,73,0,0
8c5cb66fd1b674f1aa0d5324cdf81c1e.apk,60,73,60,73,0,0
9891e20888987c275dc153a7b5660c93.apk,60,73,60,73,0,0
9db3b7a0476933340813911af13f6d3d.apk,14444,20115,257,389,14187,19726
9bfc7ed241cd6af16c0d0512f3b62be7.apk,3916,8524,1546,4032,2370,4492
98d577ae6d12b0da0f315b280260590b.apk,6288,14238,268,356,6020,13882
9a5cbe3695c12ea09fa011d519b775e2.apk,60,73,60,73,0,0
9b9eacdaeff695f71d2a123e1fce3000.apk,4877,11845,1554,4122,3323,7723
98ac753789a52ad80b41a43dab0b3174.apk,5815,9525,774,2105,5041,7420
8ce1552eb0bd9085bfdc9179b3b4a9f0.apk,4092,5592,498,1014,3594,4578
92c69091fc056489696922097c802137.apk,3916,8524,1546,4032,2370,4492
90262d3ad11a93614ef65bd230c6d761.apk,142,146,96,107,46,39
8c4775ed12ca4000229ccdd1693d5eb9.apk,60,73,60,73,0,0
8641165533060fab21115237e8e43216.apk,24611,56862,6490,21997,18121,34865
86369d6594d879bc9c23bda17ff5c3f7.apk,4837,6272,35,36,4802,6236
9bf3f906e4931d8ff8d0c61bd0bce262.apk,21755,41071,2935,7998,18820,33073
9b5733b8ceccb73b6a801dee08c89f72.apk,72,71,72,71,0,0
98070336317ce48631da35cde6d41967.apk,8214,21709,3735,12442,4479,9267
987f73869e6436124da1f0fa5c6d8daa.apk,3704,5951,161,422,3543,5529
95dd1b3be3602a9f3c0f2ccfddd58947.apk,8453,23075,3842,13170,4611,9905
8b440da811666c047d93c09da8199249.apk,60,73,60,73,0,0
8ce89900b01f265bad4c74391e7a23ee.apk,5861,13510,2261,6441,3600,7069
9df0a87d56d4005d35e2859bca171363.apk,43011,75159,4140,9040,38871,66119
950ef3d124a127c77bdb81e97f523601.apk,2267,8848,1325,6145,942,2703
94b764b1a34dc93be242a60851578148.apk,24436,49727,3823,11016,20613,38711
a327e77d38b74358a736008a6d302199.apk,19385,50827,7946,26310,11439,24517
a19eafa7f912e8078cec7198ed9a3aa2.apk,7147,14439,1914,4386,5233,10053
9115daf04ea96598e9541816436405ea.apk,3822,6108,83,144,3739,5964
872da6cb5145ef694c6f6a96f1c27c3a.apk,52280,114989,13229,38105,39051,76884
9b5098684e51877a2e7b58b95640e258.apk,2386,6340,1079,2833,1307,3507
8a4d8205ec8db373ed4fee65c11f828a.apk,60,73,60,73,0,0
97f9a040683207b9cf0f32d35a14820f.apk,17754,45284,5868,20902,11886,24382
8a2556cfe98c8e0ed0b5d813e107d894.apk,60,73,60,73,0,0
924dd08eccc62ce14cdad0e01c4c711f.apk,60,73,60,73,0,0
90519d08c28bb664afa5f20765e16868.apk,8875,23715,4065,13655,4810,10060
8a38c6f6d8755e0af9e40f8c32ea0196.apk,3284,5309,76,132,3208,5177
a0f971ceb1126795eff7f0fc6ebcc7f2.apk,3507,6467,96,135,3411,6332
9f3df12dfda9c51634ab26f932144e7e.apk,47863,101105,3732,9175,44131,91930
8a03be49923d74110f0db10b817f0efa.apk,60,73,60,73,0,0
a2379a946f9337cf5b696793df642788.apk,14953,32875,2737,7641,12216,25234
9f8c0f1118271588bf0720451cd31e47.apk,26447,57487,4108,11642,22339,45845
a2dd457ff53e099433957c6ef49f2443.apk,36091,65965,3779,8626,32312,57339
a319a64137af4fa40bd53d37891bf965.apk,3226,6100,742,1484,2484,4616
981ead2d8b46bfcb3290719ec6929b76.apk,7218,13636,1107,2225,6111,11411
9f3b9dd83ef7e30225d3657e6b7b184b.apk,45052,89259,5831,15874,39221,73385
98f07a4a2f5f7d31607d65147cde9760.apk,23274,53583,5743,19973,17531,33610
8d1b30dce6a78d3f3b9c86ff95d7fc07.apk,62,81,62,81,0,0
9accf93a29ecdea37c07cf2e12d0b9d7.apk,1599,4459,795,2732,804,1727
9dae309bc7d5889284de0103dd481024.apk,18460,34785,1966,6563,16494,28222
9596bef3c73ea195f336c81e69463651.apk,9976,13047,294,426,9682,12621
8983fc36542de1925b4a14caa0170d33.apk,3939,8650,1564,4145,2375,4505
9a89536c075d2429e793a25b8c1a4d6e.apk,24436,49727,3823,11016,20613,38711
a0617f96f3a3724e98aa01d5085d3401.apk,3773,10270,1898,5285,1875,4985
9dfa7cd1723808b353e947b63dca59bd.apk,3939,8650,1564,4145,2375,4505
9c58d1f3aa7be94c4769f07a45550ff8.apk,76,107,76,107,0,0
a08c12d4d051d9384482c2bd96a6a139.apk,45052,89259,5831,15874,39221,73385
9d76cf1d1a1e2e4de0e88a84c1fdda09.apk,21755,41071,2935,7998,18820,33073
91104133a2bae2bba841afebdba19884.apk,3435,6400,78,103,3357,6297
914a2a675548916e8fecbe49626be231.apk,2065,4969,449,1677,1616,3292
9962937c61d4a4213524e8b73d19d3eb.apk,60,73,60,73,0,0
9329ebc0083be68b7650924824b4fd8b.apk,24436,49727,3823,11016,20613,38711
8b17e55835e3655df5483a582cae88a2.apk,10751,27774,4121,13721,6630,14053
979a3314c31537052151a1ab2db2fb1d.apk,21755,41071,2935,7998,18820,33073
8a179d07b3da6ed98700e6b6c5b9a872.apk,32790,80237,3310,13891,29480,66346
9e38e91823982fce735e5ac6e0515ef7.apk,21755,41071,2935,7998,18820,33073
8ab5b1f639110c9a2ba171d11136be2b.apk,8004,21741,4755,15220,3249,6521
9364d74979134d613a789d893458087b.apk,60,73,60,73,0,0
8ef79e2621968cb6c6d14a5cafc017ce.apk,60,73,60,73,0,0
8b065efee0eea877e8c6a4a4c16bbd51.apk,60,73,60,73,0,0
92fc371348e2b67e834f0a2767b49cc9.apk,7567,11521,749,1379,6818,10142
88c715538b4f52e3ca03f14cd4ea9541.apk,5076,8168,123,200,4953,7968
8ad18744ddadeed0a3758e3e6fe78c1f.apk,60,73,60,73,0,0
980b54060de8c35311a614a0bd6692bd.apk,12,7,12,7,0,0
9b33a2f9f1bed8f721f83bba122cf336.apk,18590,36351,4782,13283,13808,23068
87902883c8264133ac9a7dd0acfd960c.apk,25410,49752,4810,15566,20600,34186
97ecf6e42a7b5d03448253a332735216.apk,30747,58660,2730,6944,28017,51716
8f0efb7d6c3dfd3d1c23dfb9d53f0d66.apk,3939,8650,1564,4145,2375,4505
88d2c7305012ebcc40415ad1305abead.apk,11961,27083,3585,10298,8376,16785
a17e68f4808482912396c7a9f2c0b37f.apk,4098,6599,136,250,3962,6349
a2bd136526f0f986e5d5e35e1de6f62f.apk,12016,22617,2185,4454,9831,18163
94e75f82e6d25abd1fcef74d5b34fa82.apk,3546,5622,76,132,3470,5490
9bdbc17f7ce3767f03fc10b901b3a823.apk,32444,68335,5514,19369,26930,48966
971a94a70d65db17f89c688c295183cc.apk,60,73,60,73,0,0
88b662ed442675487e629482c543f6d8.apk,60,73,60,73,0,0
8cb0887ead6a62a617bc7fa964288614.apk,60,73,60,73,0,0
92f73fb90adddefecb28b1b3f604641d.apk,13,8,13,8,0,0
9cf1e69bd557738aa7a5a33a3fb94b6a.apk,60,73,60,73,0,0
86afd575990f3618d6da3cff84a8d74e.apk,6232,9598,558,1028,5674,8570
92015fd35d0229d8687b383bb9a729fa.apk,60,73,60,73,0,0
a0809e85f32bdded018977aee8c6b21f.apk,3217,5199,76,132,3141,5067
a1dca6f967b674d0eab3b25a7846570e.apk,138,180,138,180,0,0
8ad9800096bf7822839e6d219bc1811a.apk,13475,32916,5162,16371,8313,16545
9cc612e132a33efe63cc9e772a69b3c2.apk,2431,106,2431,106,0,0
8953a78ae9d213a42032eb5a9e9ae0ec.apk,60,73,60,73,0,0
95f35f589fa61a3f3d75ad5d42535e1f.apk,11611,18779,1515,3745,10096,15034
9cf14633853469dac494deaaa9ff5275.apk,60,73,60,73,0,0
9f1a1e487ee14687ee32a33b27cf9cc7.apk,12,7,12,7,0,0
9ffbd1894993ed82cefa0a8334a677d8.apk,60,73,60,73,0,0
9a36fc16944a7c4c95a61eed2c8afa41.apk,37437,70806,3224,8621,34213,62185
9e0b58b63eef180497091975cfeadf55.apk,15602,31590,2443,6032,13159,25558
95d837ab1667c7c329a8b460ae911d51.apk,138,180,138,180,0,0
8fa4b5b6a8d7ef6cb41e3711bdb9e039.apk,8875,23715,4065,13655,4810,10060
8c36771ecc93585a764854557c1980df.apk,37,41,37,41,0,0
9d35e51d4115b933e6717740d53686b6.apk,60,73,60,73,0,0
96c790d1312a95bca938d8282b34be6f.apk,7436,20213,3543,11763,3893,8450
8a652b81f616342144b4eab552ac55eb.apk,7436,20213,3543,11763,3893,8450
93df8b768c64ed704f93c1cec71889fd.apk,45495,90345,5960,16360,39535,73985
9caa3329316d8ae7b957aa6aafc7c4fd.apk,13416,18664,276,427,13140,18237
8b083d77bbc30fd35b8f1290c1fec787.apk,12016,22617,2185,4454,9831,18163
93bbf3f56e662eccd5b2d6dfb00aa9be.apk,6781,12226,1639,4828,5142,7398
86301cc8111ca31e3723eb1fd2a9dba2.apk,1249,1905,463,757,786,1148
96bdb3d5463ba710fa6bc7e7a47300dc.apk,6288,14238,268,356,6020,13882
91024128d3eac73630d5f0030c719119.apk,60,73,60,73,0,0
9c48c368a0f217eaf7d416337b7e5832.apk,60,73,60,73,0,0
90a46077c55794c4299c3a773c311c60.apk,60,73,60,73,0,0
97dab8416550d2c480359c8961f5b089.apk,7567,11521,749,1379,6818,10142
9497bf2692db32df198cc266ce311b85.apk,8742,21684,4248,14544,4494,7140
8e4269bcb227709cba987dc43854af01.apk,60,73,60,73,0,0
9a6e3aafc3ab1c061848bcad29c1c9f3.apk,60,73,60,73,0,0
9f4ba4e7d90873e91ea5b89f2ad48c6c.apk,91,122,91,122,0,0
95fcb2186dedcdc139ed29d518313bc5.apk,6309,16072,3116,9818,3193,6254
9daaf293ac6673aa9c2f6cefd14b08c9.apk,9482,26249,4446,15408,5036,10841
9ad2bf7e7c737238798199ec91b61f04.apk,60,73,60,73,0,0
881a9131dc40dfc04981413f028c15bb.apk,60,73,60,73,0,0
9a063d4a802aa67b0c8374514d9bfeb8.apk,24436,49727,3823,11016,20613,38711
8f4d68cb8663752199a07f6bc44af6c9.apk,60523,117725,3957,8729,56566,108996
a0da1cb11b30a44182d664b4e261739e.apk,60,73,60,73,0,0
93900faf5feb6ba1ff85f5dacac80011.apk,60,73,60,73,0,0
9e89c33ca510449a5fc7b98ded752d79.apk,15924,30580,1320,2574,14604,28006
8e82b5ff92f588edef3271ea78dc79a1.apk,64357,152187,10475,32600,53882,119587
8c57e61d726e3e40505e84d5c1750375.apk,60,73,60,73,0,0
9118ba1ee00d4cd20fd25ce1d67bb5fd.apk,21755,41071,2935,7998,18820,33073
8dadf65c680504fb124bacd16c147bd8.apk,9725,27615,4563,16139,5162,11476
8fea73a1f9f3b0bc25eb6f9b01b813fe.apk,60,73,60,73,0,0
9dfc5adb3ccdee46535be5a582a7b0ea.apk,40,34,40,34,0,0
8dbd14e1abe2e4dd1e961a3972468618.apk,24436,49727,3823,11016,20613,38711
926d623c8b2e0413903ee1df24c3a851.apk,83,97,83,97,0,0
8b73579b3090c1a99e5013bcdd825868.apk,3435,6400,78,103,3357,6297
8d91b37546d914ad0b0b6c51f3e78b33.apk,70,94,70,94,0,0
8bb1d79446eb42eca6ca556b93df82cb.apk,60,73,60,73,0,0
8db3638b8ac1f3b1d18ce11b749422e3.apk,41790,88922,7453,21662,34337,67260
920b5ba037d6fbe595663a1949d498ff.apk,3582,6552,93,129,3489,6423
88ce6fb4af1953dcba2c7111caf2a0e7.apk,6288,14238,268,356,6020,13882
8dc13264eb821a851a83655054a2b88c.apk,60,73,60,73,0,0
8cbeb5bfc87783a411538099d2cf6b2e.apk,24436,49727,3823,11016,20613,38711
9c7228affcbe27e93ce3084033c841d1.apk,36300,71055,6453,19379,29847,51676
900cef7b78eee39643e10aa517a08b4d.apk,60,73,60,73,0,0
88c481cd44216388ad2b6b2b99ba4e23.apk,156,99,156,99,0,0
8a6786f870751a1774dddadacd08bae0.apk,60,73,60,73,0,0
a0df101754731d17f1cafd50b3e32d9e.apk,60,73,60,73,0,0
8fb9528d599610fe4f86940a97bc5de5.apk,60,73,60,73,0,0
8d4ebb075f6caea3a658794692e00ca0.apk,14444,20115,257,389,14187,19726
94480a841b619880969f52bf0706d0eb.apk,275,341,82,95,193,246
873d90803c4afb484721c921f8ea2138.apk,60,73,60,73,0,0
9d6227b860c891553203c013a0653dab.apk,45052,89259,5831,15874,39221,73385
950aa15e57d6a0cd98b9edaa4de0f83e.apk,9945,21593,2006,4344,7939,17249
938ea9b8e6656ca65ac62f6212b48836.apk,12016,22617,2185,4454,9831,18163
97ff93b852a78c2ab130451278288e69.apk,9482,26249,4446,15408,5036,10841
87e82da8595212880e2b9e5fb124f049.apk,57,97,57,97,0,0
9cbf621c1e040d5270fd3365e0d9f094.apk,7436,20213,3543,11763,3893,8450
889e5083409d0274335c311552f559e4.apk,3433,6418,95,133,3338,6285
99ac953b5da0e0c20dae9379e8831df1.apk,33512,84046,3389,14403,30123,69643
9c60780e6fad0eb058b1226244e8f87b.apk,5310,11500,1628,3689,3682,7811
a2d6308110af56a8c27a28003a85074a.apk,21755,41071,2935,7998,18820,33073
8d8bde112b2074938e9a27cfbbf66d60.apk,109,102,109,102,0,0
86464678a1e1d5940ceb91a94d419ad4.apk,14444,20115,257,389,14187,19726
974c545c58e2d26bd795db4ae327ac50.apk,12,7,12,7,0,0
930b1d6ab27cab38e6245bdc2f6b87e8.apk,60,73,60,73,0,0
9aa3cf95ae4bac4bb93bb4020cf814d5.apk,14444,20115,257,389,14187,19726
8b2ceab07a6d8f14af85e4deb22154b2.apk,60,73,60,73,0,0
9bc1e681b97926bc55f12e59b12b0067.apk,13751,34921,5519,17680,8232,17241
86bdda0cfa6b14e9ba131a39a0e95242.apk,10792,21953,2455,7280,8337,14673
8c9dfe4124d70e2ea7bc2ceca060ef9f.apk,60,80,60,80,0,0
96e6934c5d76cf83d30c55cb0a748238.apk,266,343,103,133,163,210
a0ea2ae6a8507378419c61823555f737.apk,83,97,83,97,0,0
9c2b781aa218a57509121cabf606e688.apk,8214,21709,3735,12442,4479,9267
92c4d9705b7caa1a8b7773d2677283ce.apk,60,73,60,73,0,0
8c82988bd917f479bfc6aae7e4fd29da.apk,24436,49727,3823,11016,20613,38711
877c74e93732ff5f321342e96efaaac1.apk,16691,36774,3072,10104,13619,26670
8d275c90bcbfc64fef0af2f5e649fdfe.apk,7218,13636,1107,2225,6111,11411
999032e0430bc4b8f4b511b4cf05e83f.apk,77,90,77,90,0,0
9327540623748ab1f71e9bd7de6e11a7.apk,6236,11240,1530,4660,4706,6580
943ed97728d3534aaffb729eec6ab40e.apk,4092,5592,498,1014,3594,4578
91785c5a386f92b32883cd6caf45a1c6.apk,19385,50827,7946,26310,11439,24517
9203f5d951b278cbfde85a58e328f1c3.apk,352,351,95,121,257,230
869f13a6f1eb4f1914bb4f323799e209.apk,147,99,147,99,0,0
a2eef8d9a259dd8b2feb211c7754fb07.apk,14444,20115,257,389,14187,19726
7ad40e8083ccdf4d65311d52e3ececec.apk,60,73,60,73,0,0
6fe47f34d327cecdfc993c743b856a2c.apk,20607,36001,1951,4656,18656,31345
76a288653601c92147a2f9fe904e1e5c.apk,23274,53583,5743,19973,17531,33610
84761359049219375f6248c95fb27091.apk,112,135,112,135,0,0
78381bd37c88b597aab4951c141a6478.apk,152,99,152,99,0,0
7f45998ef327c8445c21cd3d53a6e214.apk,21755,41071,2935,7998,18820,33073
7d2b5c27f8ad52a63fa437808d5b71da.apk,60,73,60,73,0,0
737c0bd81a504147b87dcf09f83b1705.apk,55,26,55,26,0,0
73a94ee7ada09f8dc0017b64e6d5f60d.apk,7567,11521,749,1379,6818,10142
710b6a4d6bc24754dbcccf344b82b2c3.apk,13475,32916,5162,16371,8313,16545
7ed5a4b0f2aa1ef755d9becaace6d79f.apk,60,73,60,73,0,0
7bd9e7ada004f75ff8f30b995c40707a.apk,60,73,60,73,0,0
7ca2ecc5643370b3294368188c5d0fdb.apk,60,73,60,73,0,0
7ffa9241055cea08243fd7e5ad69d1f0.apk,60,73,60,73,0,0
810c67399cd42616f8c1522ba7de1c52.apk,60,73,60,73,0,0
7e6c0db959ca13cb08c2648c3988efac.apk,60,73,60,73,0,0
78a79bb9dd6ae690faca92c1fdbad499.apk,15602,31590,2443,6032,13159,25558
774657a2b514420e39f0f6387bcdf5e1.apk,6754,15715,2802,8140,3952,7575
830383bf0fd1de3112de75e605475bc7.apk,9976,13047,294,426,9682,12621
758634de3745a0f15ed6041c0dcafcd5.apk,60,73,60,73,0,0
7ea49c1ff49bbdf79e3d1233df6bf853.apk,19385,50827,7946,26310,11439,24517
823a7a009c8c586f9564c669df41e8c8.apk,60,73,60,73,0,0
8071683b8472dc71bbb354c1119cad0f.apk,1414,2874,873,1964,541,910
7eadc87ca39c3379c84a22dc916a1309.apk,60,73,60,73,0,0
7569e376e1591f4fdd02320378af7eea.apk,8875,23715,4065,13655,4810,10060
76ddda9958ddaae6c71de6512793a55c.apk,14444,20115,257,389,14187,19726
822286a0cf7f6046abc488326b2c7a5e.apk,25410,49752,4810,15566,20600,34186
7bc6f47533e3f3643aaead9d15cf1947.apk,113,109,69,71,44,38
83cbe39faa7d27518382322f2853ffc8.apk,12980,32773,3900,13075,9080,19698
7bb0c04017ffcfba94ef7517668b12df.apk,60,73,60,73,0,0
7dd68fb560a549990ca6b35c6b05462c.apk,3333,5385,259,404,3074,4981
783666314f6248a79fe3f62e7e217fed.apk,113,160,25,42,88,118
7fa55da708232bf15f76eb8bb5d31701.apk,12,7,12,7,0,0
7bf3b706708ff3a3043c6a0c3fd316e3.apk,3939,8650,1564,4145,2375,4505
7ea69282d8580f0ff4eb75acb38f082b.apk,60,73,60,73,0,0
83a21be97c2eabfc3b26552907a2667d.apk,32295,67682,5498,19173,26797,48509
789ad5ffefa4787287fba5ae1da719d3.apk,3916,8524,1546,4032,2370,4492
7fca6cc4e204af86d59ee0993b97fcb5.apk,14444,20115,257,389,14187,19726
7f4806d3d56290a9f9d70055c2612e54.apk,60,73,60,73,0,0
745c6a427153030b431ca6f404772128.apk,32295,67682,5494,19169,26801,48513
714842e11b2992be4ab8f6caef33dd93.apk,60,73,60,73,0,0
7db7dfd2b6a4bcfabcacfe37e29ebd0f.apk,60,73,60,73,0,0
7276873db483be8c5b7daa87e89b3498.apk,26312,70359,4663,14573,21649,55786
72fc0ac1885763a826c9b16a757accbc.apk,60,73,60,73,0,0
7459a6f4e263d00848c21a0d8d18fd38.apk,69143,164594,13805,42704,55338,121890
80a9e732ce0e5bc0b35978405ffc5b6a.apk,128,157,128,157,0,0
7b72ec730336020c4525a0e6e25fe2ff.apk,60,73,60,73,0,0
6fd7f360e81fb79822ff9bcaace1b5e7.apk,39264,72641,1741,3547,37523,69094
74fed9601c616c352e6f7a61650fbe1c.apk,40,34,40,34,0,0
7f8c88a352d2d06f8f44df591c1cf9ac.apk,60,73,60,73,0,0
84a175d7728643292ab2193cfa7387fd.apk,8214,21709,3735,12442,4479,9267
7a3c82e9914e1905775ffda3f30610ab.apk,60,73,60,73,0,0
75545be58620549af3c29469c8bd6b47.apk,3939,8650,1564,4145,2375,4505
7fd77208b5f2323d36dbab961d473968.apk,4092,5592,498,1014,3594,4578
719969d425a7c736193360088f03ebb8.apk,60,80,60,80,0,0
83a1e52b1fcf30f705394c28a62b8fc8.apk,60,73,60,73,0,0
7a7b9e19bd238fa322c76dc8b8c443ab.apk,698,1045,119,154,579,891
78c7c7cd840888db40b2a3a8344179b1.apk,3939,8650,1564,4145,2375,4505
7f2fd0a5db3a76687d58c26a8b5873a9.apk,60,73,60,73,0,0
7b6696ea55f57ca699b6da40df67059a.apk,83,97,83,97,0,0
83a192714c3119454c4007c84e61655e.apk,1089,1849,421,880,668,969
8543843c872b22be045aa28da50b837a.apk,124,253,104,181,20,72
7389a841d6a53a8f7376be34c3ec3ce4.apk,16982,26087,1272,2766,15710,23321
80a75602b4af09cada17b0da4daad9a5.apk,3939,8650,1564,4145,2375,4505
84a51db0774fbf77e48cc4abe67a2ea3.apk,13285,25856,1204,2198,12081,23658
7ca5fe37b4fcc5d0e07e25d10be16e06.apk,23265,46937,3590,10477,19675,36460
81d5b7d2a2e9612493c6849e99daf158.apk,21755,41071,2935,7998,18820,33073
7710d07055a07c6e3388341d0d3667f2.apk,8875,23715,4065,13655,4810,10060
7dd9a726ee5fddc4ecd186f9732c4fc4.apk,44755,88357,5739,15546,39016,72811
7216502bf1b81943bd6eac54c64ccf40.apk,8061,20010,3332,10503,4729,9507
824a210fb36ffab66800e398d993f31c.apk,13,8,13,8,0,0
7a50ed4bb010818596a5fd5a12006046.apk,60,73,60,73,0,0
758032c21e6dd4f806f25918dba99316.apk,138,180,138,180,0,0
7f96e1475df8d98a8ef655cc12f4a1ae.apk,4805,11953,1315,3673,3490,8280
6feb52a312ac0a9fefadc3ccac60b391.apk,24436,49727,3823,11016,20613,38711
77f0d94d49cce5b1f190d5558bf33eb5.apk,11611,18779,1515,3745,10096,15034
7fb19263a49ba2a7dccccb011960b9c5.apk,60,73,60,73,0,0
7845b11b6719d8567db1235bd7504b29.apk,60,73,60,73,0,0
7fd3c0279d88df29c8d533b7389a1167.apk,60,73,60,73,0,0
7f2d0fb505bc30b2cf2b48857b25c7d2.apk,62,81,62,81,0,0
713fd99c23d8f98540b7f5c816e55afc.apk,60,73,60,73,0,0
7dcb3a58864eed7fea27b8f44994368c.apk,60,73,60,73,0,0
7b38b7be44c1c5798201dd02ed4e1c05.apk,60,73,60,73,0,0
6fd881c1f0ae126435f55eaebcc101c1.apk,1414,2874,873,1964,541,910
7aa04888f4d5885969c709153f5a25ef.apk,60,73,60,73,0,0
7804ad73b2d9b0dbd7b4f74529a75b77.apk,8129,15469,2079,5303,6050,10166
730515b73c2f28723429b062c0c388b6.apk,343,548,200,302,143,246
7d6d1cf68f46a97db2605abf2a6af9db.apk,60,73,60,73,0,0
7e8aee969d21df21f6e7a11cd5310c00.apk,60,73,60,73,0,0
82e1bdb3dc7d148b3d9907ae786fba21.apk,40,34,40,34,0,0
7541b4ee25569d01c9b9840f6bc3d9a9.apk,7567,11521,749,1379,6818,10142
856cc6bb6d9e250ce0ffe8965922599e.apk,62896,149647,10781,33950,52115,115697
7d5026de1b221c6d2c4989264a0f0128.apk,60,73,60,73,0,0
71cc216cba79c5fe293ee5516468fb71.apk,60,73,60,73,0,0
8539f37e1a68391d5b64a8544abbaef1.apk,21755,41071,2935,7998,18820,33073
71f3f1718ce8bb31c995534d16f0adc2.apk,1362,3055,681,1587,681,1468
7b4fa7065d60f98d9fec089b428e2d4f.apk,3939,8650,1564,4145,2375,4505
760422d10348423c3163ef3f129eb85b.apk,7218,13636,1107,2225,6111,11411
81ad33236b7a0bbad23b1711e56b9089.apk,21946,40320,3492,10111,18454,30209
7e219e04dcf3c901d61c1d065ff35357.apk,5015,13254,1610,4523,3405,8731
7df7ad6d22cdb080e1accc0eb85582e0.apk,60,73,60,73,0,0
792c8c2491a83be7c2476bff416915b5.apk,113,109,69,71,44,38
824a9e3324bbca4f457a0c113fb15bc7.apk,8178,10331,225,338,7953,9993
7b8f40da824d1f95eba783511a482029.apk,60,73,60,73,0,0
83da6a2f6e230be43c8b75a320ac389e.apk,60,73,60,73,0,0
81e67078a6678d933db139523e18b3a9.apk,3939,8650,1564,4145,2375,4505
7c9590192c949322d9d6993cefaafff0.apk,60,73,60,73,0,0
837d4d961c72b36bbf4063adf916ab3d.apk,11467,19754,543,982,10924,18772
6ffb11dd943e153694a504553e5483f0.apk,60,73,60,73,0,0
7c467bfd18fb367ab1cb02a486b21d6a.apk,60,73,60,73,0,0
7936fdfd929872a2608d38aefd70f7c4.apk,3939,8650,1564,4145,2375,4505
786b74ab840a383206b513861f6adc91.apk,113,109,69,71,44,38
79e4d41b60dc56692aaf46d1dbf8cac4.apk,3939,8650,1564,4145,2375,4505
7c87f2ed11c2e57a7bf3e45f492700bd.apk,60,73,60,73,0,0
7c64560aec49b933e22d4c7e734b4f9f.apk,60,73,60,73,0,0
7659029e6d7823a1a9a64c159065ee64.apk,36595,69014,2417,5834,34178,63180
6ff7a92bfe5446217722f9ec1690f42f.apk,60,73,60,73,0,0
7854b5cb3b1e6c42ed0a365271b468df.apk,7436,20213,3543,11763,3893,8450
83a6b7a7730fb0359f5a3f08c273f668.apk,164,189,164,189,0,0
7b49881828ae7b616260c9a4d1dd9bc8.apk,14444,20115,257,389,14187,19726
79efdd7f2d7531d045e0e4bd53547d6c.apk,9482,26249,4446,15408,5036,10841
6fd545161873bacdba05653a85fba430.apk,24436,49727,3823,11016,20613,38711
7205279b24eba538136ace5dae2b4169.apk,24436,49727,3823,11016,20613,38711
7699fe7da4bb1c8564ce17e239af29b4.apk,113,109,69,71,44,38
785192b660eb903bf487fff459c2066a.apk,3939,8650,1564,4145,2375,4505
833fe899316516e48297972824a94804.apk,24436,49727,3823,11016,20613,38711
7db5ff6090b6e31dbb70add4cdc78c4c.apk,2267,8848,1325,6145,942,2703
70d085283c0c1a1810bda6bf7364fe0e.apk,13,8,13,8,0,0
7abec6dcee40e13854e83ee5a442af57.apk,60,73,60,73,0,0
81476c9f9691a679a7915f585a63efe5.apk,3945,8655,1564,4145,2381,4510
7e5b94fb264d8999a6d2e14ea43ea1c3.apk,138,180,138,180,0,0
6ff97b278aa237fa52d79b6314a7423c.apk,60,73,60,73,0,0
841d6a97196aad77319425fb37239b9b.apk,60,73,60,73,0,0
7a8313ef87603f13789df1c013295b1c.apk,60,73,60,73,0,0
7cab4f30a01d0adec6f475f19ce78a70.apk,1970,2449,351,580,1619,1869
7e5723f24491d2766e7a4a61de9e5219.apk,60,73,60,73,0,0
7f4434e7562343892f8b35f73156593e.apk,33167,74017,5004,14541,28163,59476
7ee942b6a91c1ae127eadebcc52f5c07.apk,60,73,60,73,0,0
7bea3c2867be4948a70a26afc527894d.apk,40,34,40,34,0,0
76044973bdc232cfb5d47337dfb1ab8f.apk,14938,32757,2736,7636,12202,25121
769b9e268f01f21a0f9117ba41ff8c35.apk,11611,18779,1515,3745,10096,15034
7975abdf591656688aaeab14ce33b3ff.apk,6288,14238,268,356,6020,13882
72768942f8bc2ddfe8dc85decabf90b9.apk,168,99,168,99,0,0
7b67c0c8e4bb05b2c171dcf8c4f59373.apk,7436,20213,3543,11763,3893,8450
731201ad5ffc9e991eaf8574d67eed55.apk,36091,65965,3779,8626,32312,57339
7d5dbce91b67a74e5e90607a1fe70341.apk,12276,20678,929,1942,11347,18736
7d755133ec6e7950b171f85d7df3ed92.apk,3435,6400,78,103,3357,6297
7a5a5142d99a482b8813c33cf7fa1c4a.apk,19385,50827,7946,26310,11439,24517
813a8e7d96bd4c1905bdbe8ea485c873.apk,12438,23762,2394,6208,10044,17554
7ac8c5c10fd88b18fd150dd24db56dad.apk,12016,22617,2185,4454,9831,18163
7f9d8c170d0d8b9950362e5b92857b29.apk,60,73,60,73,0,0
7d87ede2523eba6e3609aa556d727ee6.apk,40,34,40,34,0,0
84e4e4e72322ac447a9d9d8d4130a23f.apk,86,84,86,84,0,0
7e6d07245911ddd0834531e38ce6775e.apk,3860,166,3860,166,0,0
7270e3655bc7bc96954b445a39d867d7.apk,13475,32916,5162,16371,8313,16545
76e46a83b45be0dc66544a08c6e0dce3.apk,13,8,13,8,0,0
74e8d8421c5fea3db31b6dcaff42bd86.apk,14444,20115,257,389,14187,19726
78325836a4160cab5de187303c7f284b.apk,32295,67682,5494,19169,26801,48513
812089cf3475dd57c34db80e63e5e88f.apk,7551,19327,3510,10503,4041,8824
7b49404a7159e81e5e732f1c54bb706d.apk,39264,72641,1741,3547,37523,69094
73fab131b283cd9c47130bbf239c8ce4.apk,7218,13636,1107,2225,6111,11411
7b86a6d566e7ae5ba9f48a398a858324.apk,3945,8655,1564,4145,2381,4510
7b2e99759b23da1ac4e2672684b75c57.apk,61769,132540,6696,19300,55073,113240
7a0c84bc3082dfa9a137ae106be5a51d.apk,60,73,60,73,0,0
7ca5fe4184a3d067743cf0bbe5e3b9f8.apk,60,73,60,73,0,0
741c4f105af9eb51c66372ff5faaf2c8.apk,181,222,76,93,105,129
83256b870b8a22881502a8dee73ff90f.apk,1277,2372,246,514,1031,1858
85838e0bca1c3c1abb5b2e52933a0e3f.apk,3916,8524,1546,4032,2370,4492
77e3b400d11c1bf30fe8c44459ccd0f9.apk,3945,8563,1546,4032,2399,4531
81cc8083d8441bd73443e80b6bff7342.apk,25410,49752,4810,15566,20600,34186
70702fbec554b9b526dde7a27b15aecf.apk,60,73,60,73,0,0
7606eb8310f03f3331ae30a608dd72dd.apk,4092,5592,498,1014,3594,4578
817a4b85e36dd19183893fffb1749511.apk,664,845,101,147,563,698
7bc46ce79c13189c28b05f19bbfa5ed4.apk,45495,90345,5960,16360,39535,73985
778b10b3f9dd1eb14c3b56ae5b2851f0.apk,24430,49719,3822,11014,20608,38705
84d873cc9c21faff4967e3c6bea9cdcd.apk,76,107,76,107,0,0
7673cb1d7d01cc8e57b6767a81c27173.apk,3939,8650,1564,4145,2375,4505
74def234db45bc3a6bb94518e2448fbc.apk,113,109,69,71,44,38
85955e6c7b1373ae57af7785723fa9ef.apk,9482,26249,4446,15408,5036,10841
83df65111f0698e666a1e87158ca29db.apk,40,34,40,34,0,0
7760ac3fc9f2113324d17e2e76c0af58.apk,24611,56861,6490,21998,18121,34863
7d3e92ba5d0a62a0cb5331ef5b560c5a.apk,60,73,60,73,0,0
7ddb7482a98f15771c22397a6dedca6d.apk,60,73,60,73,0,0
6fe858679a3d612f785f3c0c3a2c38c7.apk,60,73,60,73,0,0
7d03b635f09be021a7e306c99c85f3a7.apk,60,73,60,73,0,0
7770cf5c29c71a882b230e24d33cbcbb.apk,60,73,60,73,0,0
8105b89c98b35bc58502489909820f41.apk,24430,49719,3822,11014,20608,38705
7ebff632828a3ca6c79d39b8d73990bf.apk,60,73,60,73,0,0
82af18c82927d7a9a7cc12570b8030fd.apk,3283,6175,214,465,3069,5710
7f6056e9ba4664a854a1b3a77d313642.apk,16541,30728,1017,2255,15524,28473
7ae3dd1df184fb05ae10b4b4c0006313.apk,60,73,60,73,0,0
7deec5fc5feb9169e89f0e5064dbb1c7.apk,60,73,60,73,0,0
7350abbab3eb2cb13c1160c7fd8e4209.apk,7218,13636,1107,2225,6111,11411
752d4b58453d033d5eb909eb6622e701.apk,24436,49727,3823,11016,20613,38711
7b32f9b6da94db7097bf1de559a16e38.apk,60,73,60,73,0,0
7a3c04505e7797b25dd5bb39296ff0d7.apk,9482,26249,4446,15408,5036,10841
7e0e884e50315ed338ae6836d8950bee.apk,60,73,60,73,0,0
83ce73a9a12cb20914ff92161cb9965b.apk,60,73,60,73,0,0
78927385a185bd5ad9ce0b9e5395716e.apk,3822,6108,83,144,3739,5964
7f2a0e6e73bd67cfe9ca03abba4c030a.apk,60,73,60,73,0,0
7121bb9dd434dd88ecc7a4cd6996c39f.apk,56,49,56,49,0,0
7b55650db9b330f4999da92bf00a0070.apk,60,73,60,73,0,0
8245e92e5a9b9e2e9dd9792b223057fb.apk,167,390,78,157,89,233
802c5de01ab0b6ad9b1ddfb471cbbf9f.apk,3945,8655,1564,4145,2381,4510
80d12454ea4e718b3edbf051bed1052b.apk,48241,101603,3893,10934,44348,90669
84fab518ed0d61b590fa85a1c06ac4e5.apk,2401,6368,1072,2808,1329,3560
76302e336531f74846ce89bf0346c43d.apk,2776,5508,1227,2962,1549,2546
802d72848d51387d44246303919f36e6.apk,19385,50827,7946,26310,11439,24517
766bf68e185dbb3a5b785eca3bb106a0.apk,60,73,60,73,0,0
7575f0a851c3c933d6fc10aa061865f1.apk,17245,32996,3607,8801,13638,24195
74f194705c3963a67047462331ed6912.apk,7436,20213,3543,11763,3893,8450
73e0f0098558aaa87bf557f3c2a5633c.apk,74,42,74,42,0,0
7f62cc0892a7432aac7fff1041afd13d.apk,60,73,60,73,0,0
85362759af1db33883fe0e4351eb39cb.apk,6232,9598,558,1028,5674,8570
7d92e1152ccf349433e1a5f46d804cba.apk,60,73,60,73,0,0
82a2b0c797946b87ad1c22adcf901507.apk,3939,8650,1564,4145,2375,4505
7c76d272edafca97cc5cc59347815d6c.apk,60,73,60,73,0,0
7a4f677c0050c9483b760b4fbca16bc8.apk,14444,20115,257,389,14187,19726
81739006ac78ff5b70e1fd7c72275c34.apk,7567,11521,749,1379,6818,10142
7a04f838d4df6829ed6ed51bf67cc0bc.apk,60,73,60,73,0,0
75c55403110d0a77ac65ea16b45887ae.apk,34475,77342,5797,16968,28678,60374
7c6bb7e56c9fce5918b2aa20b019896e.apk,24436,49727,3823,11016,20613,38711
7d8e1f58757ffeff77c1600852c66338.apk,95,100,95,100,0,0
7ba56395af3c7bd51213e333b541e5fa.apk,60,73,60,73,0,0
711e1d3f467aab34877f2d8ded3fa6f7.apk,60,73,60,73,0,0
74fdaa81393fba3de312daad5d22ac7e.apk,119,125,119,125,0,0
768cefd2b3e6f3d01ba682882ac060ae.apk,3245,5564,212,585,3033,4979
7a3a2faf85d90994ced12aacfab3f2a4.apk,60,73,60,73,0,0
6ff489ef874cbd803c7c14641f2e0b53.apk,16102,32003,3830,10885,12272,21118
859561c8ac2fbca5573de5dc5dd54823.apk,13038,31049,4794,14805,8244,16244
80c0bcce193fb4070cdc0109220194b2.apk,7083,13102,674,1350,6409,11752
7643bbe20c331b731115c9dd129bbdc8.apk,16973,39438,4821,16501,12152,22937
73c00a8b45bdb38fa3c44a7dfdcf3cff.apk,7436,20213,3543,11763,3893,8450
7e35b6a88e7941872b9941743a87e020.apk,64357,152187,10475,32600,53882,119587
7654ad99ec7b4d15f492486dd6d7d3f2.apk,14989,33039,2760,7687,12229,25352
7ab031db6c75a47f1f91caf353d08420.apk,60,73,60,73,0,0
736367d84c1df9b03f8989664d698eda.apk,11611,18779,1515,3745,10096,15034
7c68ca0f0b2ecdf1a8d0f87b331756c5.apk,60,73,60,73,0,0
7b67e826d80b56801c819927605b51dc.apk,138,180,138,180,0,0
7ed7651e86cb29fb288779159690f030.apk,138,180,138,180,0,0
7b5efd29a7f2e77a75f3e3f9b08c7417.apk,60,73,60,73,0,0
7b189fc49c2d3dfcdad9b6ad47f6c5b3.apk,60,73,60,73,0,0
7874f16c64172bb04b5109c2fec81bb8.apk,21755,41071,2935,7998,18820,33073
7f32fa062ef01401150b8a3166ed0d9a.apk,158,99,158,99,0,0
787fdd93a1a39d7b4a0738e13ed27588.apk,138,180,138,180,0,0
71051fa6a4006f985de88e6cdf54efeb.apk,21755,41071,2935,7998,18820,33073
79b1116233107ec503eecf84f13c493e.apk,42569,98911,10432,34738,32137,64173
7c0cf1ae94ea8406bd869ea8024bfcc3.apk,10515,27577,4112,13699,6403,13878
81b3ce7972ecdb56ca0d814f19eac669.apk,60,73,60,73,0,0
8201b744d7ffe7b72a65598738f965b8.apk,11603,20408,858,1808,10745,18600
761f797176d927805a254940c81e8c35.apk,2089,4245,1010,2074,1079,2171
83fecb3c594e8d6ad9371eb2c59d2239.apk,8214,21709,3735,12442,4479,9267
849eb802417a0d04e6bbd19e2d5909b7.apk,18757,47702,7620,24610,11137,23092
82147df0c8eb94ee0e6c4703fd583c62.apk,60,73,60,73,0,0
7cd963022ff7cc7e322e460ebfdc3af8.apk,2267,8848,1325,6145,942,2703
7d732d0c0fb3a5b52508f1da7692f347.apk,45396,89951,5896,16064,39500,73887
80a8620841b7e7e0f5f423d9a2964931.apk,14994,33071,2764,7718,12230,25353
7e1ea6e34906321413660acd82d859f1.apk,60,73,60,73,0,0
78a9eb03945ef0048f4c4de6fd1a99fa.apk,3333,5385,259,404,3074,4981
7fede56ee1e4c97fe7a5a6961bbb21d2.apk,8004,21741,4755,15220,3249,6521
786c4d68831c72e283a604b8f657c817.apk,4340,9300,1278,2970,3062,6330
7c97c0e9f56053b86a75277c1fb3c3cf.apk,1414,2874,873,1964,541,910
8562d30455bc4a46faf16899535ff65d.apk,147,99,147,99,0,0
744dce278c111852f76a77594f55457f.apk,14938,32757,2736,7636,12202,25121
72ff9b16df02d5453bf327b469bbf38b.apk,3939,8650,1564,4145,2375,4505
6ffc542255cce3a3b236e44414665db8.apk,60,73,60,73,0,0
78709794f902bda08d9ae22d1865ed03.apk,3422,5496,76,132,3346,5364
7322b7dc01f5fe5e8fc1d762b1b8b6a2.apk,40,34,40,34,0,0
7c3778ed87fc024ed72c3871a2003008.apk,60,73,60,73,0,0
75133b34cfab4b784807af093835784c.apk,60,73,60,73,0,0
7fb8d3024978c1773691675c4ddad0cc.apk,60,73,60,73,0,0
71b9adcbedb410712ef94d36acca1e14.apk,14444,20115,257,389,14187,19726
7fcd1e0985f14060eef7caa192147f3d.apk,30751,58647,2730,6972,28021,51675
71795bd8ac0dc3d52dee60b27a6b93d9.apk,9482,26249,4446,15408,5036,10841
8521b5718035bb0458aa749fd7737ea4.apk,60,73,60,73,0,0
84e315a4541a935c76267c940325b2a8.apk,167,390,78,157,89,233
7e541afd0648a7d83e6414325b275805.apk,60,73,60,73,0,0
859fb59c7d19f87f56042820aacd2f0a.apk,13,8,13,8,0,0
7280cca194f98fbdb0300969ff222013.apk,3945,8655,1564,4145,2381,4510
73e2ef56479696310690695a95a708ea.apk,12,7,12,7,0,0
71e60152bcfe0f445d3921d50c57c15d.apk,3926,6262,83,144,3843,6118
8418bdc1b0274d82b7da223bc86fa928.apk,24436,49727,3823,11016,20613,38711
72986404b98600c4a06067f7d34feb3a.apk,14989,33039,2760,7687,12229,25352
82d479b44565812ce949c87aa8a99813.apk,15602,31590,2443,6032,13159,25558
85b25627849f7348e03a335ef10cfc78.apk,685,1046,327,505,358,541
7d27e88cfda19f477868a3c0ef19f1dc.apk,60,73,60,73,0,0
76a783a6fee4a265e62acd7cb93d7965.apk,11306,24518,2298,6344,9008,18174
7dcf522128f813964d06979fda9e79d5.apk,14989,33039,2760,7687,12229,25352
81f7348bb0838c00411c0f968fe03522.apk,60,73,60,73,0,0
7e67ec7cb02d0a1b40bcbb75cda87570.apk,2731,5669,59,65,2672,5604
84363a3bceff951a4684a43214aafd15.apk,44755,88362,5739,15550,39016,72812
7aaf855d7ca8acf620bae64983460be0.apk,60,73,60,73,0,0
7d06b50e2b6d7519ac857514ed07cf74.apk,12438,23762,2394,6208,10044,17554
7f43f9d3bea5470e390b539d5bce1279.apk,60,73,60,73,0,0
83802a734c9291344cf01671afead615.apk,2736,4568,427,990,2309,3578
7363c05bfd468a918c802efa3f4960c5.apk,21520,39631,1992,5764,19528,33867
7a647029d1c6aa15360527b4a0c31070.apk,60,73,60,73,0,0
7c663d387006545cf254c26f628a8763.apk,60,73,60,73,0,0
754c308138dc0233d6e17c121637be58.apk,76,107,76,107,0,0
726c088c732256af8887a604b7019c02.apk,190,320,117,199,73,121
72cc7ce5d3f9ad7065af795db87476e8.apk,12016,22617,2185,4454,9831,18163
7329e0f08a7f6ab581931ea95181486d.apk,45052,89259,5831,15874,39221,73385
7c232f4b45dd783b0b8ae6361896d3b4.apk,20445,38681,2610,7115,17835,31566
7038ca590316641669185339201759da.apk,60,73,60,73,0,0
7759bc9ce3e8b85af4002737e5f36728.apk,40,34,40,34,0,0
7e490b355acc6873ad4b3bee76989fdd.apk,14989,33039,2760,7687,12229,25352
7d2b0b2a521478ef357add691ff39162.apk,60,73,60,73,0,0
7a3c67bc856231ab2705dbf8c47d5920.apk,11611,18779,1515,3745,10096,15034
7e54a1504a539c08387cc3fd0dc66f15.apk,60,73,60,73,0,0
81d1c4e68b4f0244927fc04b66098997.apk,60,73,60,73,0,0
7b2a00e9f1b0b578c2a9d9d8a0310457.apk,60,73,60,73,0,0
7a71bc86b3dda276e5b7c5eda1cc8db2.apk,60,73,60,73,0,0
78187fb7f18badd254df4e50a3e95471.apk,7567,11521,749,1379,6818,10142
7ef77bf3e99d0eade70fb4ee508b9fa2.apk,60,73,60,73,0,0
75de4774cf181d98e811dd1da5e22a26.apk,12016,22617,2185,4454,9831,18163
7f49230286e6555c6c190afe523bd3b2.apk,60,73,60,73,0,0
7c3b1ce18913e8590b7dfa4273f698d4.apk,60,73,60,73,0,0
7e7ead73328cc280f569882768d0404b.apk,3939,8650,1564,4145,2375,4505
73798b079bdf41d12cf1484a9aa4aee4.apk,60,73,60,73,0,0
7bed96f0990ceabccde58ee2e43deedc.apk,60,73,60,73,0,0
70c5622a733900c6228cb6c27d2e3fc6.apk,9482,26249,4446,15408,5036,10841
77f1c84366be5447960fbf607af4dd49.apk,45052,89259,5831,15874,39221,73385
7b8257d41f7eed0cfb634fd4f556855e.apk,60,73,60,73,0,0
7df2c8ce81e80a6a660a1293e7f1e889.apk,60,73,60,73,0,0
7cce99170a603a496aaa0dba4f0d73c6.apk,60,73,60,73,0,0
77b082f29652d98f59738e6cc473d792.apk,31426,73315,2784,11371,28642,61944
7b110ad6381941b50b6ee6b530ce91ec.apk,60,73,60,73,0,0
740923039fc060250e776d680779cac4.apk,60,73,60,73,0,0
7a84f5ca88e984792d3a493a759e85a7.apk,60,73,60,73,0,0
70c12c8dc5c2997fcce23b6071a52fb1.apk,24436,49727,3823,11016,20613,38711
701408848b95e046ae4ab03b09ccaa53.apk,21755,41071,2935,7998,18820,33073
8228f8a4c8eb77c69e4eccd0aef4961c.apk,7218,13636,1107,2225,6111,11411
70cb035cb8a4232d9f5f730af4dc3515.apk,60,73,60,73,0,0
7bed06811bf2edd42fd78c84b295b3be.apk,26716,62300,5433,14685,21283,47615
83c1d958c5de00b9328cef5fd5d8b855.apk,56,88,56,88,0,0
840e00dadb303949145df46d3a7918b0.apk,21755,41071,2935,7998,18820,33073
70b3e16d391ab7076ba80b563da12b58.apk,34302,76071,3241,7848,31061,68223
857d465e2360b8e6413444e97f40237f.apk,9976,13047,294,426,9682,12621
76a0362c2830b22222d5125903db5db1.apk,60,73,60,73,0,0
85a910bb08c1c4b0015b1a23112fcccd.apk,21755,41071,2935,7998,18820,33073
7df974b33d55bcd6d79b80841820484c.apk,60,73,60,73,0,0
83aa97321f5d04bfa5de9f7fc4318038.apk,53,80,53,80,0,0
75c2c360b8237153144425b757cd8eb5.apk,40,34,40,34,0,0
7f168c10f3645da318c6ee8a6e414bd3.apk,26716,62300,5433,14685,21283,47615
7634dbb50015e876d38412fe2649e80a.apk,5914,15383,3131,9778,2783,5605
80b6450d49dd03d0475b7f7fa23354c3.apk,3443,5644,276,439,3167,5205
7ed9ed4466c0b64cb5e76e4e11ab01cc.apk,776,1171,351,580,425,591
79e4ff08983b87275b303c8a3eb24454.apk,3333,5385,259,404,3074,4981
6fe465e306b726232e98296a82ddd094.apk,60,73,60,73,0,0
7294939adcc4c961280f8e55c8796f39.apk,60,73,60,73,0,0
7e12f187683fd8423d6ae26b6e57f093.apk,22840,36725,1052,2126,21788,34599
7379bf5fb80d8647bdeb1bcc4f013a51.apk,14938,32757,2736,7636,12202,25121
7dae25010374235b8c81a51264db4146.apk,19168,34992,3197,9720,15971,25272
700b67db25e2391a57b4de5a829305f3.apk,8178,10331,225,338,7953,9993
7c4fdf5777654b117c67f2441297e24c.apk,7567,11521,749,1379,6818,10142
82ebab9950985d226c3ba79f3b288426.apk,24430,49719,3822,11014,20608,38705
71102564185794fe3b3e81925b047962.apk,18949,34733,3218,9771,15731,24962
6ff3d82c403e2c827893afb05dc32ed5.apk,11865,20079,348,491,11517,19588
7b7ce1fb7f6a9ca9a72e44f3123849b3.apk,60,73,60,73,0,0
6fce736e4dfeb4db33f7c0969d7b49ce.apk,60,73,60,73,0,0
8291c9bf60e876090addc57ae7174442.apk,2230,5752,1038,2668,1192,3084
7fcb00c3513aae1d248c961e0650de28.apk,60,73,60,73,0,0
732c5535a7e8fb604424245e47289074.apk,40,34,40,34,0,0
815e08aa151a69508e7b0caa748405cd.apk,19187,33156,3163,6255,16024,26901
79e3b741c3a0ce6636536aadefda225c.apk,3435,6400,78,103,3357,6297
72ee93393425f29c917a149bc0f3fa53.apk,34475,77342,5797,16968,28678,60374
7e148d6926ed0b4cf6d48a3462c5aca9.apk,60,73,60,73,0,0
8167905d0433856efb748c6d6bac90c5.apk,135,236,101,206,34,30
83d00d0247dfdfec5982264cd64796b3.apk,14737,29366,3595,9740,11142,19626
7dbe8ca017d5c1b1b9146e5ccc942b15.apk,60,73,60,73,0,0
84a2b22262b6e4abc7d0a351b192fed0.apk,2267,8848,1325,6145,942,2703
7196812142d7b61cb95cf3ad8a77928f.apk,62,75,62,75,0,0
771f73b25fea00a89851b2ad74b67674.apk,19385,50827,7946,26310,11439,24517
7fb8f0c34eec5e3edd310ba88557a317.apk,60,73,60,73,0,0
7b0c653bc86b56e8775498a910e20bbe.apk,60,73,60,73,0,0
8357ba74ea0decb9bece761a00ccf13b.apk,3355,5377,76,132,3279,5245
