File name,Original_node,Original_edge,Pruning_node,Pruning_edge,Reduction_node,Reduction_edge
00070891aea5767d858be0ff82253e6637e274cd5e7315dd9d8639e8465ed717.apk,15393,29746,7285,16185,8108,13561
000aa1f313ddc02b9e365d5dcca92841eac4f40cb88f595fad0a872d14711536.apk,22143,46625,8787,20723,13356,25902
001248a66e178bebdfbdca691b841832d4b2c04ef295a17fbe9b35f726d10a21.apk,44984,93725,18919,46532,26065,47193
00216736d5b7a5f18e87769195d69e95da8da267f06114755df2dcce9ed03981.apk,61206,126066,17821,44315,43385,81751
0034344c31f7b8812bc980d67ebd8dfec951d98d5786eb201f3ccfeca427cc54.apk,63668,123333,20659,47491,43009,75842
003a38e8033e9860d10f441490ef1a15c15fc58e5a3d9485e17d4705357676d3.apk,61764,138459,26292,68281,35472,70178
0093ebf83adc955dc53ee8e5d58592c0d568221dd4bf0a7bfa2af60d174a58bc.apk,55963,113435,24794,62810,31169,50625
00b2154d1a843117dd3441a5b869f58a9667f31761aec7558e88b93480741b36.apk,41827,78091,17543,39875,24284,38216
00be2e75ca91895675879a869c24547f3f71edc7bdd6cb873a7c8d421a9778a0.apk,34796,83470,16673,48198,18123,35272
00c3aae6b765da3ea08b4cd61edeb76ed9824573b7f65a1aaba6b69db422ac7f.apk,21456,43345,8742,23142,12714,20203
00eac9c75cdb38f0158589d233d22cc78f69f0648159c9e8880e52e855b4bd4f.apk,56737,114854,21275,52136,35462,62718
011022cf8052f1170b0c55a8e9bb45826e6ee1a39f88ff3284e6d10b8cbcb6a7.apk,57032,108265,18887,48173,38145,60092
01115bb5d043b775b1a9b90e4001035b6612c1030002c160219654738634a4b9.apk,84955,178621,29763,75879,55192,102742
0112ae505f5be62fa8f07ba6a2bfb0a47df65df5cbdf5428871c1766c235f44c.apk,18333,30867,5983,12832,12350,18035
0128802148124451721c607c94e58b6664e19fe0667589949c3ed87206a58392.apk,61608,127463,21736,55535,39872,71928
013d48228b51b063c2f5cc34afd695d87f6ba8741fcf5dbe8803a79e43adf15f.apk,36706,73618,16154,40239,20552,33379
016453284b77f5218663c65364329799ea23b2f1eb4251c1b5e69ff8c37367ca.apk,46551,108427,16571,48004,29980,60423
017c70f47d4270be4e933436bb52e74ed7afb033a97a526f32a6e8fd2aa5bed2.apk,65109,128935,19961,48334,45148,80601
018cb628b293e1e017d62795aaabb745189b9143127f7962339590d5a2c79673.apk,21914,38125,7690,17046,14224,21079
01ba83392dc6ff8867f9313b98843fabfdc1e1c9ff6a8ba15c824e0e3773c274.apk,57641,123491,21906,57959,35735,65532
01c02229d591af45ceec8928c8d0827b164b061b1b676a88fe2b4cb82b20bc7a.apk,51340,107048,19411,54408,31929,52640
01c8eefb6202a7afbe3b965a47d4812a9a2c88edaf39f2a4c9fedc3000e9c229.apk,22783,45544,9230,23236,13553,22308
01d905d8ac7dab38307fa12492ba26d0b715e4a540658ba0fed08c0570a68807.apk,8097,16140,4776,11422,3321,4718
0219abed1bf5fb2e22c3744c4e49a35fa1da5f2213a153fca1c554c8c3b288bc.apk,95464,194012,31859,81125,63605,112887
0230de75c8b59896c88f1c424a3f9010480ef15881dd39f4d7b232dd81979dd4.apk,15329,17968,3419,6115,11910,11853
0234adcfa485181cb848efdb3de4590c331220c256503888e42413ac2f98aa6b.apk,38678,75209,15401,36229,23277,38980
025a4c4f51e87dfc3ebf84b5a9c1987b44b98eeb8f0579606742f3116a04d2e0.apk,20411,40360,5456,16275,14955,24085
02829b99485744dc489b07b8c4edf3470f14d429fb38599fd1a6cb1f3695a048.apk,63077,131377,20085,55304,42992,76073
028625334d7b126dbfe56dff561fd8ed22f967bdab95602e4f4c5f71a5b53bdf.apk,27681,48213,10885,23765,16796,24448
02a4db1a4c041e4c72f6f08a82cb3bcdb726e742050c996418c07e78c8d68e24.apk,43758,86507,14398,31975,29360,54532
02acb09aa7db58d5317a16f6852be990192ea1bff66ae2b499cb284261c51479.apk,39715,83666,16340,40947,23375,42719
02ad6ff525facc4213e9964ae9a5f4e19816b59ae4be622d6f04953ec8536ec0.apk,55348,105596,14662,41195,40686,64401
02d437b4fa80a95940044b4196a0d4e666caa0d9d5eb9e60ea6c7615b5d0f7a2.apk,57881,112184,18758,49828,39123,62356
02da49f8da8b15a2b1a427a6187b781329c1156f1a01ab03f5b61b486b63ab2e.apk,41810,92668,18962,50702,22848,41966
02e62bf7af8e2f32196aadb22a9d8c3edc02768108055d796ae2725d4d3f2388.apk,32896,63088,15439,32521,17457,30567
02e644e388720fe5a2c5b04ef16baf7b3699b65280b45ea99d9a6e749253d39d.apk,21912,45462,9967,25317,11945,20145
0305f3b1b1f39fe397309e86f3ec5682335484bf31ad720f8037baf9c7567e05.apk,48632,93594,17830,42556,30802,51038
032a47238b7cedf00b848617ffe05f131f7c83b0005e7ae9530b9eaafeafd768.apk,9635,17829,1827,3534,7808,14295
0349ca08aebf9c352759981b07aff8e4866a8ee0b8931d5394ba38caefac55ff.apk,24202,46270,10791,24705,13411,21565
034c8a90930cea823d2c8648f343e94893a555feb7ab7c565a9d61c9900655ac.apk,11887,24726,6034,15303,5853,9423
03505a52fbb783a8f9d53108282865ec7151e26e182ce1bf964d0ff4a2b58a9b.apk,47950,92876,18553,44348,29397,48528
035f1183ae7e31bd7545d815d20dab8aa74ff6ed68d8de930ab7d869d3393f39.apk,46297,104636,21907,60462,24390,44174
0379578465228ea95406b775a10dbd077fb499554820d7bbdf2931c20f6a8768.apk,67099,135512,21836,51323,45263,84189
0380c2fc780f4a8b0a9febf23b86c0e1c5a0bbc3e4bcfe0717e6a15f726b9d23.apk,97957,210517,37778,97579,60179,112938
03929b2c7bc1cac90cc559ec4c689e968aa041d4e87387690400a441304537bd.apk,75211,159475,24506,67812,50705,91663
039e08a2d4806b5dc59e088f6208ebaef7604d84838c057543ed6241bc542d74.apk,33605,59912,12845,28254,20760,31658
03cab9fa509b66dc5452b8b6eecbb40793d16b2549cac51975444dbfae62cd39.apk,40699,97439,19699,59886,21000,37553
040c1bf5dc62e2262ce07ef33386f2e7bd577beae284b467704b781395aff572.apk,62004,137469,17650,56616,44354,80853
04461b4d48720a9f63164c9df945b3cbaae77e7bbb6c3c5f69fd54d6e9c866b8.apk,102828,214765,36545,92976,66283,121789
04672047ef3694b2ca0d3c483e8f402fd0de2f73148b4423619e778ca19e2c79.apk,54561,113552,22942,56078,31619,57474
0484cbb0907264a701422f902de923bf55bcbb8b4d57243ab5f5d56ebdef53d7.apk,12969,20069,3340,8612,9629,11457
049a6c25f6e13c897168d60ecdd8b71cb312950639fbb454dce4ea488c8c6ec2.apk,97167,197965,29916,78434,67251,119531
049fcf0903fb986d24e294f72a77cfbff0a748da48b313781c28ca404f16d850.apk,42541,92150,18427,46570,24114,45580
04a98f84dc3da87e9fac6c33f2707f26e099b372ed27816a7a8ed7989fbded6e.apk,54793,116640,22009,58690,32784,57950
04ad81d4455db213096126e8361a7f96f0de1ab1d6199ac8d42876004791d02d.apk,54216,107108,15855,43955,38361,63153
04b86cabea3f051ef198e6510cc5f1c3dce80d72e52e089f7e49414d4f208ed8.apk,59554,121768,24408,64102,35146,57666
04cbd693bf39bbc34d0a96f73910b24e8a7bdc35ab7dc23e5fbcc432f104092b.apk,18857,38728,7652,18385,11205,20343
04d22a0458234599493dbaa56472b5b4a59f97ac555f671640a8f70200618ee7.apk,40890,78501,15421,36880,25469,41621
04e812c0686b9a7ab63666e674cb2cdc903c02710e11fb54f50c35fe1f3c356d.apk,21703,42668,10626,24205,11077,18463
0518a70366db5786a5207037c416661f36f9058cff83ab88862b81ab291b3d95.apk,46428,108037,16501,47674,29927,60363
052f3361b0065b1db470d66d49d31251cd814d0434fce7c2e274eeb932b87fae.apk,62616,130734,23795,61724,38821,69010
054f900f938537be1f3042c2e8b8784bf7e5df4535b9cdba073e7aebb45007f6.apk,20063,37118,6124,16323,13939,20795
0551a5f592ec78d318389fc8177f93130a6ef1b5fd4d981254a5bf0dcdcee3bb.apk,35324,65003,13849,31258,21475,33745
055a339cb95ee869b266a93616d54d17fcd63979bf44ff379d5abe1639b8b8a8.apk,16616,27704,6080,14230,10536,13474
0560204a3cd9845adabcdec10dfbd870d4206fc8b972164a57b0b07ea3f2bcda.apk,47362,106278,21703,55245,25659,51033
0563ff99f825cd244c73555b96b6447cdaa2416f4e1de14e83c2aeb79821ce80.apk,22245,46313,11856,29248,10389,17065
05704fc60eb8c341d5e6749f4e17b70ab39006e3e86033a58ba3d1d900b36f76.apk,13209,26754,6101,15348,7108,11406
0577b202493b9e692dfb586a5adff8dbc32c9ae08bca08daaef733974d97e306.apk,61123,127763,20137,49693,40986,78070
058120bc9f391e930bbe7dfa188cc7e2b9bf3ca349a6583ad9438cd82faf7ff6.apk,13367,22217,6545,12869,6822,9348
058a90e081a8d22ef254b2feb2bae00f81b971e39a6ba6737d93ccebb6278f29.apk,28450,59868,13896,34169,14554,25699
05954c3b5b148aaf414a57e063417ed591ad08e593ed64cee2e58423982a38f5.apk,47824,87051,16521,39063,31303,47988
05a9736ec9a301bbb3265f1cc68431ea563d400f5984b3c22f6235312fe916dc.apk,18888,29413,8407,16609,10481,12804
05a9c96f3230f16f1ff81d5fe47c950253278f6e6b0a2f5babf8d8e1588f1cfb.apk,90117,189596,35587,90045,54530,99551
05b21894e5ae1d4c00143746fcaf3fd73e52e8dd5a0ac57ae692a8fa19acfc75.apk,20043,36894,6141,16327,13902,20567
05b8dd6c0cdaccc76f0dd6e2e538ce1632983bfcac88aaedb93745eb7ea1443b.apk,34135,64212,12516,28712,21619,35500
05ca062d1db108e138948f84fc9be33553827ebb20d188ef7955940dfb1f8496.apk,26283,57786,13512,34631,12771,23155
05efba9a5ef8f0e12448ae931c1f27e592d9ecf9cb789ff881ebc06bee6ed1bf.apk,30713,66498,11376,27888,19337,38610
05edd994c8b92545235849099b95a3bf72c314997c60d1a6ca6d30bd04a1edce.apk,19842,38213,9010,20720,10832,17493
06028bf5045a0c795723b296147196d238408dc0e34de2b089c3d61991caaabf.apk,42169,86849,13509,38524,28660,48325
07c3917afac3a74fe24c7264a85477efb03843b9f8f2bc1a3482ef8516dd024f.apk,85544,187046,35915,101056,49629,85990
07ceb7c6da08df6285f600b3573824675692b84f7a6fd3eb684523005c52ec42.apk,35618,76933,11097,27163,24521,49770
07f70ffca47cbd3b4c76b5bb20019d181e89bfd41e20a1fefdd3c3824b215601.apk,36094,80476,17234,44040,18860,36436
084ef9c4435de13b2a121f34bcfb673d78cf946e9943477919a300f880881bb5.apk,59139,118683,22167,54004,36972,64679
0949164ca781160434d4fcce4e91fa790480b16827392b6b6ebc4dbcce2ef961.apk,52423,99268,17127,44295,35296,54973
0a37f44ab538fce5885680975b2711e276d6dc0cb4f2b1f23b177ae79e5549a9.apk,9507,13690,3590,7095,5917,6595
0ab77daf4ad66ba71185a8f1b3fe9a8656a421ba45a0eaa98962b056325b9cd3.apk,42186,80673,14908,33943,27278,46730
0b304f55464dea92e6640e08ac6075c00fcd38129a2f76eb6f1e11919dec19bf.apk,20176,33579,7435,14687,12741,18892
0c6ff893d0d7642dad682bbbcbacffe354cf71b26845768413ca3ec122932e25.apk,20988,41805,11628,28187,9360,13618
0ce9e3304c851d5ac863deb9f1a247a78fd0c5d7bbfec31ca40e703e5eb99b08.apk,106673,222009,33973,92262,72700,129747
0dd9cc91552acec916d31fddb88549e9e50d5e14e534709b5c2306f7bd5a98af.apk,58973,115516,18745,51377,40228,64139
0de2a56b0dfb17a6ed4fb45ff2a77f636b108b231bd1e0c0cec4bca079ef3a62.apk,34866,64725,14465,32682,20401,32043
0ea38c6582a243df8be7515ac34474bc2de436c3abcbd3c64d52791978943818.apk,26358,51324,10119,26198,16239,25126
0f061db06e217cfa481077d5e3bc69642e32b80df756bccefd63b3c2ef045e35.apk,88857,255113,35370,119465,53487,135648
0f170461446772bb82d0f5645db9a86f1949c4dcbf66bae63566104de896b85c.apk,9819,20692,3420,8027,6399,12665
0f46541a283ae5a46a71d80e7f55d0d05f3f3d46770ca6d658ecd3ffb830158c.apk,66700,155038,34380,96513,32320,58525
0f53ba30b8fa6e814a7067e4afe4aeacd86cb74fade767fc6a8795740745d2c3.apk,18254,27628,7793,15123,10461,12505
103effb54f60543bf4cdab31938134a5087609376b9897f879385c2234e5d2c0.apk,50136,100247,21412,51818,28724,48429
1082500320c3a14e022f4ffae0bc4fe2b014159e6274469b7bf278964084a4e8.apk,11374,24275,4308,11286,7066,12989
1097ec4977366f0696690d9a23747eca339ad8c6056283808d0ffb54d288ad60.apk,114351,241013,42004,111677,72347,129336
110d4c559aaaa193ee0dae93d0ae117cbbb4bf5819944aa6c4896d8a23dcef1e.apk,68898,137953,30215,77261,38683,60692
125bdfb0741b21d5711f974eceea3bc6a8c9e79eb10f882d11f6de2f625f1ad4.apk,23064,44574,9989,21056,13075,23518
1298b46af9a5a2853ec30a6a9dbb9802c3761099429321b1cc64bab9e19b21a4.apk,14885,31521,4336,10361,10549,21160
12e8b8b7336ad9c5d8a5b3125d5d0c52557e66aca9e8cc5d64f2439ed69c9af8.apk,61647,127763,26902,66458,34745,61305
130f148331a99f11ba40708d5105742632314facbc45ef7c513cd3eca99d9ecd.apk,60367,121234,21621,55086,38746,66148
1386650d58cda34ab261026ffe94585c68030272ac0d331c7b5de8f51f719258.apk,53429,114291,16992,47037,36437,67254
15f1a2c93c2738ffb58c8cea133646f392d85b0939aaaedf66eee9247e2c0fc8.apk,48280,104309,19522,51325,28758,52984
16061512472f96783f9335f57bf46060156efe7b71a0b30ecc4660346474514c.apk,59143,122535,19444,49358,39699,73177
1640f458f45748e03c9156ea63df21ef0ba21a3f59874ada0d5e5434448f757d.apk,40364,77311,16026,38006,24338,39305
168dacedd5fd7dd457939f88a374c93ffa78e78af42323a204fab364012c170f.apk,63496,120284,16326,40966,47170,79318
16fc19f315a2806ce06fc9f49fee676057546406dfae9bf6d54a276f384b0abb.apk,36250,66110,12536,27227,23714,38883
17409dadbe8c78423f40813062e2fe40011b3a1bb80f43c9be5cdd7891bd49c2.apk,86083,176700,30972,74392,55111,102308
1743443d44e46d61a614e0d6e8851e6c87efd09e4923f6c227d70e75747876ce.apk,28326,48543,10962,23914,17364,24629
176c232c62093d164df5ce28df0c6d19cb765c1061e4c63917b626e8d8d301f4.apk,62645,127821,21964,52206,40681,75615
186b20a2f33aa8589a6f6171624616d1865aad3d84f2c55ace1bb0491f6bb00d.apk,7320,13218,3932,8577,3388,4641
187edadba59d6c7950408723019a45c07333fb654d29b5fbbc56fa1c40254993.apk,75732,161044,22365,62111,53367,98933
188fe972277bfab3505cfcb029fd936182d896283233727498bb6cc25c84ef63.apk,38584,71473,14852,33456,23732,38017
18cd8e4bea2e83b4e5eb4cd6ae942b1f7571ed2adc074eeeb6b7e060a7eba6ec.apk,77179,161014,28044,73734,49135,87280
18d4d0bc5010d674de1c5487ed2bdee291de6ed1599d9ba8bead9bbda4b19d64.apk,96905,210040,39617,104920,57288,105120
18e11e4b2c41564020ec525ab7c3f792a0f250669eed96b58057a004913e2c70.apk,7134,14828,2839,6396,4295,8432
197d76d43312bc26d5b4ca4b6104a1d03ea0cf38e88ec8f704e9082f329bbf04.apk,43585,86768,20308,46271,23277,40497
19c2de5c887b15e34efdd83dc01a6181635c162c34961f2d7b4dd1ef84cea9c6.apk,39303,71838,14574,34566,24729,37272
1a229c3fd8382924431e84241aadc73183db27f1a7941fb44e4c0032ad3e0b13.apk,41854,100389,18795,57040,23059,43349
1acfaac3317827c13debba542e6f14c6ee6f56fecdb43f612552642accf6982e.apk,18681,36616,8507,19050,10174,17566
1ad2e822208dfd7c5553d43be9a28b3e54598bd586b425ccc9de92aeec263c42.apk,45483,94509,18563,48291,26920,46218
1b0edd02e69ac08ed70be41b517937543858e692f936920e83f3aee3c34116fb.apk,74335,155379,25543,63654,48792,91725
1be88a898960bf298b9704dc2ae41a4cdb4e971e237162a083655102b744bfbe.apk,38656,74961,11229,30452,27427,44509
1c70a2c4cfcef75a57a9befd312ae79619ec55808dbf347d1d7726d0b6623d08.apk,3329,7406,972,2221,2357,5185
1ca96205b6529ef25743162bdd75df59f9dec4e9e3afcc1966de0f735dc9ccf7.apk,40644,88738,16833,46762,23811,41976
1cbc241dc0f137d4be3597082eabbde0c82581b3da1eecaca28b62259fa58cfb.apk,45888,92897,14153,40748,31735,52149
1ce3f9d6cd288cfbff642d5db320dcdb7e55afd85753a26f19a92ecee1da89b8.apk,45127,101887,23654,62583,21473,39304
1dfe2682584b04c37760eac15ce39417bd0c9f5cb192ba8bf6fc2138756a3884.apk,33965,64680,13899,33225,20066,31455
1e54e6c3632ec46af6e9c5316bf54bca2e0bdc201e06429bd05db86ac1b80257.apk,47344,87573,14137,33970,33207,53603
1edda17f72b135283ccfa94cb754461b5971c197ec04244031a2b783468e274b.apk,20015,30351,6742,12635,13273,17716
1f55bd199e77c64e64e1d2dd0b42d6dada9087e65106fd1accc1dbece8983638.apk,46054,96049,18311,46281,27743,49768
1f9f14835f6430f7cec86f4e6f4a221c682c9a3dff3b32a830c80d125e7f4da6.apk,46254,93572,19105,46684,27149,46888
204e506d10fd32ef55a7619381ca3f1efde9f823fda1e4388cb13e007b78879d.apk,34758,70202,15746,39103,19012,31099
2092486d97ee6da01869929bee762c6452a66ab29600f43421df88d58a0769ba.apk,62377,143977,24701,70464,37676,73513
2310dfb748e57b95115087711dfb193c6bd988d5c68fea85b739adb8bd325dba.apk,59731,139207,27705,78507,32026,60700
2388f589a5b5643fd08041b4d98d3a3bf6775f969f58401befefdeb0204629a1.apk,39093,72764,12405,32305,26688,40459
245806ceadc7e8bbdfd59b1de1d393da2bd635a0ec9cc0dac1d4256261052cc5.apk,58532,112980,21026,51978,37506,61002
24fb9bfc620f16acb21554bf2bcf95c2a5c96f789f6c087985d9778ddd216c9b.apk,69528,175758,23024,74460,46504,101298
25ab64179cf057eac722c657ed01d64040de58e23e0bccbbc51732c69f2e5511.apk,60527,120874,21385,57708,39142,63166
26362d2887fe09b08d6a5e6c2caa5dd2ac4aa287a475cfd19a0a35fd88ce2ef5.apk,37771,69339,13694,30679,24077,38660
26401e54fae9548dbccdb1da12cc4c6c59933cd5f98a7ebc5a9a3e52d2b361de.apk,25117,41402,8562,17038,16555,24364
26c99cccf6a04e6bd0a3b7d7afde05241b7289d49d6c27e4e0b065fe4a9ef0ce.apk,63379,134936,16838,42159,46541,92777
2853b4572584387d3d7974c6fffea789fc9d747fc6b2a68ba59ba62044a5e2a7.apk,46646,97814,20210,51008,26436,46806
28686b7523522f860802254b6eea27df158b7e523c34abf6b6c66de23e85af6a.apk,82789,177967,30223,82320,52566,95647
288a412b8422c1f0ea54fb1f2e7287b21507d21502d021704121ae9cbf8ce183.apk,36837,68928,12320,31529,24517,37399
28b769f7ef2656faa72a362267fad0b8648fc1f887da5c4af8249cfaff37c52d.apk,32386,68693,16110,40241,16276,28452
29149f9908f7cfce383348714fc1254299093b303b9e9428f87c4eb3329d31a2.apk,61119,123968,23591,59128,37528,64840
29620fcdc3a1a10aaca0789b246ab6fbc0c89ec2a53c5d55e4eb3ab66bc7326e.apk,8885,15279,4313,8914,4572,6365
296316b4cbd3125c69ea44f7011f325980c175a539dc67450d40ade168df2bf9.apk,25980,43608,10728,22666,15252,20942
29e4dbe14e2821c44c5158f2e67cffe27c7e72c8ad5dc1e3989b1194e2ef85ef.apk,70279,158047,30257,75737,40022,82310
2a3bf8a0aaae4817e1de7e472666a37f7c299e083341fe2b81b74ad55b03446c.apk,27210,43617,9925,20248,17285,23369
2a632d01506dbf61f2247fcf0525e180689d64ff4546876da8eb7bcd52aa7a8b.apk,10584,22562,5378,14536,5206,8026
2b25a9993f525eba0c04d244d87149ffded01625e26b89d56d997d4f7b4b84bc.apk,59666,126670,15380,37483,44286,89187
2b559f1c50d1f0c177e359710cf4f2e9e28820e77eab8ff14ae33ac3d5c92354.apk,22940,43793,10372,22272,12568,21521
2b5de10b0c43bac508e0d10ce5d26f8c9ac9f2d5d08cadd0820be10dad5a6a03.apk,53812,114183,18296,46460,35516,67723
2c039b8a67d934ef5d2e3116e9ad8763307463765cb2fa086002eee1008fddc0.apk,41195,76016,13147,33205,28048,42811
2c03b247d1bf327565f0057bc99bbeff5f370bac86735863db6e71bdc07ad836.apk,32824,61749,12311,28784,20513,32965
2cf3632794fdb1597548b0483085747cd41b62c81cd34d19b2205a33a7e48377.apk,4855,11416,2175,4992,2680,6424
2e4c918f3c02ec5d86144a7c7c507c0812e3373d8789792694b9082cb750fc0c.apk,65049,132610,22934,59436,42115,73174
2ece57c8f7e3786d74ef9a560a2710b5f93fe92ce827db20dbaf69b4d21638c9.apk,18750,28062,7798,15153,10952,12909
2eff0a51dd85ee9db27b3dc5a701fb7596ec9140e04793167b75d78987b182d1.apk,30781,61841,14757,36660,16024,25181
2f5be39036d6a27af802029359b5e9ef73006743bcd2c73e031e3ad4c76a1535.apk,19630,43399,9762,25936,9868,17463
2f758dd14ae34d4ec5bf1274debafab412066ec472cc887ba6cc26f0ba208d1a.apk,57835,117220,17284,43709,40551,73511
2fa5ad797e5f0c84f3cc05cbc119ba9b69277a8986b022e69047d5bfc5cc9fe9.apk,61148,126278,27752,67516,33396,58762
2ffdded79134f5ac1ab5775f5235819f9d7879948e521e4f806fe3377396c003.apk,12975,19213,4595,8945,8380,10268
302aebc19cce25c91d06edc1b37dc29cca64e5804dca52e6c8acc296a58bbda8.apk,48280,98612,21427,53830,26853,44782
308fae8ec279d15a3e11e325ff997d9b8cdc908bbbca67a14bb2c82cf2ffb1ff.apk,40951,75042,12682,31975,28269,43067
30b8bac56822c7f452c7ad3081a887125eba5a68df9376d2a7ae33e2e416e898.apk,49180,107976,19503,51466,29677,56510
3131b47109f2f8a366e2f08bb33529824da12f724b11b51dc4bf1174ab29bdbf.apk,90972,190088,28589,78694,62383,111394
3135a25fc87e417cbf969c22fd9f34f90439e5d5fb640a10168c470afcad5edd.apk,68448,169262,32209,96294,36239,72968
315fa5f7e3dcdba86ebd77b2638d2b317d174d2453010bea7d9df3593792097f.apk,39615,72811,13340,29572,26275,43239
3225e6f7a5ed1c3af5dcb2671239a2102e65ff74c3b68587be161ac3f5717180.apk,91182,238140,36900,117005,54282,121135
322812020a0b1b631e4102e154fbb0c2fb6236a2927fe8d97435052b06b53f36.apk,41528,80219,16888,40114,24640,40105
339831191d4ec7f782714fdfe2942ab287c92da518ae9e994d2a98c25c216670.apk,45817,91549,17400,43867,28417,47682
33f5cd11636dd34d8bf5fa274729d7b5ab94d90aca4fbcce268be926e4226707.apk,24788,46526,6924,19396,17864,27130
344ce2a6974581d390e7f9a21afb4745a2366674072f30fdfc1caca073ad97a1.apk,50232,101698,18416,47798,31816,53900
34a1e476dd512f7738c2d806d426b302e2f508b4b709552b5cf0169806660483.apk,53785,141765,22945,73713,30840,68052
352dca1a8ed2c4a3b5479ffa460ed4b2d5bd1364415cfc03eb738c9028273e54.apk,23847,45655,11080,25154,12767,20501
361fdb6a0f5fb7e097955333203759f311437f97fc9f46b9441aea3ad8a4e077.apk,45037,91038,13683,39706,31354,51332
363a37b7108a86b82649af170cccd1780d9c4bbceeeddc8a7c1df55550013c64.apk,39169,81975,11949,35912,27220,46063
38207f2b0c54dde3b5306f02e185b33859507687af5b586b756e47bbc6ee1e92.apk,34720,62877,10128,21976,24592,40901
3a5afe647cd040d6c4b38b4459b9406b4ad077b40aa6b38aa8b42689bad86f7f.apk,59072,115481,20718,55388,38354,60093
3ac2f40fe56c6deeb2baf42f586a25c4f1926bc655cbac7fd4648febe7000302.apk,44028,84286,17008,40099,27020,44187
3b91f0fa76efdadac426ae3c87b40029b8f48c9f2c65e7d66d11efe2ff271037.apk,21375,39176,6337,16307,15038,22869
3bd8d5039f0a48c0b42c9d1679090984be9476a76eafe5f6435415e5aeb3b9a0.apk,37406,71253,9619,20006,27787,51247
3becbea0a70f56cd80318ef1a8adf1275a0d0a6f8f7fcfa3cfc5858b83d86a00.apk,41086,93105,20465,52416,20621,40689
3c4ff9296e801c78cac3f2a5f253648a411d3c501d7f249f98f4087b85242926.apk,39727,74827,13577,30129,26150,44698
3c6cc01b2ea4fa49c537c05814c6b4bd5d985ab6ffb214ca818dc26e2fbe3a06.apk,24788,46526,6924,19396,17864,27130
3d0e8295bffc601f516669548bd8d3df915dea9c5753ece1cc22211b54250a39.apk,8097,16140,4776,11422,3321,4718
3d3e0ec29427ddcca66d3450d8dcdb92ecd348acf0fd245eb5d0fafe89151c92.apk,58300,123378,18812,53669,39488,69709
3efea2c234d082fe5985cad2e75066d2fe82a69cca5c01b21dfb0841fa5afba2.apk,41740,83515,12350,35627,29390,47888
402795fc4066a89ae93dfa2b56cd9ac98fb2683634f61c273311f8f74977bed6.apk,9464,21671,4346,13675,5118,7996
404616adf75307dde605ab43a5b846e63650bba6a484379c5d818d3f410ac08b.apk,49667,97239,21754,54648,27913,42591
4091a2f960026fc9c9364523988797799bab538e191d844a7416a196a654cb2d.apk,28961,60385,13184,31836,15777,28549
40e442bbada57c7dee82ec88f7d161ec16dc95c0c6bb6cf9a6d9d5917e446a0f.apk,51148,105292,20010,49014,31138,56278
410f78a9e87b0f5491d4fa9f59a03ae372d4aec6ad92dd21d330aac7d3b0c4f6.apk,48629,105232,17507,44065,31122,61167
411c7a945d3eb20c2b255f59f40b2fe0739ea012d077619e9ab668f46497a4b7.apk,71601,159673,27691,73990,43910,85683
411cfaf94045a36894eeca545e629e3bdbfcbce278a92e2baeba7d7f8ca65043.apk,75062,170923,29607,81023,45455,89900
414d5eebe8555387633e3aee65ba98c9dc593efacdb054841c0ab316c3b835c4.apk,47811,112674,22637,64649,25174,48025
41b8c27e2d6697eede968f30ce79c2d0ffdc2139e1f76ade8acdb144d5e055ea.apk,116766,287498,39684,136442,77082,151056
422e77d8831e83492257afc074f7eda8ddde200f00861654022ca78b4e028c37.apk,43262,87510,13306,38913,29956,48597
42de3e55e8f0741ec5aa7394ed91b67ccca98eb9708c3ba9da6cd2d77d0c0c3b.apk,33235,64322,11887,29326,21348,34996
42ed85ec4e948bfeb69df4e01dd4f5969865c5e2031e33a7f1a1d60c29f2dd1a.apk,28579,63702,12676,33973,15903,29729
430c55e0dc6d6965a663cad691ec98e2fb194475579a9b5d784af2cb00c9f421.apk,28478,59381,13802,34226,14676,25155
43fa8c189922e2dd4b9c7c61751463980a913b84548834b721556edf169c3ae1.apk,14795,34232,7682,21489,7113,12743
45bef1bbff89adbb83329a23da68280349d1f239a4fdf1fcdbe5ec83c959076f.apk,64953,140197,21957,58676,42996,81521
45c741fd41d034e6faa2038107fbaa1791147f2a591c89220b6f28279a0f9131.apk,59372,131742,25737,67480,33635,64262
467faa5064fbbe971bc9bc1644e75f9f4399086ebbdcdecf8e97aa9d8b2eefb5.apk,13106,18902,5729,11048,7377,7854
470816e16a8990134e7d07312f3e62668428fb4e92a411496e891c71c12883d9.apk,10056,17469,5355,10862,4701,6607
472ae45bd5c50a251097136041e677a381c6fcb6f5e8c32677b534d725cfbf23.apk,45503,93425,17064,45962,28439,47463
475ed72ada3221787b8a0055bd08b8271eee0108be939fc110467a9b36da2504.apk,71942,149308,26599,69002,45343,80306
4798f8b48167899c1ebf93e309711c9320c6b1725f28fc507d5f00c60872c5ff.apk,3476,7002,1334,3030,2142,3972
48046eaf88d105cfc728d8f15fbc17e26b9d3f46126bf8fedd083dab577f919c.apk,2334,3796,1210,2176,1124,1620
4810f467f03a6d5f1d159c9e38408050bcad9c25c25c69e482995ce48fee67f8.apk,31124,76993,13828,38578,17296,38415
4837b8300db4d6caa3884f145dcea6a1ea7ebe28c62572bf484aefb2187f75fe.apk,24056,43293,8085,18104,15971,25189
492ebc389734747f6ce83bfa4b2f7a9a9253f6951c400f5e9d78381ab8edfde5.apk,49193,110830,24526,61411,24667,49419
49a53fae037b268c453e713a7d35dc34ff2f2b5d1e4cf4cbe804e1cf596c1ffd.apk,111707,252748,26950,76199,84757,176549
4a00f374c0ee3ede5835e81dbe5ed70ba6a7b44e72ec9fa80fa3e73bcdb5d55e.apk,30836,68727,13389,34820,17447,33907
4a944bd426d2f71bd7f14aed0388494d4efddd1e214adbadc0b113c35962ae12.apk,43753,83956,18084,42460,25669,41496
4ac2a8d44481c37e36ccc8f256d9e235a3ab5599d0d80b215644bbade2df7105.apk,35318,76597,12976,36093,22342,40504
4b1375e4c15156bfc37897655ba65a3b2ffe08467f0723253166cf4f9139a745.apk,19794,43967,8728,22341,11066,21626
4b909ce255b12a057a4188c4bf3ef484264bbe29127c9645737d7c5992c1a3bf.apk,31952,58562,12904,29508,19048,29054
4bb1fc4d18cba8f3be066231962f974470ab430c65e3f6f4e69a0400faad4328.apk,62769,135867,26840,71961,35929,63906
4cfc3d47273119e9781481aa9bd0dc895ebb6854b524150d72fc0964e5c99ea4.apk,72808,168857,26655,81222,46153,87635
4d8422d4bfcc0ed6f8747a4fc15ce12a80d78877495f2f8ddc4a4adf63e253cd.apk,58318,119124,13855,35520,44463,83604
4de23bc36ddac6ec748b9f3a4ee1d46c6eab98fe2a332dbe5094f87789f750ad.apk,78706,177870,34252,96287,44454,81583
4de26113579105c80c3638909ae7d9233b664f0bb79166776e62436882405607.apk,62977,128723,18979,47222,43998,81501
4ef4299bd70f1f72fb4bb916cb57e3ba8af34fccfe7779a005219e81bee86f60.apk,47742,98211,20575,50463,27167,47748
4efee444ade5392c6688baade6b9d78c9d41f864860f84d784c821d5849c7f08.apk,17741,42395,10684,30251,7057,12144
4f78786725ed2115130929cf167970b59a41c777d7ee674d9a74b0cea703502f.apk,44559,91756,17324,43624,27235,48132
4fa1de5f583b46d858a4ad900c6445ed41c8ea4c162f6e52e3e78119828a1ce1.apk,29176,62526,14137,35960,15039,26566
4fb9122c5b222dabbcbd758751f5e40e9de45054a1ba901fdf07ece7d8f264fb.apk,81849,207994,39634,129468,42215,78526
4febdc88b8f4bddd45414d002d5566f86cd5610203eccb4d3f3ef6e76b04cf61.apk,38387,75497,16189,40120,22198,35377
4fed1c850130157a538fecbc235455eb19309a0b54b5324418983e40473ab412.apk,18646,36440,7815,18726,10831,17714
5047fea5605f998531ebb2760646d60811caeca05685cf9dc99369d3ee086adb.apk,857,1150,482,626,375,524
51274cd41bbea2cd0cb8e836dac8b65fafcddd9699b449387051c191b68cfaa8.apk,5118,7619,2175,4397,2943,3222
5180f1592412c08b79bda89c5f7ea0924a5b15974ff5f087b90754dc43bc05da.apk,38674,73167,11360,28622,27314,44545
51c2fd1208341069c0e0bdcd039cee77683f5b384e1ab53d9e1d7d008733fbed.apk,50007,118210,25024,71498,24983,46712
51d6e93bda110a3ca6ea0edb0cc8ed1bc8412612bf6962dadf7046d10dfc33b3.apk,30130,52072,11916,24757,18214,27315
51f9a0f4ef2138af4a5318233d1dcf89fcdb8ae88b05a467f10db94aa11e8198.apk,63868,145895,30608,84492,33260,61403
539ad3b8dc1b2685e675c9111b69cd4e9e7b2eef576f520e9df2d3cacf8bc14f.apk,52230,101885,17472,47122,34758,54763
5435cd12276138d7870a188e687194e50678498c4004fa1c1df1b1d6cd669b2c.apk,26801,50510,11217,26994,15584,23516
54b88b759c2c9fe8655e04ec3a332a051bab3878808f7f92beda7704f8afb601.apk,65965,169667,31844,105040,34121,64627
54c5647ecbf3b989a2c055889b7686fee0a913a823f77d424fb5aecad743ab4f.apk,18038,43188,9357,26114,8681,17074
54ec7f11b865871b72b54d9294e954aeb1764da308d3c547c3ae95549dae6ec0.apk,58259,123892,19936,46281,38323,77611
5552e82464b23321a42e55250aee64b2c7bed70db7e5047c9875040127ffc3d2.apk,78871,182046,34341,95974,44530,86072
556a2cd7d09fd3cbffa08aaa86cc9794a9793c5f73d1aa06ce50ba228cfce966.apk,47653,96280,14295,36780,33358,59500
556f46a088d6f7f273d5a04e471709ba15385d487528d5444d328e002575fca2.apk,71854,168458,27974,87300,43880,81158
55fcadcb5c8dc84afbea79da1d5216da2fce396df701a06272a2d3224cf11ccc.apk,55843,113235,17994,45905,37849,67330
561ab2078a47fe3cdcb1750348af63b639015fc4cc2a18208bc572318f47f341.apk,31161,77093,13850,38665,17311,38428
563b8752f16f82dc7869571473a72e2e8bff9011e9badc312629ffff8fca18f3.apk,14097,23361,5835,13620,8262,9741
5666fe4aaf92c7e3bbfe4f3f5c53e9014dd62ba0c7143a42ee8a92ee05a9d30a.apk,27079,49736,9158,21364,17921,28372
56c2736d708dec673a8a4e436d0a355648d3b450d63e54b20b21df0f868deda0.apk,54641,109444,18183,49875,36458,59569
56dec970952d32f3294e47164e6331167878769d15dd36b2c7e709143455ef8b.apk,51054,98658,21021,49912,30033,48746
575ace8cf94c066c6e9fb2d862844b743b9b48fb2eda107502273d893300e3f3.apk,61887,130000,21767,56797,40120,73203
5781c99666bb666ed446594274b9011521971b8112dc21f3f623bf5ecce77fc4.apk,23194,45788,10971,26187,12223,19601
584de4b65fdb16ee5393da1ee014cf00893962229fabdec23caa2a16feaff004.apk,32295,71524,14252,38069,18043,33455
58597ae70d72dd8913892c62f6d399ad7b14e7f71d81f1246a87c49e3ed90294.apk,24983,44149,7701,18112,17282,26037
589909d4e2d67a1440d74c47ea802ed9c7ee6e85beb93e4112bb4128bd5d7384.apk,62123,131678,27633,73099,34490,58579
58b1aa3c00dfc3732fdeafbfe7cac0237a25119b3f24c3b16153b9749bceeb47.apk,63412,128799,22621,57038,40791,71761
58de1b471e216e16062f1a2c69a471f355a9af115cdbd5d34ead7e09cd907b0a.apk,25186,46070,12897,29287,12289,16783
591545cc0e46113d473924680aa348da366431dca0ea511799094aff6577a40e.apk,30911,56241,10166,25333,20745,30908
59c8d41a293bdda54519b19a8601eb76db8401fa41e1e228f2aa91d9f3db64a2.apk,44281,83426,12368,30322,31913,53104
59dd7287f314a46ff6c227bfecbd5082d44751cd73e05815156fd1e44b657dbc.apk,60406,131244,28821,74013,31585,57231
59e179483eab9db5a40774c8753752dedef4931fb05d09b6fa107d09618b4ddf.apk,39017,76990,16250,40075,22767,36915
59fdab84cd59dbe44bc33840fac48efa937fba77d484a06869c7a5e122dc1ace.apk,104634,218979,34798,90463,69836,128516
5a394b7cd14745927e66d20f10a100ee4d2d5eb69ed2dcb5784f6f737f98204d.apk,35856,76792,17301,44159,18555,32633
5a6d4ac1f8955a748852462ab0eda2713ad978420ce048b7f303e0308b90e169.apk,68787,158284,19792,52603,48995,105681
5a7d2f108b179bd88920bc580bceb955b3df178109a8ab49b0396055aed2731d.apk,111883,211380,29467,79822,82416,131558
5ae65c144850347cbacbbb05c820c073bbde9850051a6cf85161c6573416e870.apk,36725,77217,14484,36607,22241,40610
5cd86a7c2ae9a5f68da4a598580c9f0866858c124d22889b63ed3fdb6a8748ce.apk,96277,191314,33466,85620,62811,105694
5d200706fcfcb7b719ed9b16efbf0177b41a3951380183289b2e000e5d724daa.apk,33331,61312,9865,21444,23466,39868
5ea0832b2dd21dfa6cae4a128fc86261c8da89c19352c0e62b04172a4eea1792.apk,31472,57428,12270,27556,19202,29872
5f4f0077392220cde7971f34ced31f5d8cc5a2a2b3d1b11f0eaf27b9d180cf1b.apk,43753,83956,18084,42460,25669,41496
6104d09e785830fa0effd066d9a0c55a64ace367d90705178fdd0af1dc9cec11.apk,18174,41041,6377,17311,11797,23730
624831a3bdc567f6eb60370a554823dde9ea4bcda2dbcea7fb7afad23f1e4ff4.apk,41943,82768,12543,36095,29400,46673
62d89cb84d00962f41f34153f7df0a81920316d1a8d39c46e2bbc57ccba31c21.apk,79404,188359,39504,113426,39900,74933
637e67368ae9768d74fd1963d60469423ddc4eed0b4be6da86046c165809c714.apk,40600,92365,16795,45868,23805,46497
6397dd718e7b172dae36df2756f90acf4043308c689eb7d82bdbb8a17d28666a.apk,10965,16909,4153,8324,6812,8585
63acd80f8e6db1d15247fb4331cdd67a43fa06c193fd57662d79ff783e2fd488.apk,58108,121100,20741,56503,37367,64597
63fb07d1b12526e73f1beb71a3fc19b819c54e3c86b74484f5d2f918dd48d5ea.apk,38656,73128,16400,38447,22256,34681
64d92bd822454aca22122782ef9031137940cea03d7107ad1dc13be97129834c.apk,29489,52452,11583,25729,17906,26723
6542ae5da38d87d31105abfc369896a99b6bd11d6a90287882ac2c2c7f93dbac.apk,76361,161190,25097,69197,51264,91993
661a45bed5e39403b59bbad055b77cc4c936bf121ea0ed7132f9cc89241ba4ed.apk,8097,16140,4776,11422,3321,4718
66e85cddf49345d08374acf144f6d6f6234354adf90b30da2500da23f0d6c19f.apk,9315,13771,3767,7240,5548,6531
673cfb6b7f1dc3bd55e06bb60d75fefc848f3c909a06ffaa5474184605f9c31d.apk,47794,112646,22636,64648,25158,47998
67963243176dd77d0b0542d7e0197cf2189a86afd4f9f2fd1746c55e7d216c46.apk,61078,141274,26556,75100,34522,66174
67bbc3ad832c4c56bd34684fae9b31966a59a051531490698edbe390e4b5b66f.apk,53926,107935,18776,45045,35150,62890
69d6066d4094f849220a3f47d528ae5913a254414bcdee9a8e52ee5de2adfc52.apk,131974,300905,43296,124087,88678,176818
6a88a7b54c4df9e3a3ddaa023ddfd65986a607f9316aadf80d4ac04499d1d970.apk,44203,86874,17371,41819,26832,45055
6b92eebcb8157f85edc2972ab2cbd39a7fe52857be5d1ca7ef937de4fbf008bc.apk,58018,113271,18307,48465,39711,64806
6c0f0b4cf2d737db675e34c788b9e3771a4cca6e08d30532b935b5eb13d64187.apk,30181,58115,8539,23966,21642,34149
6da9f0d9590d977591a5bdd64a08dfbd81a61e7236d4b02a3de5b4bf521df749.apk,48589,106673,23188,60103,25401,46570
6dd491e6d6a677d3dd2a6ddd6f6eabc331e9d2659e866b3f7fafbbf16425b47f.apk,67611,142386,28127,74545,39484,67841
6e1db23fa427fe4bc7de829b7b7388f7babca9afd59a817bed111b0c56a1cd55.apk,66898,156677,28375,77351,38523,79326
6ee1f71b2cec5e480dc5c461417d5403eebd5add83f6d4b984a4dbd13f8a72e6.apk,48373,94203,13670,32922,34703,61281
6f5c0ce74e45698ea926ab67493bb37b59854c5fc800cbe86f55c2bf362a36c2.apk,27871,49979,7129,15862,20742,34117
702400cb32ea85e20e806dee9f9fab2694631e8f08fbc7424a8e51708baeb3bb.apk,64456,139166,29002,78593,35454,60573
7035bd964239f4e9c0016b818d54db79cd34b69a3c5b123fda1d0ef5d2f10f92.apk,60000,136138,25545,73010,34455,63128
70590c28dc44de53868ce55ce080a94d75c0d3b7839479f7518bf9344f1b12c4.apk,43796,77310,16350,37351,27446,39959
70b662bf7c78c555c648bbde22935c569a0bbbab1abf6a2b355e68d42e932210.apk,45878,89875,12912,35175,32966,54700
71bc19794129b3ea8761d860155e0e05b2d9fb574de05072774be119577a5455.apk,41286,78864,14464,33927,26822,44937
72ab2a7babcc91ca8e32e6cdc029a014675e31f1d7ca16d3ebe145f32d8a4cc9.apk,14520,28519,6882,15843,7638,12676
72cbd2edd0036e6a889731a5f10aff09ff5d28bce5b1504b5996cd02c53fc29c.apk,58109,111403,20175,52568,37934,58835
74808891a93822e9357782cff552a0034d58ba17ddea9a3d0dd681ff6447e61c.apk,11944,28604,3283,8521,8661,20083
74c9b56631553f1ef3fc493686b5e667a3e18e0bfcce23708601d091a03dbc2a.apk,64514,123897,22583,59527,41931,64370
74f9d879cddc177e08a9502438edbf10d13738e016e2fb78b53e732cd895582e.apk,29990,53800,11903,26809,18087,26991
7596034313eacc0da7c714392772bc74b4f064fece0d9a7e97da5143c70301f1.apk,49154,95689,17623,42206,31531,53483
76055f3ee0630b48c1fb7cdfa8f65e45154d3c3a463692e261a94161d83c8f83.apk,8197,17837,5216,13004,2981,4833
7644ec5048747e2bc7b321d3e52730b3f5c6c17a2e27a77b0c55152d69b81f09.apk,34703,67650,14613,35484,20090,32166
7648fa6ff9719c278b35df2f21ab372c4f15ed9faa2863e66a240276ba69d447.apk,43256,95770,11730,32403,31526,63367
765b09406e68190309311f59770fae1e1a96f4c58a3b6e948712ff387890f540.apk,41537,81551,11703,33475,29834,48076
7662d09daab41b415cc37d647ac5114474b5b2a14347512dd352e75c71e70e30.apk,77036,155692,29313,77120,47723,78572
777d5634dede78aeaf9348e4675a1f45c9a3930b4d33fc66b7d924ee41d5beba.apk,5290,11140,2373,5666,2917,5474
77e82215ca65bb3c5e773cf83fa2634233922f5b0862a43312e10f8ec202e497.apk,77700,154992,8740,23928,68960,131064
785622cad05f1e0c4a77af299bd13997ebd6ae12a69008d76932793243a674b0.apk,49456,98139,17609,41283,31847,56856
786a66b64a946e9a1e88fdda428d0b82da923e10eb078a047c072fa3327c4199.apk,43506,85914,14300,31682,29206,54232
793e573fa77ffc0ca0bd801e2bdbb1c64f68223eca05ff1601484e268823faf3.apk,62506,130871,23284,56806,39222,74065
7946464050960c29864dd470f7fcfbd58bf7d31cf56674dda7f20a50946e35a1.apk,78673,177618,34212,95987,44461,81631
79a7d2f7d241197a791683e39ac3e19631101117b6a9bd84aec50f13df8a513b.apk,51527,100191,16875,45508,34652,54683
7a7d03e42204e721c8cee773f8771cf3dc5bf9b7db98526c5f62bdbeafbdfed2.apk,58788,136617,26088,69482,32700,67135
7b4bf652c242567ca8992a1ca1ce319987cee5e0bd6de44d8e24318c343f8d90.apk,98444,211283,25464,65243,72980,146040
7d34be6ca0629191e63d836e0e3b8f87a9ea527eaa2326b00b25dff2d0f23a1a.apk,59635,136824,16094,48514,43541,88310
7d742ba848410c4c6d686d5af556e4b3f940cf28c460bd4a06ebc98753bfbd51.apk,73280,171790,28926,82032,44354,89758
7ddc88e45d089bab1b6987c8097f26c42438486074f64078dd03062edfccd691.apk,36574,69613,16087,37093,20487,32520
7de9bc11aef5c5b4f14203d086f6280ecfe2ff719b61b6c5ce18f87b7775f5d0.apk,112547,271885,48543,150072,64004,121813
7e3073a764293f7d8f5241c84191879ebbbdd442b4a621a10a0c88314f284c1b.apk,60977,130024,24058,63334,36919,66690
7e3fe07c91f5606e96b88c0eb4a942f587ae9d474562f5f677e768cdffba4f9f.apk,67688,136197,25272,62152,42416,74045
7ea4691178d9c08d48c5fc228653d434e52e5cbc593b2c746460fd675929a333.apk,28326,48543,10962,23914,17364,24629
7ecea3f804ffecbf3cb91c84105e60deef5248cefe66b04022fe13ba81049741.apk,77796,148982,16102,36885,61694,112097
7fc8076a509d12cab2e2e3c9d534bf71385b7a06f4886271ea27dafebc3500ed.apk,65568,137358,22599,57792,42969,79566
80f40037734cf852d873d3084e6fcee3b9f5f76b07a199df3a6e7d8bf0d04947.apk,63504,121636,22763,58773,40741,62863
80f56728b62e2e92ef0fba8011aacd4d905b05bd507ae640e11c9f76c80ff29c.apk,86019,184999,29077,73775,56942,111224
813631b634310cf3428c2027039b6c7e3e62e01f05ecdba2f609bdce7b5df8cb.apk,64366,136002,23233,59451,41133,76551
8187e72f4d52052c858964f6debca1989323999dc1d06c8703acc6c359c69c14.apk,40811,85044,13597,33635,27214,51409
8188a822626f03726fa01668b105f3e59a90005504e2efe82974598771af2de0.apk,48480,99282,20031,49618,28449,49664
818c2594741f86c79c92882ec28a870d2b1f0dd62cdcd3aeeccce01d1839eb74.apk,38761,84185,9241,20326,29520,63859
81bebcf2abfff6b785eecdb175d1c0c701ee41e93a0811e30e78dd9413f7dd79.apk,42805,93606,4365,12144,38440,81462
81f08eb36663383d9df84b87891a8f5a6a721a2b5b9294ab308349ae56b3c855.apk,35153,70699,12336,31116,22817,39583
820823072e8daaa804d9dc0a42275bb11a48ec06ad6502f4543a2291b2872c76.apk,82365,171835,32465,83908,49900,87927
8307a3ace69b1f8b76bdc9ca4ae1f519c86d863fd4a82d19d498c5e14bdaa1de.apk,31613,56438,12090,26713,19523,29725
831ff9073ae48ce9e84f090f07ee9d17a44594c4617767c9e3c778fbb8b8c8da.apk,81755,176081,26521,72470,55234,103611
83441ebd65966cb452167318568a35611f8a247f21f3bdc2243a90340ad7dec5.apk,102957,229541,41254,113208,61703,116333
83862fec56257e220e0b38bfdcbcf25e7607500a7a87d768872f3cd5f129cd2f.apk,39169,81975,11949,35912,27220,46063
857da37a6a1a75b7cad2d0dfa8342d1b6e75ad04c7b3ed9c56d7debf7014c2e5.apk,35496,70307,10240,29073,25256,41234
858ca4af719c4d651e6a7b6ec709e3a5cc5a89f345e80840906f6dd1ca52a07e.apk,15055,33092,5910,15052,9145,18040
8596b16d9ad07570e3d2f471874dc8687023d43c864b43ae91718d6499c01d01.apk,34408,69428,7309,19097,27099,50331
85a240a9fe7eb90a6d1e8f5642122cc836042a8189c406f803413ae2f00ae98e.apk,60169,128801,21880,55071,38289,73730
8642fb0111f51301b3383c4a549c78701deb6022b826ebdb8dbed5452c236868.apk,32985,67153,14547,35403,18438,31750
87e2beb6848773acff63bb4dc07d12478796eb6e5ebd9101a960106fb0bd3f02.apk,51195,107030,18058,46292,33137,60738
887224348b110001ddce3a9ebe50407a6a9fb29fb893a0ed18c9f7061cd501ed.apk,34056,72993,17997,44822,16059,28171
88c7bcf6e52177091934f157c50fd7ee653c1fac6725662c721dca937dccafcf.apk,46715,98110,19894,50141,26821,47969
88d0c604e538001b50946a56e0cbfde635517530699e1d04e7ab236e91c5563d.apk,40125,90517,19644,51914,20481,38603
891c7ce6136cd79d49ff9910a1b0b0e6479906185c8f8c709be24750ad1bad76.apk,59324,115523,13898,32510,45426,83013
8a011c44dc698de21950d2f0c3b64f16aae0df571175ef6fea61729774daaf23.apk,38674,73167,11360,28622,27314,44545
8aee6faf1acd5fb6664c7477048b7a2afda79492360906285f17a347294c5194.apk,54327,120123,16438,40746,37889,79377
8bd98d88e542d071b33a420d9700ba7cc436ecf6fbc1c6f316f3e9249359a671.apk,50703,108028,17505,45153,33198,62875
8bfa0f7b83a484a6ff3be0d6484e73f59e87f14bf23f24463a1876b4caa96d52.apk,60437,139344,26348,78612,34089,60732
8c1adeb6e66f167735b6982d56ba38b2eb7d4263fc483043d6d4e8bb92c6df59.apk,37912,82497,17610,44193,20302,38304
8c2cee6a57b93201ce76e760a795e10ce3850cb1cdee19ea51c5cc9efa56d871.apk,382,658,238,409,144,249
8c5b69e6d4a9af67279ad3e3681f2f68bdd44f4c31d57f63375c58d53f8656f0.apk,22857,43681,10969,27026,11888,16655
8c73bed527db832ac9b3e13ddeee61c0a693da693d6c32ffa05917aa668e2f79.apk,35777,67001,13577,31239,22200,35762
8ce5316a5ddbf984f052ad92ce8b5bc2c8b9f772c719c2c5c1cdcbc7610b1555.apk,34725,65009,13632,32039,21093,32970
8ddc53f1ada8d3e7b8d62d0301434e107c3bc80f4faf645af22a25b36e260462.apk,46715,98110,19894,50141,26821,47969
8ded6320eca1ef8c62bfed148d3a4ddec909ab49838a1f423df447d1445a271b.apk,54156,115447,22347,58839,31809,56608
8e18c9e3722ad1865ed9dfa96cd5aa0919c626cf1b360d672406f16378118076.apk,50353,117467,20611,56884,29742,60583
8ec51015e4bb1842cb2eb6da8fb437f47d97d8b979fdca32e5b9a0359ff91c37.apk,23222,48584,11419,27994,11803,20590
90876c73cf615d4661925a80eedd2bbee37c7d36cc1e4502f8a8ee4de10e0c94.apk,41711,82874,13732,35705,27979,47169
91134161f8a669adf4b71520b241fe102a3143b5f6aa96a5cbf6ed3e4d92b6cb.apk,77277,175757,33167,93302,44110,82455
91880235d00c64ef1c5a843613f8ac6412a3a4fb4bb9abb9f084e7c2da8bd87b.apk,27881,48417,12386,26952,15495,21465
91cf5bb3cbf359cf20be97f53c601af05eb38f18a747b81f6ee1c462eac2d70e.apk,58726,126042,13328,31020,45398,95022
9270fc9b891354bfa981bfff90ef3c28ce1f41adddf058e176f2501e83ce103c.apk,45454,89311,18949,45112,26505,44199
92eba4724f2afa4e6a1c06181393647a2cb8429c9c14b84f71518e3e04381c3b.apk,18032,36748,5893,14930,12139,21818
932e8507c86906f429ce953aa00447b7f6e62389e70a85d6c0b9e915644b8585.apk,17005,32357,8262,18300,8743,14057
93661cf791608043faf3fec0c38713df40d3c7250512efeb320db84822e70f5b.apk,60314,114430,17926,43759,42388,70671
93e9ec33cb4d4870712c0a9faffa2e9bdd6796263b2968016b0b3937cc25fe47.apk,71426,162982,35097,101681,36329,61301
93f460d8b2cc431c9f25f9edb2f0f76e36fffaad8261c401a3732cff25c81081.apk,56053,117192,24437,61180,31616,56012
93f9a71de821f8e512754d468fcff0a48a4948b48193ca48a3457b4f45658d05.apk,97056,259920,46818,157727,50238,102193
95d49fbb148bc0bc48e263d85915cc56d44add9ddb97bc90484d5688318804a3.apk,1208,1622,699,947,509,675
96083e5b9a58be4e3b21ddb802400b8190f57a8f700453824d189e369e01c536.apk,51328,115056,21492,54659,29836,60397
96c2332139f07496de0e0f14ca0068b52aed6e72639cf96088a0a50dc6e15ddb.apk,56314,108679,19334,51513,36980,57166
97427bc8419b8b97d9f54fc97a03153268c0b5d5ce687f82148ff56b40e69c87.apk,54502,109021,17209,46760,37293,62261
9797d9d36509bf620397bf9810eb61e99338cf1e8af214be414d76fb4d3e44e2.apk,60374,120343,17627,48027,42747,72316
98c5167fe9996fc88d2b6972bb8cc78dfa45fa46bd90607748d0fc98c74e989c.apk,17814,31927,8966,19128,8848,12799
995e7da35feb25bfab24cc0f143548b7f25769a4fcbff68404354968a4b7900f.apk,123223,238878,27423,69617,95800,169261
9981bf26b1ecd6a5d88ac0bbe550a4464455cd2dfe5e0677229b392aca626ae0.apk,21740,43300,10223,23624,11517,19676
9a2cd39d21486c1a743e0aec64e2b5cd67b13225f6585a49f07fbe159d1d845a.apk,45541,91504,18114,44150,27427,47354
9a5a3c8e3b2a64e63d5fa59f7b3c20c3ea15c95360c36afca71360823011b1a5.apk,12123,15447,2967,5490,9156,9957
9b288827bbb6857ac91507427d8bdd34a65298ff2efc597ddb8e7d42880ea796.apk,47324,92995,14520,41087,32804,51908
9b3a2be4d39a133954643a392285999bfd34fd53ecf462aa9377f1f3e770e721.apk,101583,213293,36019,90879,65564,122414
9bd41210c0b01d1d23845f9de7ac20ee72b7836f7c6f1318c52cef1d954f35fa.apk,71205,153519,29085,78753,42120,74766
9c876a282159ccd93a339560cda773cb0770428ba9e05ec8cf3c200d210a698d.apk,65071,135389,21087,54111,43984,81278
9d69509eb7da18f0cbe172b03cd990025c83304f3624c3443701d1e716c719ed.apk,71689,162719,30183,87857,41506,74862
9d8c79ea8c401adee63c2fe1d9e84e17bdd87d7367bc5d43dd4907ccf8952cca.apk,38674,73167,11360,28622,27314,44545
9db1497a68fa3879b87b2f970de8419862b1b78c561ac6b895cce77ce563a567.apk,29539,53884,12142,26971,17397,26913
0008b849c70477faf464e80df6c7ea91569f78bd2f13af79924f8b5341a44edd.7a692528cc50707a22b3c47e115f2632,1837,3669,1070,2339,767,1330
0015ae7c27688d45f79170dcea16131ce557912a1a0c5f3b6b0465ee0774a452.1cf660303734c47286ca7b57954ba058,1021,1788,754,1440,267,348
002fb7803cd8c0549bc7eb023458618520a3f0939e6ece1235a296491a7a1383.2839f25511fc886011534b6d2f5bdf2e,2278,4314,1639,3233,639,1081
00325582d7caaf0f36ad333869df444a1aa39326e60745fb3a4137ad268b2788.39f4bbaadd38c8dace20ac88a54eaaa1,10138,31660,7388,26000,2750,5660
00567501fe3517b1bf6b363dd6c4d0972a77c591b0d7c24512db187773f21262.5671499f70946c7e9d22d20e0df899e1,11056,30984,7774,24624,3282,6360
00621e015191863041e78726b863b7e1374b17fda690367878d1272b0e44b232.2573c404acf459c1e11f5124c1a75073,2107,4119,1512,3330,595,789
00847524ec1e69b2cdd53205cd9725295e87094eeed1567b3efb12191ded24d2.cee04b164ef6cc6a5fe57e32bfb63105,1707,3521,1297,2949,410,572
00d314b2122eb6ad4241bd8e0ba3ff7548607e35c808330fc102848e3258f151.83b960675682705f94464fd7e26def55,4056,11069,3198,9335,858,1734
00f11f51a89f2487a112ddebc079757933ed5d49104febc09eabb86c91b69433.7d48486301a60e0187ed980361f09c1e,9160,21757,5368,14570,3792,7187
010a4ab33a4353415acba5874c979166f96f3c12437b267f0b1df359060f40f2.b1d02d38dbbee8c72633680f74d4ef3d,4011,9102,2816,7130,1195,1972
0149b02468a8e582d76a7ad5094c15a4a07f4f08361ba5b539702d77babfbbc1.db78e1e2c3f467c9a9a519c358c9cb32,1161,3018,971,2657,190,361
018096f1e732c91fb315a84ab5d851430c5d2c124a7f8dbb1792cf9606335e41.7eb9b4a2a171b616d6c11050ced9f978,4350,10709,2755,7500,1595,3209
01adc0c415821de5f22ed704816d8902e76133a43c4f5f0f9bca64375b01438f.9bcde5bd7a8a66068bfade06851b2c69,1396,3181,1000,2259,396,922
01ae30aeb15d6b9f9456671a88fb6194133341f9a0c795c7454a0adbefc0dea6.2c3c8ea99d3480f466a1aac4db93c0f1,1605,3211,1198,2597,407,614
01c66a18eaca0c68548d789b1ff61219c710d5b63b0aa294fea4f956a3a17514.7cc3ed14de34f1564bc3bcba132bd167,1921,5807,1570,5099,351,708
01c888061f79a1a48bd1a2d1b7ed7fae6901890b21d663a599b0010b7fc82f65.b5d6c41ef515d96da5befdaff88ae769,4251,6712,1950,4447,2301,2265
01f36832a423c7e082ef45f781aca469e331f09e2d94b54e69ce30491f155788.74a80fd0ad55a3a90be27d9a5c97fc72,6981,13447,3277,8235,3704,5212
01fb68566d199e44353a5045668d544df964bdfe7d5a958852c543eb275af58c.8c2a9f4cc73861ebac4709b26e7e1b21,8443,12757,2496,4384,5947,8373
0205136af07d6b952b908dfbcfe6cf9da68eb4931d4ca34ede9a2f22c3024f19.4556f46edcefe6027df5395dc00dafa2,1162,2823,958,2417,204,406
024e335915472925e5747006677ec01a7874e9775a76d7bf734480093cd1e8ec.02d97e8806fe2971e6f45b10aaeef457,2429,5427,1504,3805,925,1622
0257ebb853503222dc8830b24072e683fabdd8cc2f262798f08694b283b2e01d.27cd8bb6ac8f40ef25adbd703aade9ed,6498,10428,2767,5605,3731,4823
0287892acfbf12493d866d0817591c17a9eab5322563c703ea65d4fad0287c64.5a50e5a84f907fc202c24ad7cff24f58,4981,8260,2314,5266,2667,2994
02f2f8d320f3fffabac5d9d545de1df9278ef9dbc979e51d334961b9ed9a6785.7294784c1ee1020c7fb8cccd0d5b59a5,1409,3250,1166,2821,243,429
0347765164fd020685dd7fa47cee46ff07a80026d80136d81418656cca70d25c.0ea0e2f21ab97a71231ed66a910aaca6,3225,7644,2222,5758,1003,1886
0383375cbfa4767223b130c214d8c3ae10d0918fba8a3771ca43c1f69ee0c053.7078042eab3a6342a934245e49a9d99b,5512,10818,3057,8304,2455,2514
038ac7fbe4655dea630752cf43d5979ec539bb98191d622eb1f754cd43cc6dc5.2a0d01439d0318308a35e5109133c776,1693,4078,1326,3402,367,676
039346899f14bd884f7b9548bd50839c1370bdd078448044abde331cc3759045.67f6d6a51e7b6b90ff839d0fd9be2a9d,1563,3412,1160,2670,403,742
03a738b33ee0760d9f6cb5e88d78867b9d82f4ea33f8392b57a4f508d042605a.b2386c8dc8f5c3c26beabfa5bbb11a3b,5004,6185,1115,2446,3889,3739
03bdf068b140901e9171bd2a5bd728e1227bafbd33c65d107fa2e0970730681b.5e0d297af1626daaeafd693dcbbfa4fb,5606,15449,3765,11457,1841,3992
03c343e2365517ef37bdc99ebc679d73f124b519890176f695767a42ef945d96.462429cff67a56b3e879b3a8d42c3fca,4644,8871,2325,5133,2319,3738
03c67cec6c3cf9bd8b0d85f4321a825f038507b41c891984c1abe7e085792250.5cb1060faa019667305b31585919fca3,681,1004,305,502,376,502
03c78d58f22b4ebe6bb92735d19c869e57d10ed3071644c1a429170e7c9f3d51.3cdc9852918016e118aad5b1d359e475,5101,9954,2916,6744,2185,3210
0415d375101c46a635ad08c093f23fb0032dafe48f15224a4e9867950080d8bd.9b707640e83180051b11e9f2a4d9592f,941,1859,717,1416,224,443
042571a4b49103b62431b39701bbf459e197d0ef76c37652b5d4a5141b110601.9ba6b98bd707497c881617bc6ef5250b,1908,5789,1565,5088,343,701
045b3aa12aed348a4efd5574b88da97c036a766d77963773974dee02ea8d7ceb.d3ee9693fc398614ee1ca9c1bfacc540,799,1605,619,1224,180,381
048449f839bfa7afc61aed035ba870aff254b7534c8444cbb701e31ec6d47f24.0c2bc1456176bc0736c5f18159c976c1,1313,2682,838,1636,475,1046
048ceb8c5a36a644a3c33cc9527195ff68bef5a76cf0de9e7da1cc77eb0a461c.a2cdae7614ac653b945e432bc27ad05e,698,1243,553,996,145,247
049d5d5e6dda98f512e0a9fd2d8e3299bb16adfb63d95033ed6a839588d14425.2e908036be358ce313a97a266fed10e3,1707,3296,1240,2653,467,643
04aafce54bf2350a4cabd8b4d6999cd489db0302118bf0dc2c95c8d4db58e018.80cb9696d3812bdd2f22ad0aa083fe0f,3256,8202,2200,6032,1056,2170
04b126e20c7211e1f73fbfc9ae2a02d8ae4efcc3e0fec2bc93131e2b61c04f61.7c8811e33e98dfa167ab9e01a3f3dc5e,8473,19615,4963,13088,3510,6527
04c9122a1e53d5058786e79e46a4315ba1fe5a52b8a27c4cad64f7316eea7463.6ce6435ac81f494c17b1e36bae1ebcfe,7127,13193,2924,6735,4203,6458
04dece212e4a74aac8e1c3704ffdb615367c2a79fb93cbcaff75765d24aa6e9b.35b4e0ddbc0a754b3f543ec3f590aaaf,26432,68747,10459,32198,15973,36549
0530f4bfc27d83e1448f17704b8cdf15c6869906cbad471e17ef6f463d893b8f.3a428703b9a1d41aab18c66ab896e8fb,10641,19981,4570,13395,6071,6586
05317565efeb3a46e07bd2b982114cd43ff1409d80b496f1424ffc5e5c25e018.4726e3fc791adcf287dcc55b32503f62,4918,8045,2221,5162,2697,2883
05367fe9f0e8846f4c4e2efa127d1f9d361c7dd1425c507524bedc58aea320de.002a9d65d397bdda4755ab50bc5dc571,7397,15970,3997,9461,3400,6509
05cb4853ef84372c4a524fad65e5b05f835352761fa6bf05f472304a3074f601.5d83660e2383bb80d17b8ec52516ca18,6742,17915,4760,13405,1982,4510
05d382028f2a7d92cbb308033b0036a49907787d99ce4367d0c1de9a76a2861b.a9ce25b5a912e31630e4a8b9ca19ade7,2669,6060,1745,4512,924,1548
05d8673b6aa8305533a94ba794abd575bf0bb7fd040bccb0e73c5756a69115f9.1ae91bf370071279dbc09eafed4e09a5,1336,3093,1048,2458,288,635
0628109ac9bc94f397e9f210bb5f37f2ba259e4ee07437fa4e57416dcc2b4462.38a717d38ecca3fc052cd0d029ddcfb1,14729,39496,9112,28731,5617,10765
0669dccf3a9a08ba5d148aed4568c6a15f65075d913243f160b4c5c5ab31fc61.2ff33a80a1a0bc9a793eb4d55741269d,1131,2261,801,1579,330,682
0680cf0a42fdde53a118f8b3db8e28e6b00ef9146073e00ee4b285650144be6c.9e4f79951065bfe05a1b26b9230a4785,1605,3211,1198,2597,407,614
06a4f78aaf72cad639986044cd43ada4b6d101cd9ab1024c2fbea330eb4aee1a.6fb0d879afa60ea2a5c3a503083c7735,5862,11807,2060,5101,3802,6706
06b318865f74f6bd3a903d186076af08878a15312f889a350367b6b2ef9afd9a.3d779e61090436e6c54c75e286daa970,2015,4423,1569,3675,446,748
06b71830ac72b84cf3d3d752baaca65485108d0cb7fb1495a54fae49fd93c073.50fb6ffb6b755080c1db25fcfae0307d,185,296,2,1,183,295
06cb35d6acf876ac6373af046426dba6ab54016fa9e66432ff0fcdb064081e98.3a56d6800f15193516d073aa011a80c4,4534,7353,2066,4874,2468,2479
071e40d21c0a1b4352abc014b717f4419161d5967580d05b326cbf3eaecafca9.b35a8b7819eae9b9cfb48867770f0458,2910,9020,2358,7824,552,1196
0726f5bcd7689892b31f5e04f1f952835133eb57dfcd8b65bc0c79b883fb5b10.d9f588805fbbca5b6ce369bcd232a3bf,1118,2224,797,1566,321,658
074014a3c6c5f9477a63a4c4c9331c700e540e3a565d0d4f8426ac5774fd9f32.6d1903a8460bb8daca447d41d9ffadfc,12409,17518,3748,8780,8661,8738
0746306beba1983be5e510bdbdf8b079de98f666c8f682e8c0ed37152778ae30.9e2f0f0672a527a36670a1df3b80ce12,6118,17205,3711,11762,2407,5443
075049984d2937039dde452818bc6b844c8c8cd17232db8d951306f02234b2ea.5ff5abdddb3b1990bccfcfe3aab5094c,4307,10397,3221,8359,1086,2038
076c5f5f1391f89ed61f212a9b893849292797e7f72c613490b21bde2a719007.da09709805d579f05d8bb41b2071a9e8,4684,5802,1017,2257,3667,3545
082b102aaab4354b7b003a6fe5b21274582b0ed49441351a4a3f8a23012b55a5.21eed64ce73fe43590437bf25c73c9e3,7836,13291,3635,8455,4201,4836
084e4f533e49d54a57c460a58dd5226264a8d8e48f16fdda0c27fc3566d7e1ba.67bdaab17d4504a926fd8db4b7e753e9,902,1858,690,1457,212,401
085f8e90d07bea77ba7e0789b2a95fd41b6c3a6462f0021a92d536e815d9a92e.9bcfbb130b98eaf0d5ad7bd670049fcd,1605,3211,1198,2597,407,614
08c8837b2bd3d327101337b7bd7a6725e48eba2d9803dcaf5dbaf0cdc4e3a975.4b5659446943264a27500d80de9f99d9,5482,14194,3923,11489,1559,2705
08d3169948efa5ca47d06c7fc2bae808a8788cff6810d3b234de2b550a3250d5.3f0cc5de6bf1e93197ea73d8d24d3a9c,18064,48092,10134,33007,7930,15085
0965b350a12fc8e55865501b73d6dab4cfd35c0fd283a4dc463f77867271eed4.c63b11affb39d475982a418fc78e3a74,732,1481,573,1141,159,340
0993b36f203483306288ec29846ef902b2410c50983c81194e777a97ed6333e8.6468c8aef38535f6b8b24fb86673430c,1336,3093,1048,2458,288,635
099a9bedba55e6c81b142132f57190865323091d401c213187e97db1f38aa660.6edfb6f4b344e6339b40cd727016cc91,1195,2795,948,2324,247,471
09af9728452efed219f3848972b43c0bf0eb12821e46007f88fb37dc98a75ea1.31ab15036cfb48edb1c31b5971be809b,17864,45927,8814,26695,9050,19232
09c70721776a3d0b345d2fbc647b363648c91b2f8f3dd0c25cf928aba4ade179.1df06dc4d8d951cea53ba59367fc164d,5406,11364,1194,3170,4212,8194
0a37f086841ff927ec8bee9f3bdb1048ecfba54b09aea400e980bd3ef301519d.77f09f214993016fbc747b5bafa5f94f,2165,5850,1675,4843,490,1007
0ac36a24aa3dd7e8bd7f009ab6115481812ed053c8b81967b0796a8d2f098b73.8bb6e1fad7c2034dc0a3121a33db4fb0,9256,23517,5898,16994,3358,6523
0ac4aa9b5413666a2bd66b96faa0cc8e656144ffcd351101071f8d028970befa.2fd32776a17d88eaa6fb2bcd792695f0,5309,9775,2710,6968,2599,2807
0ac59f02f886c015e0f15c0d0bead2fbfcc3e587d4bb216d73c457062d20e904.2bca88d5747ea51ba9654bb7511793c4,2314,5761,1336,3546,978,2215
0af93460eb34961e2368a829b874086dde456b833579224bc07b5309a6cb5268.3bf218c3ff613e43c42418313e6de724,62,75,62,75,0,0
0b107781a39f0db90a8f58cfee39e519160d0dbead210adc843ce13807f6b371.c51356ec447c9e1b38e4b5dc9082f3b3,1512,3507,1142,2647,370,860
0b1297cce41b1ed3df817a2aa6f9b95d1dc24556d29645d112e665d6039ba896.32d4e41ba9e7776165ced8f7bd4ed4fb,185,297,2,1,183,296
0b17b3558298b00f35d8425a57bae908f6c10d164f4b32e6cae2130f64c3d3d5.58f6469c1c9e8a3ffa043b6f7fb85928,1322,2562,787,1674,535,888
0b33469936791db785e8546bb752aa75de4c3227293a4237249dbd05fc12d039.1ea99c52b2110c7004b92ca0f134a47f,3538,8540,2395,6318,1143,2222
0b863f6214fe26efb3a3745e75cc5b7749631e49530cf73842ff125b75ce4531.a4423f2d93383599538eadcd30108780,1065,2713,888,2356,177,357
0c0bee91dee2cdbd3e5321331d756396946982dfe13af891cf1ecee5cc6a24bb.d56aa5f300743a31e993c74b522c8f2b,6345,16301,3810,10807,2535,5494
0c41904e61ca30362129e4b7f460b2d8b5b4319de24f497b0dbdfbd64ec0f87a.00d7fb6597d637308ef061ea34cfe630,3243,9275,2292,6876,951,2399
0c55e9aa42fa080df1266d5d9a1e9ee29cd200284bc1e7bb5f77e27c507320df.6bc16e328c1e4f6ba928b65f6f63dbf1,6003,10166,3041,6810,2962,3356
0c602ee784dd9c06cb8ba7b6a8c983731e53dc8d5e06090d8f0b211444d6cae2.3c83a589e78d276d9000fc739d3427c5,9160,21757,5368,14570,3792,7187
0ca33559f1571026805258966fb9a81237abae3cef6878951a17c2421d2c491e.a8c4d4f4915c437074d97da6174dbec5,14729,39496,9112,28731,5617,10765
0cc5a8fa9db4806e868be01bf6fa467bca738644fa65c86c53c874b38c8f43f2.49aae4f961acb3d419234c385f49dd8c,1605,3211,1198,2597,407,614
0cc817941bac3ae28b5321c53bff38943c0ed19086a7e07056ab68de26e92921.3a24b61f3fb2ca96faf9ddfd4c8bb950,5963,10627,2193,4391,3770,6236
0cceea84886d862a703264074ace86a76ec8218c10789929b28352feab0d3267.3a412a79e2ccc14dacc8d3de24762e73,4310,6332,1968,4085,2342,2247
0ccf9cfae60602b20c679ad8d56cc14f94ebf50aed389ef9db8a86e717ed76ea.6fb4d640fd9021d43d3e952be9118888,8702,25441,6177,20255,2525,5186
0d065f2ad8667ce5e627a51ce566fe93fd258609aa97d04af9276e68a15473a7.86855d2327d3f03bf877824e91d5ac1a,5512,10818,3057,8304,2455,2514
0d424ec4633b3041e60c90f98c41ec6db42d5938d35ebd96c7a7f1e176fc20af.1dd13e1129e7331b94e57d5d4e6adb86,1194,2797,960,2345,234,452
0de8c1f2022565a3933fc339cb45d4b4c4efc56a5d146df9ee75c3f82b715ce2.8eb2d842052a325fbc12df306fc18622,8864,24154,6486,19843,2378,4311
0e2e5b5e550473e6c099264c6634d46d4f6050f5ab2e8f024b5ded4ee7d432a7.dc139e34ae36aed7e191868ea1571c4c,5662,11588,2722,6680,2940,4908
0e46b435d1c549260993b2573c432ff44588937e9350babf1e179cb11675e8ea.0d3b0e1d6a9bf806465cfaa727e8faf4,2337,4654,1442,3175,895,1479
0e4c19bbef3efe0170bfcd9f87f150a821e61f618db0a29332561d3d532c6a88.074ff9a1e9cc2ff503fc632fca907dc3,11376,28423,6431,20118,4945,8305
0e6589799faf7fdfb254c2c4d700b11a8c5a3942ca1b266a6a8e83fb5c669672.8a5ebf7d87f3d6f25c33f8bf4b0602c3,4719,12987,3417,10433,1302,2554
0e73b5360dbb882d45e31d1dcd6289a67056b3c37cc55f6e61fbbd0e44b9fbcb.2b238a5e164f25276becd33e40378aaf,1194,2797,960,2345,234,452
0e867737cffc0dcd3263c9df717bfeee69511062496b8207deb336bb6acf0dbf.cb822c039e2036a12a248649cdf5d2cd,4916,11301,3581,8890,1335,2411
0ea606abcc857616196a8e2f767e7b55864e5c35f31fd85e928f724826bd28f7.bf033af8153cc2c010068b75f4ce7991,8072,15042,4096,9189,3976,5853
0ec63150ec195601eaaf3a42330fe03f9ea97b123ccbc728ef883271c41f8dc3.23d1c5d04f631a09ea2f8dc5a0ea37e8,9598,23256,5730,16268,3868,6988
0eebb1b21eae8f47d8540e89ac76513d9100d61d4cc3abfbebb01d4b20dc86b8.1e89da7f717949c839fce0567b234288,18262,48791,10255,33542,8007,15249
0efc045399ef19b363937ece2ada37720c69f6a6c4365cc686aac320435a843e.21a2f3e73a12966655969b328337a49b,1269,2472,945,1892,324,580
0f18d0cf80f7619d17142110eadbfe1ad01bc5936f275d666c454234241ca382.4e5d75a9835e0116747f9a315341f85b,2547,6741,2068,5813,479,928
0f42964440f5519ad7dad1abf23e44d40353022c81e02cbc869a07646c6b3955.7812aa2b857a641a8bfed0dcee3c62a8,1318,2985,1105,2632,213,353
0f882a37cb167ab82c3b3b614265637100d659e00d407ccc0025ae911ddc1b70.d209a05ddd0489c1b8fa8df395c28884,1177,2901,984,2564,193,337
0fb8662937ff9ae70d0f7fa46580c7b6b8b120d023a7b90aa0231cf989f4ea3e.01b98e845f3b92b5b663f42486fa35f2,1605,3211,1198,2597,407,614
0fbf7aea1b44fea666539ba7cf41e526b0bbaeb170c937e7e5ffae508c2469f3.1da983326c4ff4a71b9dd86632e4539b,8235,22307,5205,16187,3030,6120
0fc8c7f5e63a34ea4d439c78354a507ddc3d2aabd853b2a93b9461c45986adb5.3bf0204680dadbbf44735626eb245609,1961,4487,1448,3584,513,903
10144854c3402e3c9755dee26f4a07d36d24fb82ef4df90a5d2f2bb22ab86c40.a2e6a0fa2b5440493f415c8cf3a177e1,5795,10922,2771,7162,3024,3760
1041aa822ff11fb8712bc48b84a5cdb755e213587242bea3fb984f78f75d7958.015b22bf40ef71d0800e429090ac2f6d,2279,4315,1640,3234,639,1081
10425aea7317cc1da95a232189e653b2cc6876e23cfce45d6215c6c86f223eb9.4dd41f1519116304dc95e8810c90d57c,980,1770,705,1286,275,484
10436532142e62826097dab592e8e82ec181af899a900f7df1cc9cee159323f9.0f1d07ed220a2e6c2b3d04293419df04,1605,3211,1198,2597,407,614
109466b65cc4a0fb1a55abbc62b9b3146fb6c5eefc6db908857c701970c1a2bc.bf117afd8e267e6f6e732beeb1710b6d,1004,2121,708,1479,296,642
10f6a5912fc45c6dce219f28bd493a765081f6a01b090293b5a3b57836c762eb.3cb65f7a8b7808ac5ffefb87da47438f,7420,13312,3529,8837,3891,4475
1101724b9c92cfebd793bdc1501a8aedae8ec84cb499e35b115fba98076be993.8ebd75fe0312fb8e2a526a7573998b26,1650,3571,1234,2854,416,717
11319907c827237820d2423db757cc28bc142ffae07bcb2e6b1ba58bfeaa1350.97e0f07fb425326218b080473f8d7a66,5512,10818,3057,8304,2455,2514
1150739b1840efea27030c78bd2517db787ecce8ad5555091cd82995bce113bf.d9f5161ee398207ff1aca19c90c3aa96,2311,5039,1641,4159,670,880
115b93502865d6ace40833f6a44fb03fbc187b58404ab7c7ed1bda739a227b18.a23fea0f6ea5210e0f71026ce7a6cc90,1214,2655,846,1940,368,715
11a117cefbcbf2854ef1c267c812cc01800345fe7afbd53434928482f2902eeb.782639d81a1b75273916695b2b012603,3207,8720,2400,7253,807,1467
11f3587efb94b8bf783ca30154650ff940430e1d76c723b30b75512bba55bcd4.4b40f25e798eb9d5ad37f622daf4c7fa,5664,14150,3863,10743,1801,3407
1254944954792b98be930181c91956cdedcb4e003e98488fb49451f335cbb81f.1deaf3309348dc4232e66d23b244237e,3911,10976,3038,9006,873,1970
126b346b85a96b3fec082aba092c11d37f481ef6ee40f76de9b1e9df89700c96.9d9c2fb1bfdd489b86dc4b4cbd41906f,190,335,2,1,188,334
12780c0ed735628dc21a5c0e4783e82c017a6ad999fd74e29420f5c1a598ca6c.87bffd9c7ee57e080dce8c3744a482dd,1214,2655,846,1940,368,715
12952e8099be21de583fd1cac6b90bc4dd012f4b2b5c157edb318b34c07c1995.4b23d5d9b737606431d5d5528de5aaab,2904,6223,1977,4590,927,1633
12a2109e9bdc2158265a5039264fa1c096979c56bc2133b5f77f37f0ff7ac1b8.9b77fc7b3df1f40128701bb5f06f76a4,12147,29306,7015,19679,5132,9627
12a9a75351d2a64c30f0647a307fe17587e46c8d2a7067bbfaad21c9932c78d6.4d863437c9c1a0a1d1a4ed9e036afb07,3885,10311,2898,8358,987,1953
12d944b3b77e2013ad9165696a6ccfd93ec2ad8ddfa65a9559c3524efbfb15e9.26ecccab38bc24ba0590d4cd035837e7,6203,8855,2418,4691,3785,4164
12dac429a1fc8ad89c56a56b769b9e36a68b6e0073ce5d76541bad78f0d03387.7b8a4e38f3abe7671a9fcaf6a533d81f,3584,9363,2571,7370,1013,1993
12fb1925a4eef49b1863573532e9dde7cdf41d6d220c28221ebed9a8c6b29e8a.bf76720f7b5084b7db33881dc1053566,2880,6234,2166,5058,714,1176
13058743ab7b1833913e4f47702cdc2e7dbd559046ef82c84d7afdbe50104efc.aea02d6d5afbba7c0411b9a0f58b8256,4228,10924,2869,8431,1359,2493
131dfef438813e1d826acb1de0c25d2633e7e61582c5b990bb2bcbc434aa767c.5fd35cca79ad8051ddcc013093db9f27,4355,12619,3370,10579,985,2040
1327cd9660fff9b238644a041960f11d9210179ce6b68a66849eec8cb6ad5325.29b00913d6a1b0a822e7c96c6cde8bcd,2649,5201,987,2233,1662,2968
137e9a8a7b1cf820953826417a87dcd35bd18f4911642bed97c2e664837697a6.6e7bf8cf914f26f5f7d51f333ca932b1,8864,24154,6486,19843,2378,4311
13821b8ce7484e5deb18df17bee0178c28de6f798d600a851a09090cd0c5263f.7ff8f7cae9eee3f79c40c3d0ea9c71f4,12438,17786,3826,9188,8612,8598
13a8790488e350f0ff726242189d21f6ca7b61f49fa95c0f1c4d7d01f7135228.6daf334666acf39136d768e617f1acd7,1605,3211,1198,2597,407,614
13b91b96b84d98452fbc1bf26554b7e5abd725bb7513f4ab59dec3245ceedfb7.7b533ce35f0d3e2aa0252d3eddd1e7a7,3725,8806,2633,7160,1092,1646
13e039a752f826efe4470da2d255e339514fef90ea87516f3e2805d316129445.03c7fe424de542d0b796fdda95865db4,1605,3211,1198,2597,407,614
13f44f41e347335d4f788fa35ed5dd3a1ab636951868b53f4a00d557b55f0014.22df1907da78b71f3b0def66f46c0d2a,5482,14194,3923,11489,1559,2705
141628998bf8c8cfd304341f84931f63d8301b397fee1839766579866ff08751.d431b706e37aa2acd3da78fd73a98023,10027,29326,7110,23446,2917,5880
145f79c783440f9d221addc659b41cbfb12c6b73d91cf4be41281ed58d7cca42.7c288ed875980a888a89c8301feb4bd9,12119,25760,4340,12570,7779,13190
1479457b077f7623c713cbef4805e22ad1d30db2caaf2d340072828f988ca5f0.acee02e49ecc78c8e6ee2d6f130e8b7d,10543,25767,6136,17781,4407,7986
150354e5d07f50b30b73f6c9c4f410db7390612db23d6c0b9256b66021f90bc0.39c7f69912ce91b7a21e2dac3a516666,4494,7988,739,1589,3755,6399
1511dc4b39901257d960306e452bfdd44bf2886cd96db96cadbbd492e8448a2c.6d0f297e2aa8320c0c662d53be36178d,560,957,397,651,163,306
152fe2832b1bb0d5ed823e0e6a850c5e3137dfc98f21bea7a977f89926041a70.23bd7d07f8838a427584fef6914a8556,3939,8266,2421,5728,1518,2538
153de681d7dddd93af1598896237548b85199ab23c69b94dfbf8c412dad3f059.7fd7647c608e1495baaddf2ad5781bc0,3885,10396,2901,8433,984,1963
154915a1e1469e9eeb03a55ed76d28c6f695f12cd376c35efcee214c5e6b3fa1.6a4615a2866a807db7c36614b1a266a3,62,75,62,75,0,0
15684ba017f0b1a409ebfb9d2ccbae7e0cfe507418d33086aab85c7fe1214c95.635548412973204284fa48e5ab9730cd,1393,3275,933,2475,460,800
15c41d579130c273c4843c3b0866c752c25300b60ecba8c65bd38ebfd236ae84.3b7c36d4e0b5d05a533e0f4b6d15ab3e,1605,3211,1198,2597,407,614
15d1fdc4b27509df6d31f851675d03a21939a165b2011bfe0db5eea69bbb6b3d.8a7f6c451bcdfb199891048c5248e254,3046,7105,2043,5258,1003,1847
15e486664aebdc187052871fe33ccb78e2d700d3cc88e56cad2989f8aa5055e2.9f29e5456486415d0e3314367332fab2,6340,16376,4188,12187,2152,4189
15ff51b59bf8f781b78e7f4c843b2abad6a0ab5dcd70f97315534e2b7bc0e090.24f2f765be05b46cfc6257039d9fe0f8,1889,4432,1424,3739,465,693
1612d01d8264ffd5935190ac97f5193a095bd040cc2962ed46da4aa2d537ae07.8f3774852d286fbde470ce914ddddb43,1605,3211,1198,2597,407,614
168c421bada510503054f8ec0dbde16bb0d505e5ae3eb55322bbbf99c488de94.6d5051a984d98655a0e17728c3445a23,3885,10311,2898,8358,987,1953
16b8f15a846d9982e4a63da575c5dea5f1a3f7d967a257e13957e057767f1f68.98403b3e0ad6d419dcdb81b26e9ab63c,4932,14109,3071,10040,1861,4069
172617b1b82e518b082bf7b631991efc7c5c86c09bfa95475620f497795cfcc4.4f3c28d6ad11eb2d6be1aab395e785ea,5963,7849,1578,4089,4385,3760
1793455f64af7e497bf4995c4487a33ed931947a15dca8e4765d97250a723876.088b5a6fe486a0bd8f9818a620f95aa8,3256,8202,2200,6032,1056,2170
179b39fcd5c8b05a12fab754a683d77b76ff67c7915975e61976fb95408aee0b.5d7587ada97e1969e434195c87826f14,6204,8860,2418,4695,3786,4165
1809d2294f47701969299b4eb5926fcc3fba3a6ba3bcaed36c699bd2a0792d0e.545dacc0643451a5d95e57606934dd2d,5960,9669,2642,6159,3318,3510
1817216e47d62f274374e01206d4dfa081cf6b90f27cba34a2b3da2adf37b0bd.022c94e7f61276268d5c19e9409d120c,1146,2480,921,2082,225,398
183c9bd65e2e58dd89c5914b4b98d0f38a10eed06f1a221ad2de171a891066c2.1ad84bbd303868c8d4ea461c8b3b2dae,15280,41206,9196,27816,6084,13390
1852b1bee35152200bcf1963dac3461cba616ecc1f69b9f6052d8e6280d9cffb.0d89af4a3cbc928cd09515de0c5ed21c,1605,3211,1198,2597,407,614
187142433921872121a57525efd6cd50a48380f65fa86f45b554f65200a7e527.54920df42a46e59b2e3fe80067392b14,2373,5917,1662,4609,711,1308
189a69faf6aa906fd97ebce02dd744d89b18ba852601f92a06f4e8896badbcce.40d2e62f9b5aef6f5e81a0678da554c9,1605,3211,1198,2597,407,614
18a74d85ce3fa05a621845b49225560f906c9586210a40e3649616092618dc49.538e5f5cc9bd3e7c5cddbc0722533f2b,2435,6474,1845,5263,590,1211
18ad38c57a257f94377da9a947f4c2b34412c26b226d2e60afaed16dea252b00.38d931ccb070a4c58b2542a6a6d5bd6d,11212,31813,5975,19913,5237,11900
18ed88f6a7436fab2b188ae57a01f5a32736aee0e1563975ab947ee5ce158308.8ffd949e511604a2d835a912c24f5ea2,5405,10343,2846,7044,2559,3299
18f294ad0e2941f961b387b1d860043bb7d855ec3c3dc9fecc3f9ee2b89d214b.6bd77595961d0b4797d72b3085e76935,5405,10343,2846,7044,2559,3299
191a0d386a3fb62e247f9ba794c99e1c1940c02a5d3eccc9de706ad96ceb111c.6fb16cfc21f70f61262595d885856473,185,297,2,1,183,296
194068710e21db396826059d7e1336ab193b62ecf6a6785c18a6f70bb7240e1a.8ce3174abfd131e3aa539c2db3f2d607,2442,6637,1918,5600,524,1037
1968e8ac04e65e6c200eda249b5b92f836ddbcaf5abcfffed1c2e04b471e6895.2ac035cc007eb005036d1e012364b2a5,4056,9722,2741,7100,1315,2622
1a2a6761a1279bfe9a352381dd66614b466b19aefaf17c300536be8e4be0b0c5.0e18d431ef22ccc9d326e9ffaaebee47,7385,12197,3480,7946,3905,4251
1a2b969ba56b3d3473fe45f87a04fa9610293e2ccf687b2d1d71220b8c765077.b7413b18ac9e71f04ffe5712cc787ee4,17143,39865,8203,24266,8940,15599
1a9a75579366f1d2dbeaa6d2423819d874537973815778eae3debef47da08a1d.5f6ceffae8a94773f508dae62b05b08b,1355,2217,908,1552,447,665
1aa440df9864704b99e5b209ede75c6eedf79b4a15192b3ac7b1eaaf3a7ea884.8b85d468603bbe35cd5ad50d3ca14081,10935,28988,7347,21417,3588,7571
1ac81207e56a14d1bc14ba4d3c0dd52260df4684b017ede12b362039b8608303.9d5328f044943e5a0b211b075a1bba9b,198,352,2,1,196,351
1aef95b2a9ce7ad863940ff1799a0922b015a7924397f6259c08011d9e4071d4.25ed11ae3026295bf779604701e0e662,1563,3412,1160,2670,403,742
1af33fdb847c2d38096ca752a6d959087ff4d1283294ebdb9b26de67d5f66a06.4c30d23bc419cec2128e0c08b4880071,2150,4995,1699,4261,451,734
1b49bd5522d31991e726bcda74d2a4335f56568cc3a51dd4c34a85e2cfe52522.19b80961a5ed014c119a0a72c013cf22,4743,8093,2309,5505,2434,2588
1b75c4ada8fd41b41f07de39040f9b8b5f61d01933365da0fad094848922a6df.5bd76de2d6f3d142c8c4790cc6deba97,2447,5598,1594,3926,853,1672
1b79b912fcc32e895cbeae8d629245bcd247bf04ed1e1c78833a3561cfb4e4e9.4ddb087ccc5c13cec125b6a044f3cf8b,3035,7802,2137,5703,898,2099
1bf50882ac1036b46f5d2db70cf86e4beb44b3bf95f564cc1173c1a6c0f6fd37.dc3ffdb470427c41775ef981bba5539c,10733,20292,3137,7649,7596,12643
1c31d50db2aca2c03836e7e0cbef657e97ee8dae70758c58f89975a11fc0b6ca.268116bcb99bd807aae5442973a72997,1607,3983,1261,3443,346,540
1c4ae702148604dc3caa91e9926fa84064235017084dbe65e53d0e4d382ceec8.6e30f9a5f3bf15360144449daf4a7c8a,1231,2800,1002,2425,229,375
1c5a89eb4638229dd8dc6d4f55bcac8d565d2fef20f6befe52270d50973b6151.2fc8df4c1ac50dd6371f4167c3e9d82c,5321,12125,2964,7550,2357,4575
1caafec72646035fbc490ea318525b02e46b5fcae5189912e478927b3d215770.16dd1052425fe89c73eaf80fa79b3865,10800,29350,6825,21261,3975,8089
1cc755bbf52754ea84f005ac7267e6a82d0da1e4b673c3e0c95c3fa7cc90defb.4bd18c14c4608b5f8928979f65a3ff56,4918,8045,2221,5162,2697,2883
1ceac9f7d1d847e916ad4cddf96ff18022aa9294fb0bed554c1f2cf520df1410.27ff49cd788646ca43019f88a314f617,6305,19667,4714,16193,1591,3474
1d06256e8e1b7b90b242bebc323a5ef2bbbc71e72185216c3f39462c4bcb71c7.9581687c1893d1d7a81a2635dff9086d,1608,3989,1262,3450,346,539
1d1c0979818597a7a49ccf6e7d7ba20a7916e97b1d5bc9f588f7011af53d13c7.8fda6f949ca3e0309b9538f301d1e087,6527,12039,2673,6701,3854,5338
1d1c3cbe620cba8310a46a0a2a1ffb3b308df44a8d90ef3a1ff800a504e0faad.9a070beb7adaa52c6ee0b85991ee1be6,1131,2261,801,1579,330,682
1d281a960e06cfb7368f950053dab1246b89b99b3716e7c38b705e6bda69b9c6.0f3fd28065fbbe22e3dd789e3f5f6dcc,12506,30450,7245,20599,5261,9851
1d3548c26c27cdaabe51dfb8eab2ad39298c63de42d3df417f8271926d8b115e.3acdb12559621955681ed7667dc3ebf6,3665,8519,2226,5769,1439,2750
1d7870a2695db2b9ec1a294fbdef7bfff504e53349bf98dbd02d6dace97dbcf2.301606901644062685a9bf6b036fd677,5638,14250,4053,11341,1585,2909
1d9e6f9c0038d798f10bf77b22837b45a917ad4627443cd64303f7f01c6ff796.03e386a7c445218efc8da9de3acd813a,1642,4517,1328,3885,314,632
1da5fadcaa815d9619353b8bf1bf4646c47eabfbc154d5dc7941adc1795b04b6.2b0ca8861d0534ea812a28d516b1fb28,6204,8857,2418,4692,3786,4165
1dba22c07cc1cb9022b80b3f996e4f6352fda076c16966c6f8efe8b6f0de45c1.3d94e9fd14bd856727b8f32fe2bc800b,12592,31129,7359,21158,5233,9971
1dd7bccf46855c5acfd9e6df65bf988a74546fefc961f940a7aff28a9c19d3c4.7d4b8754f2b8c0f97f3d9668c16f69ca,4081,10989,2843,8397,1238,2592
1e2490f1f56ed2ca74ee8fac2dbe5e590f78a1dba8d7dea1adbbf1f707e898b8.0c7ca272038ff162c6facef4c8fd31ee,3160,7595,2090,5466,1070,2129
1e83a89395c3de4d2f0945e21d3fd6a7324538c0aa613836cfbe212c2bc1d145.bb9cc386c03ef72001e3e5d7398462bd,1608,3989,1262,3450,346,539
1eac7abecf8d332eb46c304ed539ce25fc1e7327ad3917986d6beac2774c5110.c1554550e4d5a9ccbad9323acd3c35d0,5056,6554,1326,2924,3730,3630
1ec66993c639c1703e1e708f25e217605ed3debe2dc8a603730aa31d0b653879.6ce9a56a25e8209e1d1e4e4f32a3f0b9,4879,13158,3706,10930,1173,2228
1eec524aaba93bcdeda0cdaa7e20fea8b917e1410391bd8c93efb705f7ef50ba.4e9ecc53b2b43dd9fe3a6c01381a82d4,1605,3211,1198,2597,407,614
1eed87aa70b51454be3e5eb1898633b1b2600db9c102f80630ceda9959b66aae.8a25c66a88a5624073c5fed37a70d9a5,4056,9722,2741,7100,1315,2622
1f1e3caada1e029821bc87a84194aac52077c3d595a444c2990647dc278d88fd.7f39591cdbbc3203860feb28fe71aa02,366,516,245,337,121,179
1f678e2fdf85d1ea03c42a818db71c3bd90aa4774ea725b4dfbf4c3031bb0987.0d32b9d8fdfc5d04b68ea0c005fe756f,9346,32806,7071,27308,2275,5498
1f7c59312e2925ddc19a91f5e9684ec347177d98db32a2316909690fd1667c0c.48cefda68e255507f830da3ab17e350e,1582,2505,982,1796,600,709
1fb67e1524e81cfc2f8285a4b36984a397053a9dde401f19ca06060d3d7494cb.9c5e7e11bc6662e14b35b0cea1b41870,8194,23517,5527,18112,2667,5405
1fb824ac364b812fec36fb79ca3fc314a987a59227999506fe9c40a80b364480.3a8672920182c949eb013e32ad20bceb,12409,17518,3748,8780,8661,8738
2076fb95dfa7ded872a940d3ecbe89575f8e7ee0f61535714ad12121eb5b586b.5db93f97637f75c0c05cb264f29edf9a,1605,3211,1198,2597,407,614
2078504ec8b08425a7edabfc1cbbdbf8d93bba924766a95689be6911644467f8.2d88d3d32a3496a7d63a2e44ecf0330a,3554,7795,2019,5240,1535,2555
209774b9ce8b45ce740963c3dba873bf1106da8cca07d2b84f905a69e61edda0.2f75ff2044e13d4a533977c2772e2ffe,3441,9873,2719,8344,722,1529
209af6b96dbb2a47b2bce1f13119de28f609777577f7c3f75177a47da2df93a0.8ebb2eb07aee36284b8491956ddf07f5,3886,10343,2900,8390,986,1953
20d49f5d19d109b306ec74d26809418b77f1e694464f7e218d05c8135d7f875b.47853b7118cb97d470fb553394fe85a4,1336,3093,1048,2458,288,635
212aa193b9f5a688a650366970c02987c99d07f6b1e50f04c510bfb74f7062f1.27d2ff805885796c6debeb61adafbdb3,1215,2654,843,1935,372,719
213a0abc71295a8d9e2062c1758b9533717f2e6cd79c01841f768e2e8e1f6a0f.33e6fdcb5fd33d0f20b4f4e943bb4990,8560,16111,2484,6252,6076,9859
213c4b1a573863fab8be2c6b79618081cbd4aa32ea81cebf8359ed24a6e1990e.6545ec3a239f73c98e4a8e822d4baa9c,2403,5887,1756,4662,647,1225
21a8486f803f99d866c5d32cc01c124017ceb20f5810fd5f5e55a3858b5b4956.2b133a89d5419f739255269ee85ac371,3225,7644,2222,5758,1003,1886
21afdddb17483af12dd723ddccde8591f48391cad17df40a437ee8602fd9c490.7bb8f27d23c14cb05d470d93c5ccedeb,11931,22700,3913,8920,8018,13780
222c8cc0a23029a527685f2eb049747a2f29e71a29ac62c438923621d70abed1.6fd81ede9355448898d7f60772186a37,14729,39496,9112,28731,5617,10765
224ce041dba78449975c3e15bf92240faea221b0bbd8a08d8d8fb5fec46c5bb6.522895839c276a4db6d73daf96c4e31e,1336,3093,1048,2458,288,635
22670788ea0108e1e205f34e0a039f994bc94f19563b6f09784074b41f61cc53.6cfbd2c546569dc06b0488b90183cf3d,3771,9151,2500,6586,1271,2565
227bbb7282ccbabdc572a9d9b80b7133e24b0f1e1c4b061edc474ff3a8512e68.0bd93e32e74ee7f740ae67b9b4af8a52,1605,3211,1198,2597,407,614
2289c27570fbc03a2deeb57548a3809fc287831c1fa6898d20c20a64509e902d.78d958198046af2f460132b6f68220fa,1445,3005,984,2175,461,830
228eb3562a913b827f11b736b649bfb18ed8b6dc5422f311cfc5ea11e5dbafe0.29edce9fc63c49acee2f7f79dd28dbc0,8887,16102,3412,7774,5475,8328
22e18b1f1e0a533cf1adbb3103b317db0d11a01f223ee1dd9bae979a2dd64151.91bdc5efd5caa45de7feb634b9364c19,5461,7277,928,1665,4533,5612
22f078834a344c4376489b232f4c293ddc439033b3fe80600e187f4bcda746ee.3defd236f0e11c1aca6b70accdc0e905,3787,9149,2419,6434,1368,2715
236d2910f1121d18481b2d3764e3f53bbb6a82d113b87278cb59397b4364b462.a0d7829b2f770f80c3803dedef621fe9,3474,8858,2436,7071,1038,1787
23b6eac012e4c6d762d1b3d5d81b9997bd283906ada8d8dbf7dea1d83437bc09.5d2f588f48f19be37d6af812980c0a46,3771,9151,2500,6586,1271,2565
23bba23d10a6b9b1aaaee39b71c1263927d2c03c5a594ce1d756724179c66ea8.15f806fb48bb5218356f4b6999924bda,8517,5547,320,535,8197,5012
23d9c8cca11abe2cfac4a3efd8b3883edff0eab159dfcb709d7e8f13dd3c94e1.017c8738a84bbf1d64c11d70f8294f37,10762,30847,7694,24626,3068,6221
23e5705347db43a8240247e4f1e65210314a6378b8e52292d1509fbc4ea98817.3e1cb1608a998857f4c6d3ae022fd585,6805,17401,4173,11789,2632,5612
240df2ec4319fd6de14513227ca12ff50510920731ed6cb8485e12ab22eebd54.ab3d9d688611cc98fc5a79d5194f2280,1396,3181,1000,2259,396,922
242a0048497bcbdeb4d1a5a43df08e492bfd42b0b85ff63b2c2a49ad5ea50829.53d002a59ccc235656840ecea7069f8a,1026,1779,725,1383,301,396
243acd265df4d3d7f7ae2b490f843fbe10d1487fe941e6175d4c8eb0f163ddce.35a611f2232e006ce6f3ad83515cbbfd,13328,34729,7917,24399,5411,10330
248e83adcc8f9e963ce8f2e087024a9de445ff88ddf204f322c998b73675fb1b.afbf06e963993b2cfe0f7c859ebbc008,14729,39496,9112,28731,5617,10765
24c0db6794a9ab7ef7fab4ac19b6ae78b81c8c5d35d4966ebbda6a6537d2cca3.013e909023ea7e58e2f02bdc9b64e9cb,10868,26257,6469,17971,4399,8286
24e7e58eaa961d97b7acdd086ae5569a01ea4b8b8eb3945d35eafdc5476b9893.0bbbda935fa6d99c73def8f5e60a3e90,5789,14837,3223,8822,2566,6015
2509688d67b384250a9bee9d2655ad70287cfb5b6c61146a1a58959414f69956.6469c896416681f8c026729964ae89a7,1685,3952,1282,3207,403,745
254fc5e52b1702b2b85fe51234176113696e1cf4d986ac51d83f3911f2f2550d.4b594f388473e8e5b015346ce20b4f6b,5401,12508,3529,9062,1872,3446
257762b21196fbe5189273d7939879144a38775cb0c54994d737516781548948.7fad82ed7853c855103ecb1cfae1af96,382,539,228,336,154,203
257f555c79947ca94cbcf9a864b53f2ae26c371281972c300687dad3262fb2ee.8d6382563936ef37be36fb583a333d40,9485,21363,5264,14916,4221,6447
25be589140f73949124f08759ab5bb57b126396f1401e3bfbfdc5e5c056e0d03.25e35ca260d2ae765cfbe139277fe473,9425,17953,3147,7684,6278,10269
25c4692b0a781878087e909c34447673af41ed27fd8b768db7af84c65c5781b1.6ca0007c7a0a962813204ca167409ca4,1715,4230,1387,3612,328,618
261fc4a8cdce8f1f60f7a370f03808cc55bf556ae11bdf07cc6b251f6e6d17bc.1b065727c372030dc758926d426a6337,1605,3211,1198,2597,407,614
2622bd17d74848af5b176280475b0fb14d599beec8817c3d0f699cf66746eda2.6e96ca47d36b6ee12144e160253c1977,1221,2673,847,1940,374,733
2669b8183b767c0f766a62c5e39e8414befbaa628bd1201630242ede8ed8ef9d.2ef2acbf9dd6546ccc84d9b763a3aa6c,9823,25517,5529,16371,4294,9146
2695549294d72c462009ce710e2c42dbd361cf7ebe1c6c6a5095ded4020fbea9.13fe3f6dbdb286cbed701887f0a9f5c0,414,645,287,411,127,234
270e1de3780abc0bad96cd2700ffc85c6004ed013f88395209670c03b8c7aaca.6e6dd49d7c42e028c68f285e6b347707,193,345,2,1,191,344
272623934fdd7f7c0bd067da679d9b2d392868b59689a38e13728b1bd47a2488.09a29d3c2630dd3cf9cd4689b796e960,1327,2789,985,2136,342,653
27491c3745ab1f2e1150c24d46fbef1822b51a70234374d04bd709cbaaac1170.a5b65fde90c3bff65daad1851e6abb56,3426,9083,2376,6935,1050,2148
276fb0fb8920d7ecd5998e349999eb48cac23b332538fa4234b5be428609de7f.3c294c865dc1bcd3f7ff7e90fbaf96c1,1573,4182,1291,3642,282,540
27baeb54a0d5e1a51ac37b8f41c18179384d20f8d865d8fda779b12b0e26f939.8c4b6654247a6f1e5ddf41660547f710,2174,6228,1729,5331,445,897
27d73afd7f63fd1917e2ec2ea8a3f81ffe4405374944abe079f792b235cb7b45.ba5632ec708300a02fb10be625c7c812,1573,4182,1291,3642,282,540
27e7aeac6774a7d043ed6649c89f02cfb44541023b3d010502984618081f6570.7321694b149ee0dbd211c55405673102,1608,3182,1159,2422,449,760
27f0a1484ace19692681d3f938d161cdbb943edb2452674fb13599be71f9c665.099e59f7d1717c9c114bda3b8dc9cbb8,3782,10113,2856,8502,926,1611
281a86c525b6e4956df8e1274058d6e38667c944c33bc7736ef1e742ddb19c15.4c5ec0de924cdab4b10d2e3c05356d95,9770,18052,3791,8817,5979,9235
2825fde39ef682edb5792e08d84b1ad86d03c9203683a88bf9e3605891dcd0dd.3ad7bb91596d375b77992bca84ebddc1,1962,3852,1045,2102,917,1750
2836b7f65586697351e5bd2a0c6aa93ebd2b0482637bfb10463ec4b55bdae9b3.391aa2a9f2f659917c9f2bc2e0f0d1e0,1462,2682,1051,2087,411,595
285f064246f3738f49c9b4f0173512c85c87fae0cfe2f7917b55d1133a49c63a.4cdf080f621b45b9cb19df54c54db50a,1605,3211,1198,2597,407,614
28acec465a887e7fab0bf9ddcab79892634afabb69f764c2b5f3efd7c8453291.9ca3066de10a89a045ace68f348eb4a8,4730,5638,939,1983,3791,3655
28fb52951bf9cfca8ce26eb02e8970acc357b18e172785f0acc3d9cdd3f9a184.56563dfd00ed7e63ec427bab7c3da5b7,1508,3618,1146,2890,362,728
29873c679c4b023f2ae5335e3fc83b9f43b4647e9f9a7d8c9c6dd5a5baa80fc9.c3b64f9ce63c24b51259da37507ffecc,2069,5046,1648,4344,421,702
2a09c7416fe5ca92b577246ead3c8f00d8f31725d194bc90a6f9cc5fd6e6ad6e.0d93c012d3c49db2c8d7f8ce99bbbe3d,9137,17489,3341,8395,5796,9094
2a1582f742edeb2ba7d0a90c0bf4358643612a38544d13a297c2ea5f6b7d86ce.12e36fb830cddfc73be3620a30e5cd0e,1563,3412,1160,2670,403,742
2a2c35e7b326ca675ce1ad63e5fc5ba1c8350c15718527e61fe4e198c5293e7f.3b84aceb861f5caae20c1a0ca93193b4,4939,12670,2998,8539,1941,4131
2a5a644e4f41759d3b664415107924648260423933f51b70e1bec4061115741a.4b4d66f51912ebd864b8d38f111ee42d,1149,2683,927,2264,222,419
2a6191260385074db57bba5927cd5f84c54d88f661d95de6a49338112c988e7f.7c9267d7be29288118a94131c7af09fe,4547,10736,2815,7463,1732,3273
2a93eb58c737572dd375a36f8a5397140c815dcae05dc80dafaad4b3981a91b6.8da25097549aa7990ffbd9fca86be8db,1045,1862,770,1472,275,390
2acf63821c4e698d4d735228ea7fbe559819ae923e6ddb6ea86658ce8725208c.199c680152aeb29e82d4d315a786e862,3919,10281,2645,7313,1274,2968
2b2ff56bb4de92ad28cc7773c863d5ed3e12b0385f88023d83320ceef71b9f72.8bc4c7639d12395a53a4dd4f3bf4a714,10783,23104,4504,11202,6279,11902
2b5dfd6671cb2765e7232014a48fac75eabed63e52fa13e107baf6405e4b6fcc.6107fecf524b9a005ae70d35a4bda06e,5512,10818,3057,8304,2455,2514
2b9a34bafb8f75bdd70ff7e4739ee376d16c5c63a8393536bdd0dfd1f4fca994.17f16c7387494d6686b26cb165b6a459,1772,4262,1341,3381,431,881
2ba60ed14cf1e50a22bf1888c0ae76f0ed081dbd4c2b3f4a826fffabf85e2bab.af3898a8081ae4b2bccfbdea74ac5bf2,6166,16888,4013,12351,2153,4537
2bb5e30c62e2049ade758cf0375367b02732ce24b4c56bb234b4c4dba3760089.0d32308242b269ed1b4cc322d7eb88ec,1628,3491,1211,2776,417,715
